// MilkShape 3D ASCII

Frames: 30
Frame: 1

Meshes: 2
"black" 0 1
274
1 4.517171 -0.759404 -13.862626 0.000000 0.000000 -1
1 4.517172 -0.311427 -12.190751 0.000000 0.000000 -1
1 4.454670 3.584347 -13.862626 0.000000 0.000000 -1
1 7.267170 -0.759406 -13.862626 0.000000 0.000000 -1
1 7.267172 2.584346 -13.862626 0.000000 0.000000 -1
1 7.267172 -0.311429 -12.190751 0.000000 0.000000 -1
1 4.517171 -0.759404 -13.862626 0.000000 1.000000 -1
1 6.642172 -0.759405 -13.862626 0.000000 0.833333 -1
1 6.642172 -0.311427 -12.190751 0.083333 0.833333 -1
1 4.517172 -0.311427 -12.190751 0.083333 1.000000 -1
1 6.642173 -0.759406 -13.862626 0.000000 0.166667 -1
1 6.642172 -0.311427 -12.190751 0.083333 0.166667 -1
1 7.267172 -0.311429 -12.190751 0.083333 0.000000 -1
1 4.517169 0.912471 -10.966854 0.000000 0.000000 -1
1 7.267172 0.912471 -10.966854 0.000000 0.000000 -1
1 4.517169 0.912471 -10.966854 0.166667 1.000000 -1
1 6.642172 0.912470 -10.966854 0.166667 0.833333 -1
1 7.267172 0.912471 -10.966854 0.166667 0.000000 -1
1 6.642172 0.912470 -10.966854 0.166667 0.166667 -1
1 4.454670 3.584347 -10.518876 0.000000 0.000000 -1
1 7.267172 2.584346 -10.518876 0.000000 0.000000 -1
1 6.642170 2.584347 -10.518876 0.250000 0.833333 -1
1 4.454670 3.584347 -10.518876 0.250000 1.000000 -1
1 6.642172 2.584347 -10.518876 0.250000 0.166667 -1
1 7.267172 2.584346 -10.518876 0.250000 0.000000 -1
1 4.454670 5.256223 -10.966854 0.000000 0.000000 -1
1 7.267171 4.256223 -10.966854 0.000000 0.000000 -1
1 4.454670 5.256223 -10.966854 0.333333 1.000000 -1
1 6.642170 4.256224 -10.966854 0.333333 0.833333 -1
1 7.267171 4.256223 -10.966854 0.333333 0.000000 -1
1 6.642170 4.256225 -10.966854 0.333333 0.166667 -1
1 5.683835 5.480124 -12.190751 0.000000 0.000000 -1
1 8.433840 5.480124 -12.190751 0.000000 0.000000 -1
1 7.808837 5.480121 -12.190751 0.416667 0.833333 -1
1 5.683835 5.480124 -12.190751 0.416667 1.000000 -1
1 7.808837 5.480121 -12.190751 0.416667 0.166667 -1
1 8.433840 5.480124 -12.190751 0.416667 0.000000 -1
1 5.683838 5.928100 -13.862626 0.000000 0.000000 -1
1 8.433841 5.928098 -13.862626 0.000000 0.000000 -1
1 5.683838 5.928100 -13.862626 0.500000 1.000000 -1
1 7.808838 5.928099 -13.862626 0.500000 0.833333 -1
1 8.433841 5.928098 -13.862626 0.500000 0.000000 -1
1 7.808837 5.928098 -13.862626 0.500000 0.166667 -1
1 5.683835 5.480124 -15.534501 0.000000 0.000000 -1
1 8.433840 5.480124 -15.534501 0.000000 0.000000 -1
1 7.808837 5.480121 -15.534501 0.583333 0.833333 -1
1 5.683835 5.480124 -15.534501 0.583333 1.000000 -1
1 7.808837 5.480121 -15.534501 0.583333 0.166667 -1
1 8.433840 5.480124 -15.534501 0.583333 0.000000 -1
1 4.454670 5.256223 -16.758398 0.000000 0.000000 -1
1 7.267171 4.256223 -16.758398 0.000000 0.000000 -1
1 4.454670 5.256223 -16.758398 0.666667 1.000000 -1
1 6.642170 4.256224 -16.758398 0.666667 0.833333 -1
1 7.267171 4.256223 -16.758398 0.666667 0.000000 -1
1 6.642170 4.256225 -16.758398 0.666667 0.166667 -1
1 4.454670 3.584347 -17.206375 0.000000 0.000000 -1
1 7.267172 2.584346 -17.206375 0.000000 0.000000 -1
1 6.642170 2.584347 -17.206375 0.750000 0.833333 -1
1 4.454670 3.584347 -17.206375 0.750000 1.000000 -1
1 6.642172 2.584347 -17.206375 0.750000 0.166667 -1
1 7.267172 2.584346 -17.206375 0.750000 0.000000 -1
1 4.517169 0.912471 -16.758398 0.000000 0.000000 -1
1 7.267172 0.912471 -16.758398 0.000000 0.000000 -1
1 4.517169 0.912471 -16.758398 0.833333 1.000000 -1
1 6.642172 0.912470 -16.758398 0.833333 0.833333 -1
1 7.267172 0.912471 -16.758398 0.833333 0.000000 -1
1 6.642172 0.912470 -16.758398 0.833333 0.166667 -1
1 4.517172 -0.311427 -15.534501 0.000000 0.000000 -1
1 7.267172 -0.311429 -15.534501 0.000000 0.000000 -1
1 6.642172 -0.311427 -15.534501 0.916667 0.833333 -1
1 4.517172 -0.311427 -15.534501 0.916667 1.000000 -1
1 6.642172 -0.311427 -15.534501 0.916667 0.166667 -1
1 7.267172 -0.311429 -15.534501 0.916667 0.000000 -1
1 4.517171 -0.759404 -13.862626 1.000000 1.000000 -1
1 6.642172 -0.759405 -13.862626 1.000000 0.833333 -1
1 7.267170 -0.759406 -13.862626 1.000000 0.000000 -1
1 6.642173 -0.759406 -13.862626 1.000000 0.166667 -1
1 -4.517170 2.584347 -13.862626 0.000000 0.000000 -1
1 -4.517172 -0.311427 -12.190751 0.000000 0.000000 -1
1 -4.517171 -0.759404 -13.862626 0.000000 0.000000 -1
1 -7.267172 -0.311429 -12.190751 0.000000 0.000000 -1
1 -7.267172 2.584346 -13.862626 0.000000 0.000000 -1
1 -7.267170 -0.759406 -13.862626 0.000000 0.000000 -1
1 -6.642172 -0.311427 -12.190751 0.083333 0.833333 -1
1 -6.642172 -0.759405 -13.862626 0.000000 0.833333 -1
1 -4.517171 -0.759404 -13.862626 0.000000 1.000000 -1
1 -4.517172 -0.311427 -12.190751 0.083333 1.000000 -1
1 -6.642172 -0.311427 -12.190751 0.083333 0.166667 -1
1 -6.642173 -0.759406 -13.862626 0.000000 0.166667 -1
1 -7.267172 -0.311429 -12.190751 0.083333 0.000000 -1
1 -4.517169 0.912471 -10.966854 0.000000 0.000000 -1
1 -7.267172 0.912471 -10.966854 0.000000 0.000000 -1
1 -4.517169 0.912471 -10.966854 0.166667 1.000000 -1
1 -6.642172 0.912470 -10.966854 0.166667 0.833333 -1
1 -7.267172 0.912471 -10.966854 0.166667 0.000000 -1
1 -6.642172 0.912470 -10.966854 0.166667 0.166667 -1
1 -4.517170 2.584347 -10.518876 0.000000 0.000000 -1
1 -7.267172 2.584346 -10.518876 0.000000 0.000000 -1
1 -6.642170 2.584347 -10.518876 0.250000 0.833333 -1
1 -4.517170 2.584347 -10.518876 0.250000 1.000000 -1
1 -6.642172 2.584347 -10.518876 0.250000 0.166667 -1
1 -7.267172 2.584346 -10.518876 0.250000 0.000000 -1
1 -4.517170 4.256223 -10.966854 0.000000 0.000000 -1
1 -7.267171 4.256223 -10.966854 0.000000 0.000000 -1
1 -4.517170 4.256223 -10.966854 0.333333 1.000000 -1
1 -6.642170 4.256224 -10.966854 0.333333 0.833333 -1
1 -7.267171 4.256223 -10.966854 0.333333 0.000000 -1
1 -6.642170 4.256225 -10.966854 0.333333 0.166667 -1
1 -4.517168 5.480124 -12.190751 0.000000 0.000000 -1
1 -7.267173 5.480124 -12.190751 0.000000 0.000000 -1
1 -6.642170 5.480121 -12.190751 0.416667 0.833333 -1
1 -4.517168 5.480124 -12.190751 0.416667 1.000000 -1
1 -6.642170 5.480121 -12.190751 0.416667 0.166667 -1
1 -7.267173 5.480124 -12.190751 0.416667 0.000000 -1
1 -4.517171 5.928100 -13.862626 0.000000 0.000000 -1
1 -7.267174 5.928098 -13.862626 0.000000 0.000000 -1
1 -4.517171 5.928100 -13.862626 0.500000 1.000000 -1
1 -6.642171 5.928099 -13.862626 0.500000 0.833333 -1
1 -7.267174 5.928098 -13.862626 0.500000 0.000000 -1
1 -6.642170 5.928098 -13.862626 0.500000 0.166667 -1
1 -4.517168 5.480124 -15.534501 0.000000 0.000000 -1
1 -7.267173 5.480124 -15.534501 0.000000 0.000000 -1
1 -6.642170 5.480121 -15.534501 0.583333 0.833333 -1
1 -4.517168 5.480124 -15.534501 0.583333 1.000000 -1
1 -6.642170 5.480121 -15.534501 0.583333 0.166667 -1
1 -7.267173 5.480124 -15.534501 0.583333 0.000000 -1
1 -4.517170 4.256223 -16.758398 0.000000 0.000000 -1
1 -7.267171 4.256223 -16.758398 0.000000 0.000000 -1
1 -4.517170 4.256223 -16.758398 0.666667 1.000000 -1
1 -6.642170 4.256224 -16.758398 0.666667 0.833333 -1
1 -7.267171 4.256223 -16.758398 0.666667 0.000000 -1
1 -6.642170 4.256225 -16.758398 0.666667 0.166667 -1
1 -4.517170 2.584347 -17.206375 0.000000 0.000000 -1
1 -7.267172 2.584346 -17.206375 0.000000 0.000000 -1
1 -6.642170 2.584347 -17.206375 0.750000 0.833333 -1
1 -4.517170 2.584347 -17.206375 0.750000 1.000000 -1
1 -6.642172 2.584347 -17.206375 0.750000 0.166667 -1
1 -7.267172 2.584346 -17.206375 0.750000 0.000000 -1
1 -4.517169 0.912471 -16.758398 0.000000 0.000000 -1
1 -7.267172 0.912471 -16.758398 0.000000 0.000000 -1
1 -4.517169 0.912471 -16.758398 0.833333 1.000000 -1
1 -6.642172 0.912470 -16.758398 0.833333 0.833333 -1
1 -7.267172 0.912471 -16.758398 0.833333 0.000000 -1
1 -6.642172 0.912470 -16.758398 0.833333 0.166667 -1
1 -4.517172 -0.311427 -15.534501 0.000000 0.000000 -1
1 -7.267172 -0.311429 -15.534501 0.000000 0.000000 -1
1 -6.642172 -0.311427 -15.534501 0.916667 0.833333 -1
1 -4.517172 -0.311427 -15.534501 0.916667 1.000000 -1
1 -6.642172 -0.311427 -15.534501 0.916667 0.166667 -1
1 -7.267172 -0.311429 -15.534501 0.916667 0.000000 -1
1 -4.517171 -0.759404 -13.862626 1.000000 1.000000 -1
1 -6.642172 -0.759405 -13.862626 1.000000 0.833333 -1
1 -7.267170 -0.759406 -13.862626 1.000000 0.000000 -1
1 -6.642173 -0.759406 -13.862626 1.000000 0.166667 -1
1 -0.727273 0.547364 23.295610 0.000000 0.000000 -1
1 -0.727273 0.153521 23.951086 0.000000 0.000000 -1
1 -0.727273 1.573566 24.358274 0.000000 0.000000 -1
1 0.727273 0.547364 23.295610 0.000000 0.000000 -1
1 0.727273 1.573566 24.358274 0.000000 0.000000 -1
1 0.727273 0.153522 23.951086 0.000000 0.000000 -1
1 -0.727273 0.547364 23.295610 0.000000 1.000000 -1
1 -0.484849 0.547364 23.295610 0.000000 0.833333 -1
1 -0.484849 0.153522 23.951086 0.083333 0.833333 -1
1 -0.727273 0.153521 23.951086 0.083333 1.000000 -1
1 -0.242424 0.547364 23.295610 0.000000 0.666667 -1
1 -0.242424 0.153521 23.951086 0.083333 0.666667 -1
1 0.000000 0.547364 23.295610 0.000000 0.500000 -1
1 0.000000 0.153521 23.951086 0.083333 0.500000 -1
1 0.242424 0.547364 23.295610 0.000000 0.333333 -1
1 0.242425 0.153522 23.951086 0.083333 0.333333 -1
1 0.484849 0.547364 23.295610 0.000000 0.166667 -1
1 0.484849 0.153522 23.951086 0.083333 0.166667 -1
1 0.727273 0.153522 23.951086 0.083333 0.000000 -1
1 -0.727273 0.140176 24.715658 0.000000 0.000000 -1
1 0.727273 0.140176 24.715658 0.000000 0.000000 -1
1 -0.727273 0.140176 24.715658 0.166667 1.000000 -1
1 -0.484849 0.140176 24.715658 0.166667 0.833333 -1
1 -0.242424 0.140176 24.715658 0.166667 0.666667 -1
1 -0.000000 0.140176 24.715658 0.166667 0.500000 -1
1 0.242424 0.140176 24.715658 0.166667 0.333333 -1
1 0.484849 0.140176 24.715658 0.166667 0.166667 -1
1 0.727273 0.140176 24.715658 0.166667 0.000000 -1
1 -0.727273 0.510901 25.384481 0.000000 0.000000 -1
1 0.727273 0.510901 25.384481 0.000000 0.000000 -1
1 -0.484849 0.510901 25.384481 0.250000 0.833333 -1
1 -0.727273 0.510901 25.384481 0.250000 1.000000 -1
1 -0.242424 0.510901 25.384481 0.250000 0.666667 -1
1 0.000000 0.510901 25.384481 0.250000 0.500000 -1
1 0.242424 0.510901 25.384481 0.250000 0.333333 -1
1 0.484849 0.510901 25.384481 0.250000 0.166667 -1
1 0.727273 0.510901 25.384481 0.250000 0.000000 -1
1 -0.727273 1.166381 25.778311 0.000000 0.000000 -1
1 0.727273 1.166381 25.778311 0.000000 0.000000 -1
1 -0.727273 1.166381 25.778311 0.333333 1.000000 -1
1 -0.484849 1.166382 25.778311 0.333333 0.833333 -1
1 -0.242424 1.166381 25.778311 0.333333 0.666667 -1
1 -0.000000 1.166381 25.778311 0.333333 0.500000 -1
1 0.242424 1.166382 25.778311 0.333333 0.333333 -1
1 0.484849 1.166382 25.778311 0.333333 0.166667 -1
1 0.727273 1.166381 25.778311 0.333333 0.000000 -1
1 -0.727273 1.930953 25.791655 0.000000 0.000000 -1
1 0.727273 1.930953 25.791655 0.000000 0.000000 -1
1 -0.484849 1.930952 25.791655 0.416667 0.833333 -1
1 -0.727273 1.930953 25.791655 0.416667 1.000000 -1
1 -0.242425 1.930953 25.791655 0.416667 0.666667 -1
1 -0.000000 1.930953 25.791655 0.416667 0.500000 -1
1 0.242424 1.930953 25.791655 0.416667 0.333333 -1
1 0.484849 1.930953 25.791655 0.416667 0.166667 -1
1 0.727273 1.930953 25.791655 0.416667 0.000000 -1
1 -0.727273 2.599767 25.420935 0.000000 0.000000 -1
1 0.727273 2.599767 25.420935 0.000000 0.000000 -1
1 -0.727273 2.599767 25.420935 0.500000 1.000000 -1
1 -0.484849 2.599767 25.420935 0.500000 0.833333 -1
1 -0.242425 2.599767 25.420935 0.500000 0.666667 -1
1 0.000000 2.599767 25.420935 0.500000 0.500000 -1
1 0.242424 2.599767 25.420935 0.500000 0.333333 -1
1 0.484849 2.599767 25.420935 0.500000 0.166667 -1
1 0.727273 2.599767 25.420935 0.500000 0.000000 -1
1 -0.727273 2.993611 24.765467 0.000000 0.000000 -1
1 0.727273 2.993609 24.765471 0.000000 0.000000 -1
1 -0.484849 2.993610 24.765467 0.583333 0.833333 -1
1 -0.727273 2.993611 24.765467 0.583333 1.000000 -1
1 -0.242425 2.993611 24.765467 0.583333 0.666667 -1
1 -0.000000 2.993611 24.765467 0.583333 0.500000 -1
1 0.242424 2.993611 24.765467 0.583333 0.333333 -1
1 0.484849 2.993611 24.765467 0.583333 0.166667 -1
1 0.727273 2.993609 24.765471 0.583333 0.000000 -1
1 -0.727273 3.006957 24.000891 0.000000 0.000000 -1
1 0.727273 3.006957 24.000891 0.000000 0.000000 -1
1 -0.727273 3.006957 24.000891 0.666667 1.000000 -1
1 -0.484849 3.006957 24.000891 0.666667 0.833333 -1
1 -0.242424 3.006957 24.000891 0.666667 0.666667 -1
1 -0.000000 3.006957 24.000891 0.666667 0.500000 -1
1 0.242424 3.006957 24.000891 0.666667 0.333333 -1
1 0.484849 3.006957 24.000891 0.666667 0.166667 -1
1 0.727273 3.006957 24.000891 0.666667 0.000000 -1
1 -0.727273 2.636228 23.332079 0.000000 0.000000 -1
1 0.727273 2.636229 23.332079 0.000000 0.000000 -1
1 -0.484849 2.636229 23.332079 0.750000 0.833333 -1
1 -0.727273 2.636228 23.332079 0.750000 1.000000 -1
1 -0.242424 2.636229 23.332079 0.750000 0.666667 -1
1 0.000000 2.636229 23.332079 0.750000 0.500000 -1
1 0.242424 2.636229 23.332079 0.750000 0.333333 -1
1 0.484849 2.636229 23.332079 0.750000 0.166667 -1
1 0.727273 2.636229 23.332079 0.750000 0.000000 -1
1 -0.727273 1.980759 22.938219 0.000000 0.000000 -1
1 0.727273 1.980759 22.938219 0.000000 0.000000 -1
1 -0.727273 1.980759 22.938219 0.833333 1.000000 -1
1 -0.484849 1.980759 22.938219 0.833333 0.833333 -1
1 -0.242424 1.980759 22.938219 0.833333 0.666667 -1
1 -0.000000 1.980758 22.938219 0.833333 0.500000 -1
1 0.242424 1.980759 22.938219 0.833333 0.333333 -1
1 0.484849 1.980759 22.938219 0.833333 0.166667 -1
1 0.727273 1.980759 22.938219 0.833333 0.000000 -1
1 -0.727273 1.216177 22.924883 0.000000 0.000000 -1
1 0.727273 1.216177 22.924883 0.000000 0.000000 -1
1 -0.484849 1.216177 22.924883 0.916667 0.833333 -1
1 -0.727273 1.216177 22.924883 0.916667 1.000000 -1
1 -0.242424 1.216177 22.924883 0.916667 0.666667 -1
1 0.000000 1.216177 22.924883 0.916667 0.500000 -1
1 0.242425 1.216177 22.924883 0.916667 0.333333 -1
1 0.484849 1.216177 22.924883 0.916667 0.166667 -1
1 0.727273 1.216177 22.924883 0.916667 0.000000 -1
1 -0.727273 0.547364 23.295610 1.000000 1.000000 -1
1 -0.484849 0.547364 23.295610 1.000000 0.833333 -1
1 -0.242424 0.547364 23.295610 1.000000 0.666667 -1
1 0.000000 0.547364 23.295610 1.000000 0.500000 -1
1 0.242424 0.547364 23.295610 1.000000 0.333333 -1
1 0.484849 0.547364 23.295610 1.000000 0.166667 -1
1 0.727273 0.547364 23.295610 1.000000 0.000000 -1
1 6.467677 4.914866 9.240826 0.000000 0.000000 -1
1 6.467677 4.914866 5.074159 0.000000 1.000000 -1
1 7.548485 4.914866 9.240826 1.000000 0.000000 -1
1 7.548485 4.914866 5.074159 1.000000 1.000000 -1
266
-0.999897 -0.014387 -0.000000
-0.999890 -0.012806 0.007539
-0.978778 0.204923 0.000000
1.000000 -0.000001 0.000000
0.989930 -0.141558 0.000000
1.000000 -0.000000 -0.000000
0.000000 -0.965926 0.258819
-0.000000 -0.965926 0.258819
-0.000000 -0.866025 0.500000
0.000000 -0.866025 0.500000
0.000000 -0.965926 0.258820
-0.000001 -0.965926 0.258819
-0.000001 -0.866025 0.500000
-0.000003 -0.866025 0.500000
-0.999834 -0.017306 0.005612
1.000000 0.000000 0.000000
-0.019864 -0.479794 0.877156
-0.000000 -0.500000 0.866025
-0.000000 -0.500000 0.866025
0.000001 -0.500000 0.866025
-0.999932 -0.011693 0.000000
1.000000 0.000000 0.000000
0.041023 0.022890 0.998896
0.021253 0.046491 0.998693
0.000000 -0.000000 1.000000
-0.000000 -0.000000 1.000000
-0.879853 0.411575 -0.237623
0.953958 -0.259756 0.149971
0.136291 0.572985 0.808154
0.188303 0.411914 0.891554
0.000000 0.500000 0.866026
0.000002 0.499999 0.866026
-0.759785 0.630966 -0.156872
0.901088 -0.421603 0.101442
0.066804 0.916610 0.394161
0.000001 0.975598 0.219566
-0.000001 0.866026 0.500000
-0.000004 0.866026 0.499999
-0.885600 0.464448 0.000000
0.944179 -0.329434 0.000000
0.000001 1.000000 0.000000
0.000000 1.000000 0.000000
-0.000002 1.000000 0.000000
0.000000 1.000000 0.000000
-0.759785 0.630966 0.156872
0.901088 -0.421603 -0.101442
0.066804 0.916610 -0.394161
0.000001 0.975598 -0.219566
-0.000001 0.866026 -0.500000
-0.000004 0.866026 -0.499999
-0.879853 0.411575 0.237623
0.953958 -0.259756 -0.149971
0.136291 0.572985 -0.808154
0.188303 0.411913 -0.891554
0.000000 0.500000 -0.866026
0.000002 0.499999 -0.866026
-0.999932 -0.011693 0.000000
0.041023 0.022890 -0.998896
0.021253 0.046491 -0.998693
0.000000 -0.000000 -1.000000
-0.000000 -0.000000 -1.000000
-0.999834 -0.017306 -0.005612
-0.019864 -0.479794 -0.877156
-0.000000 -0.500000 -0.866026
-0.000000 -0.500000 -0.866026
0.000001 -0.500000 -0.866025
-0.999890 -0.012806 -0.007539
1.000000 -0.000000 0.000000
-0.000000 -0.866025 -0.500000
0.000000 -0.866025 -0.500000
-0.000001 -0.866025 -0.500000
-0.000003 -0.866025 -0.500000
0.000000 -0.965926 -0.258819
-0.000000 -0.965926 -0.258819
-0.000001 -0.965926 -0.258819
0.000000 -0.965926 -0.258820
1.000000 -0.000000 0.000000
1.000000 -0.000001 -0.000000
1.000000 -0.000000 0.000000
-1.000000 -0.000000 -0.000000
-1.000000 -0.000000 0.000000
-1.000000 -0.000001 0.000000
0.000000 -0.866025 0.500000
0.000000 -0.965926 0.258819
-0.000000 -0.965926 0.258819
-0.000000 -0.866025 0.500000
0.000001 -0.866025 0.500000
0.000001 -0.965926 0.258819
-0.000000 -0.965926 0.258820
0.000003 -0.866025 0.500000
1.000000 -0.000000 -0.000001
-1.000000 0.000000 0.000000
0.000000 -0.500000 0.866025
0.000000 -0.500000 0.866025
0.000000 -0.500000 0.866025
-0.000001 -0.500000 0.866025
1.000000 0.000000 0.000000
-1.000000 0.000000 0.000000
0.000000 -0.000000 1.000000
0.000000 -0.000000 1.000000
-0.000000 -0.000000 1.000000
0.000000 -0.000000 1.000000
1.000000 -0.000000 0.000000
-1.000000 -0.000000 0.000000
-0.000000 0.500000 0.866026
0.000000 0.500000 0.866025
-0.000000 0.500000 0.866026
-0.000002 0.500000 0.866025
1.000000 -0.000000 -0.000001
-1.000000 -0.000001 0.000001
-0.000001 0.866025 0.500000
-0.000001 0.866025 0.500000
0.000001 0.866026 0.500000
0.000004 0.866026 0.500000
1.000000 0.000000 0.000000
-1.000000 -0.000001 0.000000
-0.000001 1.000000 0.000000
-0.000000 1.000000 0.000000
0.000002 1.000000 0.000000
1.000000 -0.000000 0.000001
-1.000000 -0.000001 -0.000001
-0.000001 0.866025 -0.500000
-0.000001 0.866025 -0.500000
0.000001 0.866026 -0.500000
0.000004 0.866026 -0.500000
1.000000 -0.000000 -0.000000
-1.000000 -0.000000 -0.000000
-0.000000 0.499999 -0.866026
0.000000 0.500000 -0.866026
-0.000000 0.499999 -0.866026
-0.000002 0.500000 -0.866025
0.000000 -0.000000 -1.000000
0.000000 -0.000000 -1.000000
-0.000000 -0.000000 -1.000000
0.000000 -0.000000 -1.000000
1.000000 -0.000000 0.000001
0.000000 -0.500000 -0.866026
0.000000 -0.500000 -0.866026
0.000000 -0.500000 -0.866026
-0.000001 -0.500000 -0.866025
1.000000 -0.000001 0.000000
-1.000000 -0.000000 0.000000
0.000000 -0.866025 -0.500000
-0.000000 -0.866025 -0.500000
0.000001 -0.866025 -0.500000
0.000003 -0.866025 -0.500000
-0.000000 -0.965926 -0.258819
0.000000 -0.965926 -0.258819
0.000001 -0.965926 -0.258819
-0.000000 -0.965926 -0.258820
-1.000000 -0.000000 -0.000000
-1.000000 -0.000000 0.000000
-1.000000 0.000000 0.000000
1.000000 0.000000 0.000000
1.000000 -0.000000 -0.000000
1.000000 -0.000000 0.000000
0.000001 -0.857171 -0.515031
0.000001 -0.857171 -0.515032
-0.000000 -0.961263 -0.275634
0.000001 -0.961263 -0.275633
-0.000001 -0.857171 -0.515032
-0.000001 -0.961263 -0.275634
-0.000001 -0.857171 -0.515032
0.000000 -0.961263 -0.275634
0.000001 -0.857171 -0.515031
0.000001 -0.961263 -0.275633
0.000001 -0.857171 -0.515032
0.000000 -0.961263 -0.275634
0.000000 -0.857171 -0.515032
0.000000 -0.961263 -0.275633
-1.000000 -0.000000 0.000000
1.000000 -0.000000 0.000000
0.000000 -0.970297 0.241917
-0.000000 -0.970297 0.241917
-0.000000 -0.970297 0.241917
-0.000000 -0.970297 0.241917
0.000000 -0.970297 0.241917
0.000000 -0.970297 0.241917
0.000001 -0.970297 0.241917
-1.000000 -0.000000 -0.000000
1.000000 0.000000 0.000000
0.000000 -0.719335 0.694664
0.000001 -0.719335 0.694664
0.000000 -0.719335 0.694664
0.000000 -0.719335 0.694664
0.000000 -0.719335 0.694664
-0.000000 -0.719335 0.694664
0.000000 -0.719335 0.694664
-1.000000 0.000000 0.000000
1.000000 -0.000000 0.000000
0.000001 -0.275624 0.961266
0.000000 -0.275624 0.961266
-0.000000 -0.275624 0.961266
0.000000 -0.275624 0.961266
0.000000 -0.275624 0.961266
-0.000000 -0.275624 0.961266
-0.000000 -0.275624 0.961266
-1.000000 -0.000000 0.000000
1.000000 -0.000000 -0.000000
-0.000000 0.241917 0.970297
0.000000 0.241918 0.970297
-0.000000 0.241917 0.970297
0.000000 0.241918 0.970297
0.000000 0.241918 0.970297
-0.000000 0.241918 0.970297
-0.000000 0.241918 0.970297
-1.000000 -0.000000 0.000000
1.000000 0.000000 -0.000000
0.000001 0.694655 0.719343
-0.000001 0.694655 0.719343
-0.000001 0.694654 0.719344
0.000001 0.694654 0.719344
0.000000 0.694654 0.719344
-0.000001 0.694654 0.719344
-0.000001 0.694655 0.719344
-1.000000 0.000000 -0.000000
1.000000 -0.000000 -0.000000
-0.000000 0.961262 0.275637
0.000004 0.961262 0.275637
-0.000002 0.961262 0.275637
0.000000 0.961262 0.275637
0.000000 0.961262 0.275637
0.000001 0.961262 0.275638
0.000005 0.961261 0.275638
-1.000000 0.000000 0.000000
1.000000 0.000000 -0.000000
0.000000 0.970296 -0.241922
0.000000 0.970296 -0.241921
-0.000001 0.970296 -0.241922
0.000000 0.970296 -0.241922
0.000000 0.970296 -0.241922
0.000002 0.970296 -0.241921
-1.000000 -0.000000 -0.000000
1.000000 0.000000 0.000000
-0.000001 0.719345 -0.694653
-0.000003 0.719345 -0.694653
0.000000 0.719345 -0.694653
0.000000 0.719345 -0.694653
-0.000000 0.719345 -0.694653
0.000000 0.719345 -0.694653
-1.000000 0.000000 -0.000000
1.000000 0.000000 -0.000000
-0.000001 0.275639 -0.961261
0.000000 0.275639 -0.961261
0.000000 0.275639 -0.961261
0.000000 0.275639 -0.961261
-0.000000 0.275639 -0.961261
-0.000000 0.275639 -0.961261
-0.000000 0.275639 -0.961261
-1.000000 0.000000 -0.000000
1.000000 0.000000 -0.000000
0.000000 -0.241927 -0.970294
0.000000 -0.241927 -0.970294
-0.000000 -0.241927 -0.970294
-0.000000 -0.241927 -0.970294
0.000000 -0.241927 -0.970294
0.000000 -0.241927 -0.970294
0.000000 -0.241927 -0.970294
0.000000 -0.484808 -0.874621
0.000000 -0.484808 -0.874621
-0.000000 -0.484808 -0.874621
-0.000000 -0.484808 -0.874621
0.000000 -0.484808 -0.874621
0.000000 -0.484808 -0.874621
0.000000 -0.484808 -0.874621
0.000000 -1.000000 0.000000
314
1 0 1 2 0 1 2 2
1 3 4 5 3 4 5 2
1 6 7 8 6 7 8 1
1 6 8 9 6 8 9 1
1 10 3 11 10 11 12 1
1 3 12 11 11 13 12 1
1 1 13 2 1 14 2 2
1 5 4 14 5 4 15 2
1 9 8 15 9 8 16 1
1 8 16 15 8 17 16 1
1 11 12 17 12 13 18 1
1 11 17 18 12 18 19 1
1 13 19 2 14 20 2 2
1 14 4 20 15 4 21 2
1 15 16 21 16 17 22 1
1 15 21 22 16 22 23 1
1 18 17 23 19 18 24 1
1 17 24 23 18 25 24 1
1 19 25 2 20 26 2 2
1 20 4 26 21 4 27 2
1 22 21 27 23 22 28 1
1 21 28 27 22 29 28 1
1 23 24 29 24 25 30 1
1 23 29 30 24 30 31 1
1 25 31 2 26 32 2 2
1 26 4 32 27 4 33 2
1 27 28 33 28 29 34 1
1 27 33 34 28 34 35 1
1 30 29 35 31 30 36 1
1 29 36 35 30 37 36 1
1 31 37 2 32 38 2 2
1 32 4 38 33 4 39 2
1 34 33 39 35 34 40 1
1 33 40 39 34 41 40 1
1 35 36 41 36 37 42 1
1 35 41 42 36 42 43 1
1 37 43 2 38 44 2 2
1 38 4 44 39 4 45 2
1 39 40 45 40 41 46 1
1 39 45 46 40 46 47 1
1 42 41 47 43 42 48 1
1 41 48 47 42 49 48 1
1 43 49 2 44 50 2 2
1 44 4 50 45 4 51 2
1 46 45 51 47 46 52 1
1 45 52 51 46 53 52 1
1 47 48 53 48 49 54 1
1 47 53 54 48 54 55 1
1 49 55 2 50 56 2 2
1 50 4 56 51 4 21 2
1 51 52 57 52 53 57 1
1 51 57 58 52 57 58 1
1 54 53 59 55 54 59 1
1 53 60 59 54 60 59 1
1 55 61 2 56 61 2 2
1 56 4 62 21 4 15 2
1 58 57 63 58 57 62 1
1 57 64 63 57 63 62 1
1 59 60 65 59 60 64 1
1 59 65 66 59 64 65 1
1 61 67 2 61 66 2 2
1 62 4 68 15 4 67 2
1 63 64 69 62 63 68 1
1 63 69 70 62 68 69 1
1 66 65 71 65 64 70 1
1 65 72 71 64 71 70 1
1 67 0 2 66 0 2 2
1 68 4 3 67 4 3 2
1 70 69 73 69 68 72 1
1 69 74 73 68 73 72 1
1 71 72 75 70 71 74 1
1 71 75 76 70 74 75 1
1 77 78 79 76 77 78 2
1 80 81 82 79 80 81 2
1 83 84 85 82 83 84 1
1 86 83 85 85 82 84 1
1 87 82 88 86 87 88 1
1 87 89 82 86 89 87 1
1 77 90 78 76 90 77 2
1 91 81 80 91 80 79 2
1 92 83 86 92 82 85 1
1 92 93 83 92 93 82 1
1 94 89 87 94 89 86 1
1 95 94 87 95 94 86 1
1 77 96 90 76 96 90 2
1 97 81 91 97 80 91 2
1 98 93 92 98 93 92 1
1 99 98 92 99 98 92 1
1 100 94 95 100 94 95 1
1 100 101 94 100 101 94 1
1 77 102 96 76 102 96 2
1 103 81 97 103 80 97 2
1 104 98 99 104 98 99 1
1 104 105 98 104 105 98 1
1 106 101 100 106 101 100 1
1 107 106 100 107 106 100 1
1 77 108 102 76 108 102 2
1 109 81 103 109 80 103 2
1 110 105 104 110 105 104 1
1 111 110 104 111 110 104 1
1 112 106 107 112 106 107 1
1 112 113 106 112 113 106 1
1 77 114 108 76 114 108 2
1 115 81 109 115 80 109 2
1 116 110 111 116 110 111 1
1 116 117 110 116 117 110 1
1 118 113 112 118 113 112 1
1 119 118 112 43 118 112 1
1 77 120 114 76 119 114 2
1 121 81 115 120 80 115 2
1 122 117 116 121 117 116 1
1 123 122 116 122 121 116 1
1 124 118 119 123 118 43 1
1 124 125 118 123 124 118 1
1 77 126 120 76 125 119 2
1 127 81 121 126 80 120 2
1 128 122 123 127 121 122 1
1 128 129 122 127 128 121 1
1 130 125 124 129 124 123 1
1 131 130 124 130 129 123 1
1 77 132 126 76 96 125 2
1 133 81 127 97 80 126 2
1 134 129 128 131 128 127 1
1 135 134 128 132 131 127 1
1 136 130 131 133 129 130 1
1 136 137 130 133 134 129 1
1 77 138 132 76 135 96 2
1 139 81 133 91 80 97 2
1 140 134 135 136 131 132 1
1 140 141 134 136 137 131 1
1 142 137 136 138 134 133 1
1 143 142 136 139 138 133 1
1 77 144 138 76 140 135 2
1 145 81 139 141 80 91 2
1 146 141 140 142 137 136 1
1 147 146 140 143 142 136 1
1 148 142 143 144 138 139 1
1 148 149 142 144 145 138 1
1 77 79 144 76 78 140 2
1 82 81 145 81 80 141 2
1 150 146 147 146 142 143 1
1 150 151 146 146 147 142 1
1 152 149 148 148 145 144 1
1 153 152 148 149 148 144 1
1 154 155 156 150 151 152 2
1 157 158 159 153 154 155 2
1 160 161 162 156 157 158 1
1 160 162 163 156 158 159 1
1 161 164 162 157 160 158 1
1 164 165 162 160 161 158 1
1 164 166 167 160 162 163 1
1 164 167 165 160 163 161 1
1 166 168 167 162 164 163 1
1 168 169 167 164 165 163 1
1 168 170 171 164 166 167 1
1 168 171 169 164 167 165 1
1 170 157 171 166 168 167 1
1 157 172 171 168 169 167 1
1 155 173 156 151 170 152 2
1 159 158 174 155 154 171 2
1 163 162 175 159 158 172 1
1 162 176 175 158 173 172 1
1 162 165 177 158 161 174 1
1 162 177 176 158 174 173 1
1 165 167 177 161 163 174 1
1 167 178 177 163 175 174 1
1 167 169 179 163 165 176 1
1 167 179 178 163 176 175 1
1 169 171 179 165 167 176 1
1 171 180 179 167 177 176 1
1 171 172 181 167 169 178 1
1 171 181 180 167 178 177 1
1 173 182 156 170 179 152 2
1 174 158 183 171 154 180 2
1 175 176 184 172 173 181 1
1 175 184 185 172 181 182 1
1 176 177 184 173 174 181 1
1 177 186 184 174 183 181 1
1 177 178 187 174 175 184 1
1 177 187 186 174 184 183 1
1 178 179 187 175 176 184 1
1 179 188 187 176 185 184 1
1 179 180 189 176 177 186 1
1 179 189 188 176 186 185 1
1 180 181 189 177 178 186 1
1 181 190 189 178 187 186 1
1 182 191 156 179 188 152 2
1 183 158 192 180 154 189 2
1 185 184 193 182 181 190 1
1 184 194 193 181 191 190 1
1 184 186 195 181 183 192 1
1 184 195 194 181 192 191 1
1 186 187 195 183 184 192 1
1 187 196 195 184 193 192 1
1 187 188 197 184 185 194 1
1 187 197 196 184 194 193 1
1 188 189 197 185 186 194 1
1 189 198 197 186 195 194 1
1 189 190 199 186 187 196 1
1 189 199 198 186 196 195 1
1 191 200 156 188 197 152 2
1 192 158 201 189 154 198 2
1 193 194 202 190 191 199 1
1 193 202 203 190 199 200 1
1 194 195 202 191 192 199 1
1 195 204 202 192 201 199 1
1 195 196 205 192 193 202 1
1 195 205 204 192 202 201 1
1 196 197 205 193 194 202 1
1 197 206 205 194 203 202 1
1 197 198 207 194 195 204 1
1 197 207 206 194 204 203 1
1 198 199 207 195 196 204 1
1 199 208 207 196 205 204 1
1 200 209 156 197 206 152 2
1 201 158 210 198 154 207 2
1 203 202 211 200 199 208 1
1 202 212 211 199 209 208 1
1 202 204 213 199 201 210 1
1 202 213 212 199 210 209 1
1 204 205 213 201 202 210 1
1 205 214 213 202 211 210 1
1 205 206 215 202 203 212 1
1 205 215 214 202 212 211 1
1 206 207 215 203 204 212 1
1 207 216 215 204 213 212 1
1 207 208 217 204 205 214 1
1 207 217 216 204 214 213 1
1 209 218 156 206 215 152 2
1 210 158 219 207 154 216 2
1 211 212 220 208 209 217 1
1 211 220 221 208 217 218 1
1 212 213 220 209 210 217 1
1 213 222 220 210 219 217 1
1 213 214 223 210 211 220 1
1 213 223 222 210 220 219 1
1 214 215 223 211 212 220 1
1 215 224 223 212 221 220 1
1 215 216 225 212 213 222 1
1 215 225 224 212 222 221 1
1 216 217 225 213 214 222 1
1 217 226 225 214 223 222 1
1 218 227 156 215 224 152 2
1 219 158 228 216 154 225 2
1 221 220 229 218 217 226 1
1 220 230 229 217 227 226 1
1 220 222 231 217 219 228 1
1 220 231 230 217 228 227 1
1 222 223 231 219 220 228 1
1 223 232 231 220 229 228 1
1 223 224 233 220 221 230 1
1 223 233 232 220 230 229 1
1 224 225 233 221 222 230 1
1 225 234 233 222 229 230 1
1 225 226 235 222 223 231 1
1 225 235 234 222 231 229 1
1 227 236 156 224 232 152 2
1 228 158 237 225 154 233 2
1 229 230 238 226 227 234 1
1 229 238 239 226 234 235 1
1 230 231 238 227 228 234 1
1 231 240 238 228 236 234 1
1 231 232 241 228 229 237 1
1 231 241 240 228 237 236 1
1 232 233 241 229 230 237 1
1 233 242 241 230 236 237 1
1 233 234 243 230 229 238 1
1 233 243 242 230 238 236 1
1 234 235 243 229 231 238 1
1 235 244 243 231 239 238 1
1 236 245 156 232 240 152 2
1 237 158 246 233 154 241 2
1 239 238 247 235 234 242 1
1 238 248 247 234 243 242 1
1 238 240 249 234 236 244 1
1 238 249 248 234 244 243 1
1 240 241 249 236 237 244 1
1 241 250 249 237 245 244 1
1 241 242 251 237 236 246 1
1 241 251 250 237 246 245 1
1 242 243 251 236 238 246 1
1 243 252 251 238 247 246 1
1 243 244 253 238 239 248 1
1 243 253 252 238 248 247 1
1 245 254 156 240 249 152 2
1 246 158 255 241 154 250 2
1 247 248 256 242 243 251 1
1 247 256 257 242 251 252 1
1 248 249 256 243 244 251 1
1 249 258 256 244 253 251 1
1 249 250 259 244 245 254 1
1 249 259 258 244 254 253 1
1 250 251 259 245 246 254 1
1 251 260 259 246 255 254 1
1 251 252 261 246 247 256 1
1 251 261 260 246 256 255 1
1 252 253 261 247 248 256 1
1 253 262 261 248 257 256 1
1 254 154 156 249 150 152 2
1 255 158 157 250 154 153 2
1 257 256 263 252 251 258 1
1 256 264 263 251 259 258 1
1 256 258 265 251 253 260 1
1 256 265 264 251 260 259 1
1 258 259 265 253 254 260 1
1 259 266 265 254 261 260 1
1 259 260 267 254 255 262 1
1 259 267 266 254 262 261 1
1 260 261 267 255 256 262 1
1 261 268 267 256 263 262 1
1 261 262 269 256 257 264 1
1 261 269 268 256 264 263 1
1 270 271 272 265 265 265 3
1 271 273 272 265 265 265 3
"Regroup02" 0 2
413
1 0.590910 1.570226 24.337187 0.000000 0.000000 -1
1 0.511743 1.357693 24.542437 0.000000 0.000000 -1
1 0.000000 1.570226 24.337187 0.000000 0.000000 -1
1 0.590910 5.043519 27.933889 0.000000 0.000000 -1
1 0.000000 5.043519 27.933889 0.000000 0.000000 -1
1 0.511743 4.830986 28.139135 0.000000 0.000000 -1
1 0.590910 1.570226 24.337187 0.000000 1.000000 -1
1 0.590910 2.149109 24.936644 0.000000 0.833333 -1
1 0.511743 1.936577 25.141882 0.083333 0.833333 -1
1 0.511743 1.357693 24.542437 0.083333 1.000000 -1
1 0.590910 2.727989 25.536097 0.000000 0.666667 -1
1 0.511743 2.515453 25.741339 0.083333 0.666667 -1
1 0.590910 3.306876 26.135542 0.000000 0.500000 -1
1 0.511743 3.094336 26.340788 0.083333 0.500000 -1
1 0.590910 3.885752 26.734995 0.000000 0.333333 -1
1 0.511743 3.673220 26.940241 0.083333 0.333333 -1
1 0.590910 4.464638 27.334436 0.000000 0.166667 -1
1 0.511743 4.252100 27.539690 0.083333 0.166667 -1
1 0.511743 4.830986 28.139135 0.083333 0.000000 -1
1 0.295455 1.202109 24.692678 0.000000 0.000000 -1
1 0.295455 4.675406 28.289377 0.000000 0.000000 -1
1 0.295455 1.202109 24.692678 0.166667 1.000000 -1
1 0.295455 1.780989 25.292135 0.166667 0.833333 -1
1 0.295455 2.359873 25.891584 0.166667 0.666667 -1
1 0.295455 2.938754 26.491037 0.166667 0.500000 -1
1 0.295455 3.517639 27.090479 0.166667 0.333333 -1
1 0.295455 4.096518 27.689932 0.166667 0.166667 -1
1 0.295455 4.675406 28.289377 0.166667 0.000000 -1
1 0.000000 1.145157 24.747686 0.000000 0.000000 -1
1 0.000000 4.618454 28.344374 0.000000 0.000000 -1
1 0.000000 1.724039 25.347128 0.250000 0.833333 -1
1 0.000000 1.145157 24.747686 0.250000 1.000000 -1
1 0.000000 2.302922 25.946573 0.250000 0.666667 -1
1 0.000000 2.881805 26.546026 0.250000 0.500000 -1
1 0.000000 3.460684 27.145483 0.250000 0.333333 -1
1 0.000000 4.039571 27.744928 0.250000 0.166667 -1
1 0.000000 4.618454 28.344374 0.250000 0.000000 -1
1 -0.295455 1.202109 24.692678 0.000000 0.000000 -1
1 -0.295455 4.675406 28.289377 0.000000 0.000000 -1
1 -0.295455 1.202109 24.692678 0.333333 1.000000 -1
1 -0.295455 1.780989 25.292135 0.333333 0.833333 -1
1 -0.295455 2.359873 25.891584 0.333333 0.666667 -1
1 -0.295455 2.938754 26.491037 0.333333 0.500000 -1
1 -0.295455 3.517639 27.090479 0.333333 0.333333 -1
1 -0.295455 4.096518 27.689932 0.333333 0.166667 -1
1 -0.295455 4.675406 28.289377 0.333333 0.000000 -1
1 -0.511743 1.357693 24.542437 0.000000 0.000000 -1
1 -0.511743 4.830986 28.139135 0.000000 0.000000 -1
1 -0.511743 1.936577 25.141882 0.416667 0.833333 -1
1 -0.511743 1.357693 24.542437 0.416667 1.000000 -1
1 -0.511743 2.515453 25.741339 0.416667 0.666667 -1
1 -0.511743 3.094336 26.340788 0.416667 0.500000 -1
1 -0.511743 3.673220 26.940241 0.416667 0.333333 -1
1 -0.511743 4.252100 27.539690 0.416667 0.166667 -1
1 -0.511743 4.830986 28.139135 0.416667 0.000000 -1
1 -0.590910 1.570226 24.337187 0.000000 0.000000 -1
1 -0.590910 5.043519 27.933889 0.000000 0.000000 -1
1 -0.590910 1.570226 24.337187 0.500000 1.000000 -1
1 -0.590910 2.149109 24.936644 0.500000 0.833333 -1
1 -0.590910 2.727989 25.536097 0.500000 0.666667 -1
1 -0.590910 3.306876 26.135542 0.500000 0.500000 -1
1 -0.590910 3.885752 26.734995 0.500000 0.333333 -1
1 -0.590910 4.464638 27.334436 0.500000 0.166667 -1
1 -0.590910 5.043519 27.933889 0.500000 0.000000 -1
1 -0.511743 1.782759 24.131960 0.000000 0.000000 -1
1 -0.511743 5.256050 27.728655 0.000000 0.000000 -1
1 -0.511743 2.361645 24.731398 0.583333 0.833333 -1
1 -0.511743 1.782759 24.131960 0.583333 1.000000 -1
1 -0.511743 2.940524 25.330851 0.583333 0.666667 -1
1 -0.511743 3.519407 25.930300 0.583333 0.500000 -1
1 -0.511743 4.098289 26.529749 0.583333 0.333333 -1
1 -0.511743 4.677171 27.129202 0.583333 0.166667 -1
1 -0.511743 5.256050 27.728655 0.583333 0.000000 -1
1 -0.295455 1.938344 23.981699 0.000000 0.000000 -1
1 -0.295455 5.411634 27.578409 0.000000 0.000000 -1
1 -0.295455 1.938344 23.981699 0.666667 1.000000 -1
1 -0.295455 2.517221 24.581160 0.666667 0.833333 -1
1 -0.295455 3.096107 25.180605 0.666667 0.666667 -1
1 -0.295455 3.674989 25.780054 0.666667 0.500000 -1
1 -0.295455 4.253873 26.379503 0.666667 0.333333 -1
1 -0.295455 4.832752 26.978956 0.666667 0.166667 -1
1 -0.295455 5.411634 27.578409 0.666667 0.000000 -1
1 0.000000 1.995291 23.926714 0.000000 0.000000 -1
1 0.000000 5.468577 27.523428 0.000000 0.000000 -1
1 0.000000 2.574170 24.526171 0.750000 0.833333 -1
1 0.000000 1.995291 23.926714 0.750000 1.000000 -1
1 0.000000 3.153054 25.125620 0.750000 0.666667 -1
1 0.000000 3.731937 25.725061 0.750000 0.500000 -1
1 0.000000 4.310822 26.324503 0.750000 0.333333 -1
1 0.000000 4.889704 26.923960 0.750000 0.166667 -1
1 0.000000 5.468577 27.523428 0.750000 0.000000 -1
1 0.295455 1.938344 23.981699 0.000000 0.000000 -1
1 0.295455 5.411634 27.578409 0.000000 0.000000 -1
1 0.295455 1.938344 23.981699 0.833333 1.000000 -1
1 0.295455 2.517221 24.581160 0.833333 0.833333 -1
1 0.295455 3.096107 25.180605 0.833333 0.666667 -1
1 0.295455 3.674989 25.780054 0.833333 0.500000 -1
1 0.295455 4.253873 26.379503 0.833333 0.333333 -1
1 0.295455 4.832752 26.978956 0.833333 0.166667 -1
1 0.295455 5.411634 27.578409 0.833333 0.000000 -1
1 0.511743 1.782759 24.131960 0.000000 0.000000 -1
1 0.511743 5.256050 27.728655 0.000000 0.000000 -1
1 0.511743 2.361645 24.731398 0.916667 0.833333 -1
1 0.511743 1.782759 24.131960 0.916667 1.000000 -1
1 0.511743 2.940524 25.330851 0.916667 0.666667 -1
1 0.511743 3.519407 25.930300 0.916667 0.500000 -1
1 0.511743 4.098289 26.529749 0.916667 0.333333 -1
1 0.511743 4.677171 27.129202 0.916667 0.166667 -1
1 0.511743 5.256050 27.728655 0.916667 0.000000 -1
1 0.590910 1.570226 24.337187 1.000000 1.000000 -1
1 0.590910 2.149109 24.936644 1.000000 0.833333 -1
1 0.590910 2.727989 25.536097 1.000000 0.666667 -1
1 0.590910 3.306876 26.135542 1.000000 0.500000 -1
1 0.590910 3.885752 26.734995 1.000000 0.333333 -1
1 0.590910 4.464638 27.334436 1.000000 0.166667 -1
1 0.590910 5.043519 27.933889 1.000000 0.000000 -1
1 0.000000 1.113796 -20.982189 0.500000 1.000000 -1
1 -3.750000 2.118610 -20.982185 0.500000 0.833333 -1
1 -3.247595 2.118603 -22.857189 0.583333 0.833333 -1
1 0.000000 1.113796 -20.982189 0.583333 1.000000 -1
1 -1.875000 2.118603 -24.229794 0.666667 0.833333 -1
1 0.000000 1.113796 -20.982189 0.666667 1.000000 -1
1 0.000000 2.118605 -24.732193 0.750000 0.833333 -1
1 0.000000 1.113796 -20.982189 0.750000 1.000000 -1
1 1.875000 2.118603 -24.229794 0.833333 0.833333 -1
1 0.000000 1.113796 -20.982189 0.833333 1.000000 -1
1 3.247595 2.118603 -22.857189 0.916667 0.833333 -1
1 0.000000 1.113796 -20.982189 0.916667 1.000000 -1
1 3.687500 3.118610 -20.982185 1.000000 0.833333 -1
1 -6.495191 4.863802 -20.982182 0.500000 0.666667 -1
1 -5.625000 4.863804 -24.229782 0.583333 0.666667 -1
1 -3.247595 8.292370 -24.750053 0.666667 0.666667 -1
1 0.000000 7.649525 -28.977362 0.750000 0.666667 -1
1 3.247595 8.292370 -24.750053 0.833333 0.666667 -1
1 5.625000 4.863804 -24.229782 0.916667 0.666667 -1
1 6.495191 4.863802 -20.982182 1.000000 0.666667 -1
1 -6.557049 4.877563 -3.062599 0.583333 0.166667 -1
1 -6.557049 4.877563 -21.086432 0.583333 0.000000 -1
1 -3.785714 2.106226 -21.086424 0.666667 0.000000 -1
1 -3.785714 2.106220 -3.062595 0.666667 0.166667 -1
1 -0.000000 1.091843 -3.062596 0.750000 0.166667 -1
1 -0.000000 1.091848 -21.086428 0.750000 0.000000 -1
1 3.723214 3.106226 -21.086424 0.833333 0.000000 -1
1 3.723214 3.106220 -3.062595 0.833333 0.166667 -1
1 6.557049 4.877563 -3.062599 0.916667 0.166667 -1
1 6.557049 4.877563 -21.086432 0.916667 0.000000 -1
1 0.000000 1.181098 13.840982 0.500000 0.000000 -1
1 -3.247595 2.185918 15.715986 0.583333 0.166667 -1
1 -3.750000 2.185923 13.840986 0.500000 0.166667 -1
1 0.000000 1.181098 13.840982 0.583333 0.000000 -1
1 -1.875000 2.185918 17.088579 0.666667 0.166667 -1
1 0.000000 1.181098 13.840982 0.666667 0.000000 -1
1 0.000000 2.185913 17.590994 0.750000 0.166667 -1
1 0.000000 1.181098 13.840982 0.750000 0.000000 -1
1 1.875000 2.185918 17.088579 0.833333 0.166667 -1
1 0.000000 1.181098 13.840982 0.833333 0.000000 -1
1 3.247595 2.185918 15.715986 0.916667 0.166667 -1
1 0.000000 1.181098 13.840982 0.916667 0.000000 -1
1 3.687500 3.185923 13.840986 1.000000 0.166667 -1
1 -6.351046 13.560001 19.466002 0.666667 0.666667 -1
1 -1.979879 11.343914 20.336191 0.666667 0.500000 -1
1 0.000000 15.056117 20.336168 0.750000 0.666667 -1
1 0.000000 10.181115 21.341005 0.750000 0.500000 -1
1 3.750000 10.181123 20.336191 0.833333 0.500000 -1
1 6.080929 15.972793 19.466002 0.833333 0.666667 -1
1 -5.625000 4.931110 17.088591 0.583333 0.333333 -1
1 -3.247595 4.931119 19.465994 0.666667 0.333333 -1
1 0.000000 4.931113 20.336184 0.750000 0.333333 -1
1 3.247595 4.931119 19.465994 0.833333 0.333333 -1
1 5.625000 4.931110 17.088591 0.916667 0.333333 -1
1 -6.495191 4.931115 13.840990 0.500000 0.333333 -1
1 6.495191 4.931115 13.840990 1.000000 0.333333 -1
1 6.557049 9.631641 7.064238 0.083333 0.166667 -1
1 6.557049 4.845927 13.945227 0.083333 0.000000 -1
1 3.723214 3.074587 13.945230 0.166667 0.000000 -1
1 3.723214 3.074586 -4.078619 0.166667 0.166667 -1
1 0.000000 1.060201 -4.078619 0.250000 0.166667 -1
1 0.000000 1.060196 13.945223 0.250000 0.000000 -1
1 -3.785714 2.074587 13.945230 0.333333 0.000000 -1
1 -3.785714 2.074586 -4.078619 0.333333 0.166667 -1
1 -6.557049 9.631641 7.064238 0.416667 0.166667 -1
1 -6.557049 4.845927 13.945227 0.416667 0.000000 -1
1 -0.013682 5.258522 24.365728 0.000000 0.000000 -1
1 -0.013682 3.521873 22.567385 0.000000 1.000000 -1
1 -0.024926 6.581787 23.087866 1.000000 0.000000 -1
1 -0.024926 4.845142 21.289515 1.000000 1.000000 -1
1 -0.024926 6.581787 23.087866 0.000000 0.000000 -1
1 -0.024926 4.845142 21.289515 0.000000 1.000000 -1
1 -3.804499 4.300148 13.857670 1.000000 0.000000 -1
1 -3.804499 1.800147 13.857670 1.000000 1.000000 -1
1 -3.804499 4.300148 13.857670 0.000000 0.000000 -1
1 -3.804499 1.800147 13.857670 0.000000 1.000000 -1
1 -4.992121 4.300148 14.202908 1.000000 0.000000 -1
1 -4.992121 1.800147 14.202908 1.000000 1.000000 -1
1 -4.992121 4.300148 14.202908 0.000000 0.000000 -1
1 -4.992121 1.800147 14.202908 0.000000 1.000000 -1
1 -0.013682 5.258522 24.365728 1.000000 0.000000 -1
1 -0.013682 3.521873 22.567385 1.000000 1.000000 -1
1 -0.013682 5.258522 24.365728 0.000000 1.000000 -1
1 -0.024926 6.581787 23.087866 1.000000 1.000000 -1
1 -0.013682 3.521873 22.567385 0.000000 0.000000 -1
1 -0.024926 4.845142 21.289515 1.000000 0.000000 -1
1 0.024926 6.581787 23.087866 1.000000 0.000000 -1
1 0.013682 3.521873 22.567385 0.000000 1.000000 -1
1 0.013682 5.258522 24.365728 0.000000 0.000000 -1
1 0.024926 4.845142 21.289515 1.000000 1.000000 -1
1 3.741999 5.300148 13.857670 1.000000 0.000000 -1
1 0.024926 4.845142 21.289515 0.000000 1.000000 -1
1 0.024926 6.581787 23.087866 0.000000 0.000000 -1
1 3.741999 2.800147 13.857670 1.000000 1.000000 -1
1 4.929621 5.300148 14.202908 1.000000 0.000000 -1
1 3.741999 2.800147 13.857670 0.000000 1.000000 -1
1 3.741999 5.300148 13.857670 0.000000 0.000000 -1
1 4.929621 2.800147 14.202908 1.000000 1.000000 -1
1 0.013682 5.258522 24.365728 1.000000 0.000000 -1
1 4.929621 2.800147 14.202908 0.000000 1.000000 -1
1 4.929621 5.300148 14.202908 0.000000 0.000000 -1
1 0.013682 3.521873 22.567385 1.000000 1.000000 -1
1 0.013682 5.258522 24.365728 0.000000 1.000000 -1
1 0.024926 6.581787 23.087866 1.000000 1.000000 -1
1 0.024926 4.845142 21.289515 1.000000 0.000000 -1
1 0.013682 3.521873 22.567385 0.000000 0.000000 -1
1 -0.622596 6.905729 26.034624 0.000000 0.000000 -1
1 -0.622596 5.114941 24.186644 0.000000 1.000000 -1
1 0.608392 6.905729 26.034624 1.000000 0.000000 -1
1 0.608392 5.114941 24.186644 1.000000 1.000000 -1
1 0.608392 6.905729 26.034624 0.000000 0.000000 -1
1 0.608392 5.114941 24.186644 0.000000 1.000000 -1
1 0.894106 8.206074 24.778906 1.000000 0.000000 -1
1 0.894106 6.415280 22.930925 1.000000 1.000000 -1
1 0.894106 8.206074 24.778906 0.000000 0.000000 -1
1 0.894106 6.415280 22.930925 0.000000 1.000000 -1
1 -0.894025 8.206074 24.778906 1.000000 0.000000 -1
1 -0.894025 6.415280 22.930925 1.000000 1.000000 -1
1 -0.894025 8.206074 24.778906 0.000000 0.000000 -1
1 -0.894025 6.415280 22.930925 0.000000 1.000000 -1
1 -0.622596 6.905729 26.034624 1.000000 0.000000 -1
1 -0.622596 5.114941 24.186644 1.000000 1.000000 -1
1 -0.622596 6.905729 26.034624 0.000000 1.000000 -1
1 0.608392 6.905729 26.034624 1.000000 1.000000 -1
1 -0.622596 5.114941 24.186644 0.000000 0.000000 -1
1 0.608392 5.114941 24.186644 1.000000 0.000000 -1
1 6.083333 4.191188 -13.914709 0.000000 0.833333 -1
1 4.270834 5.191186 -13.914709 0.000000 0.666667 -1
1 6.083336 3.973476 -13.102209 0.083333 0.833333 -1
1 4.270837 4.973479 -13.102209 0.083333 0.666667 -1
1 -0.000001 4.191187 -13.914709 0.000000 0.500000 -1
1 0.000001 3.973476 -13.102209 0.083333 0.500000 -1
1 -4.333338 4.191191 -13.914709 0.000000 0.333333 -1
1 -4.333337 3.973478 -13.102209 0.083333 0.333333 -1
1 -6.138894 4.187917 -13.914709 0.000000 0.166667 -1
1 -6.138892 3.970211 -13.102209 0.083333 0.166667 -1
1 4.270835 4.378686 -12.507418 0.166667 0.666667 -1
1 6.083336 3.378686 -12.507418 0.166667 0.833333 -1
1 0.000002 3.378685 -12.507418 0.166667 0.500000 -1
1 -4.333337 3.378686 -12.507418 0.166667 0.333333 -1
1 -6.138896 3.375419 -12.507418 0.166667 0.166667 -1
1 6.083336 2.566184 -12.289709 0.250000 0.833333 -1
1 4.270835 3.566186 -12.289709 0.250000 0.666667 -1
1 0.000001 2.566185 -12.289709 0.250000 0.500000 -1
1 -4.333335 2.566183 -12.289709 0.250000 0.333333 -1
1 -6.138894 2.562920 -12.289709 0.250000 0.166667 -1
1 4.270835 2.753684 -12.507418 0.333333 0.666667 -1
1 6.083341 1.753682 -12.507418 0.333333 0.833333 -1
1 -0.000001 1.753683 -12.507418 0.333333 0.500000 -1
1 -4.333336 1.753682 -12.507418 0.333333 0.333333 -1
1 -6.138890 1.750418 -12.507418 0.333333 0.166667 -1
1 6.083338 1.158889 -13.102209 0.416667 0.833333 -1
1 4.333335 1.158890 -13.102209 0.416667 0.666667 -1
1 0.000000 1.158893 -13.102209 0.416667 0.500000 -1
1 -4.333337 1.158892 -13.102209 0.416667 0.333333 -1
1 -6.138894 1.155625 -13.102209 0.416667 0.166667 -1
1 4.333338 0.941183 -13.914709 0.500000 0.666667 -1
1 6.083336 0.941182 -13.914709 0.500000 0.833333 -1
1 0.000002 0.941182 -13.914709 0.500000 0.500000 -1
1 -4.333337 0.941183 -13.914709 0.500000 0.333333 -1
1 -6.138892 0.937914 -13.914709 0.500000 0.166667 -1
1 6.083338 1.158889 -14.727209 0.583333 0.833333 -1
1 4.333335 1.158890 -14.727209 0.583333 0.666667 -1
1 0.000000 1.158893 -14.727209 0.583333 0.500000 -1
1 -4.333337 1.158892 -14.727209 0.583333 0.333333 -1
1 -6.138894 1.155625 -14.727209 0.583333 0.166667 -1
1 4.270835 2.753684 -15.322001 0.666667 0.666667 -1
1 6.083341 1.753682 -15.322001 0.666667 0.833333 -1
1 -0.000001 1.753683 -15.322001 0.666667 0.500000 -1
1 -4.333336 1.753682 -15.322001 0.666667 0.333333 -1
1 -6.138890 1.750418 -15.322001 0.666667 0.166667 -1
1 6.083336 2.566184 -15.539709 0.750000 0.833333 -1
1 4.270835 3.566186 -15.539709 0.750000 0.666667 -1
1 0.000001 2.566185 -15.539709 0.750000 0.500000 -1
1 -4.333335 2.566183 -15.539709 0.750000 0.333333 -1
1 -6.138894 2.562920 -15.539709 0.750000 0.166667 -1
1 4.270835 4.378686 -15.322001 0.833333 0.666667 -1
1 6.083336 3.378686 -15.322001 0.833333 0.833333 -1
1 0.000002 3.378685 -15.322001 0.833333 0.500000 -1
1 -4.333337 3.378686 -15.322001 0.833333 0.333333 -1
1 -6.138896 3.375419 -15.322001 0.833333 0.166667 -1
1 6.083336 3.973476 -14.727209 0.916667 0.833333 -1
1 4.270837 4.973479 -14.727209 0.916667 0.666667 -1
1 0.000001 3.973476 -14.727209 0.916667 0.500000 -1
1 -4.333337 3.973478 -14.727209 0.916667 0.333333 -1
1 -6.138892 3.970211 -14.727209 0.916667 0.166667 -1
1 4.270834 5.191186 -13.914709 1.000000 0.666667 -1
1 6.083333 4.191188 -13.914709 1.000000 0.833333 -1
1 -0.000001 4.191187 -13.914709 1.000000 0.500000 -1
1 -4.333338 4.191191 -13.914709 1.000000 0.333333 -1
1 -6.138894 4.187917 -13.914709 1.000000 0.166667 -1
1 -7.511910 3.034691 -8.431376 0.000000 0.000000 -1
1 -7.511910 2.984692 -19.264709 0.000000 1.000000 -1
1 -4.761913 3.034691 -8.431376 1.000000 0.000000 -1
1 -4.761913 2.984692 -19.264709 1.000000 1.000000 -1
1 5.928578 7.076361 -10.893876 1.000000 0.000000 -1
1 7.511910 3.034691 -8.431376 0.000000 1.000000 -1
1 8.678576 7.076359 -10.893876 0.000000 0.000000 -1
1 4.699413 4.034691 -8.431376 1.000000 1.000000 -1
1 5.928578 7.076361 -16.727211 1.000000 0.000000 -1
1 4.699413 4.034691 -8.431376 0.000000 1.000000 -1
1 5.928578 7.076361 -10.893876 0.000000 0.000000 -1
1 4.699413 3.984692 -19.264709 1.000000 1.000000 -1
1 8.678576 7.076359 -16.727211 1.000000 0.000000 -1
1 4.699413 3.984692 -19.264709 0.000000 1.000000 -1
1 5.928578 7.076361 -16.727211 0.000000 0.000000 -1
1 7.511910 2.984692 -19.264709 1.000000 1.000000 -1
1 8.678576 7.076359 -10.893876 1.000000 0.000000 -1
1 7.511910 2.984692 -19.264709 0.000000 1.000000 -1
1 8.678576 7.076359 -16.727211 0.000000 0.000000 -1
1 7.511910 3.034691 -8.431376 1.000000 1.000000 -1
1 8.678576 7.076359 -10.893876 0.000000 1.000000 -1
1 5.928578 7.076361 -10.893876 1.000000 1.000000 -1
1 4.699413 4.034691 -8.431376 1.000000 0.000000 -1
1 7.511910 3.034691 -8.431376 0.000000 0.000000 -1
1 -0.587010 4.512429 28.383577 0.000000 0.000000 -1
1 -0.587010 3.045930 26.864958 0.000000 1.000000 -1
1 0.642157 4.512429 28.383577 1.000000 0.000000 -1
1 0.642157 3.045930 26.864958 1.000000 1.000000 -1
1 0.642157 4.512429 28.383577 0.000000 0.000000 -1
1 0.642157 3.045930 26.864958 0.000000 1.000000 -1
1 0.642157 8.229025 24.794493 1.000000 0.000000 -1
1 0.642157 6.762520 23.275900 1.000000 1.000000 -1
1 0.642157 8.229025 24.794493 0.000000 0.000000 -1
1 0.642157 6.762520 23.275900 0.000000 1.000000 -1
1 -0.587010 8.229025 24.794493 1.000000 0.000000 -1
1 -0.587010 6.762520 23.275900 1.000000 1.000000 -1
1 -0.587010 8.229025 24.794493 0.000000 0.000000 -1
1 -0.587010 6.762520 23.275900 0.000000 1.000000 -1
1 -0.587010 4.512429 28.383577 1.000000 0.000000 -1
1 -0.587010 3.045930 26.864958 1.000000 1.000000 -1
1 -0.587010 4.512429 28.383577 0.000000 1.000000 -1
1 0.642157 4.512429 28.383577 1.000000 1.000000 -1
1 -0.587010 3.045930 26.864958 0.000000 0.000000 -1
1 0.642157 3.045930 26.864958 1.000000 0.000000 -1
1 6.047807 4.092108 10.274160 0.000000 0.000000 -1
1 7.339473 2.904608 10.274160 0.000000 1.000000 -1
1 9.433920 4.071275 10.274160 1.000000 0.000000 -1
1 9.433920 2.904608 10.274160 1.000000 1.000000 -1
1 9.433920 4.071275 10.274160 0.000000 0.000000 -1
1 9.433920 2.904608 10.274160 0.000000 1.000000 -1
1 9.433920 4.071275 4.374160 1.000000 0.000000 -1
1 9.433920 2.904608 4.374160 1.000000 1.000000 -1
1 9.433920 4.071275 4.374160 0.000000 0.000000 -1
1 9.433920 2.904608 4.374160 0.000000 1.000000 -1
1 6.047807 4.092108 4.374160 1.000000 0.000000 -1
1 7.339473 2.904608 4.374160 1.000000 1.000000 -1
1 6.047807 4.092108 4.374160 0.000000 0.000000 -1
1 7.339473 2.904608 4.374160 0.000000 1.000000 -1
1 6.047807 4.092108 10.274160 1.000000 0.000000 -1
1 7.339473 2.904608 10.274160 1.000000 1.000000 -1
1 6.047807 4.092108 10.274160 0.000000 1.000000 -1
1 9.433920 4.071275 10.274160 1.000000 1.000000 -1
1 7.339473 2.904608 10.274160 0.000000 0.000000 -1
1 9.433920 2.904608 10.274160 1.000000 0.000000 -1
1 14.739845 0.077245 -30.303770 0.666667 0.666667 -1
1 8.384398 4.033625 -24.563248 0.666667 0.500000 -1
1 16.622625 1.920941 -27.651838 0.750000 0.666667 -1
1 13.058450 4.286195 -25.106709 0.750000 0.500000 -1
1 12.039332 2.652488 -18.161373 0.833333 0.500000 -1
1 15.405111 0.506130 -21.134594 0.833333 0.666667 -1
1 6.000243 4.874549 -18.627426 0.750000 0.333333 -1
1 -17.622627 1.920941 -4.026837 0.750000 0.666667 -1
1 -7.509398 4.033625 -8.688248 0.666667 0.500000 -1
1 -11.364845 1.702245 -10.803770 0.666667 0.666667 -1
1 -9.683450 4.286195 -5.481707 0.750000 0.500000 -1
1 -11.164332 2.652488 -2.286373 0.833333 0.500000 -1
1 -18.905113 0.506130 -1.259594 0.833333 0.666667 -1
1 -8.750242 4.874549 1.622574 0.750000 0.333333 -1
1 21.545036 1.528504 6.098164 0.750000 0.666667 -1
1 31.770945 -0.820150 0.561752 0.666667 0.500000 -1
1 25.683962 -0.817290 10.321232 0.666667 0.666667 -1
1 28.147724 1.035758 15.643295 0.750000 0.500000 -1
1 26.197386 0.007067 18.838627 0.833333 0.500000 -1
1 19.856003 0.637653 8.865406 0.833333 0.666667 -1
1 34.298935 0.029631 7.372574 0.750000 0.333333 -1
1 -6.954964 3.664283 3.310333 0.750000 0.666667 -1
1 3.270945 8.668913 -1.739609 0.666667 0.500000 -1
1 -1.149370 4.526707 -3.809062 0.666667 0.666667 -1
1 1.314392 3.859178 1.786697 0.750000 0.500000 -1
1 -0.635946 1.533854 4.207698 0.833333 0.500000 -1
1 -8.643997 1.650510 5.406997 0.833333 0.666667 -1
1 5.798935 1.758439 3.798703 0.750000 0.333333 -1
1 -22.454964 2.039283 -31.814667 0.750000 0.666667 -1
1 -12.229054 0.115342 -37.936035 0.666667 0.500000 -1
1 -16.649368 0.258850 -40.219776 0.666667 0.666667 -1
1 -14.185607 2.234178 -33.338303 0.750000 0.500000 -1
1 -16.135944 -0.091146 -30.917301 0.833333 0.500000 -1
1 -24.143997 1.650510 -29.843002 0.833333 0.666667 -1
1 -9.701064 0.133439 -31.326296 0.750000 0.333333 -1
1 -6.009265 3.058724 32.226097 0.750000 0.666667 -1
1 -14.090515 2.489443 24.557249 0.666667 0.500000 -1
1 -15.038683 2.427016 30.435724 0.666667 0.666667 -1
1 -4.007771 6.656702 24.112715 0.750000 0.500000 -1
1 -0.376191 5.594157 23.243933 0.833333 0.500000 -1
1 -2.864216 2.138544 31.473726 0.833333 0.666667 -1
1 -2.175841 4.049093 19.570131 0.750000 0.333333 -1
357
0.000000 -0.694655 -0.719343
0.000007 -0.694666 -0.719332
0.000000 -0.694660 -0.719338
0.000000 0.694659 0.719339
-0.000000 0.694657 0.719341
-0.000003 0.694664 0.719334
0.965926 -0.186177 0.179790
0.965925 -0.186181 0.179791
0.866027 -0.359669 0.347326
0.866025 -0.359669 0.347332
0.965927 -0.186177 0.179789
0.866024 -0.359673 0.347329
0.965928 -0.186174 0.179786
0.866025 -0.359670 0.347330
0.965927 -0.186175 0.179787
0.866021 -0.359675 0.347334
0.965929 -0.186171 0.179784
0.866024 -0.359671 0.347332
0.965928 -0.186174 0.179786
0.866023 -0.359671 0.347335
-0.000003 -0.694665 -0.719334
-0.000004 0.694661 0.719337
0.500011 -0.622962 0.601587
0.500008 -0.622965 0.601587
0.499999 -0.622968 0.601592
0.499996 -0.622966 0.601595
0.500003 -0.622965 0.601591
0.499996 -0.622967 0.601594
0.499998 -0.622963 0.601597
0.000000 -0.694671 -0.719327
0.000000 0.694662 0.719337
-0.000000 -0.719339 0.694660
-0.000000 -0.719335 0.694663
-0.000000 -0.719339 0.694660
-0.000000 -0.719341 0.694658
0.000000 -0.719340 0.694658
-0.000000 -0.719337 0.694661
0.000000 -0.719337 0.694661
0.000003 -0.694665 -0.719334
0.000004 0.694661 0.719337
-0.500011 -0.622962 0.601587
-0.500008 -0.622965 0.601587
-0.499999 -0.622968 0.601592
-0.499996 -0.622966 0.601595
-0.500002 -0.622965 0.601591
-0.499996 -0.622967 0.601594
-0.499998 -0.622963 0.601597
-0.000007 -0.694666 -0.719332
0.000003 0.694664 0.719334
-0.866027 -0.359669 0.347326
-0.866025 -0.359669 0.347332
-0.866024 -0.359673 0.347329
-0.866025 -0.359670 0.347330
-0.866021 -0.359675 0.347334
-0.866024 -0.359671 0.347332
-0.866023 -0.359671 0.347335
-1.000000 0.000001 -0.000002
-1.000000 -0.000002 0.000002
-1.000000 -0.000000 0.000000
-1.000000 0.000003 -0.000002
-1.000000 0.000001 -0.000001
-1.000000 0.000005 -0.000005
-1.000000 0.000005 -0.000003
-0.000014 -0.694653 -0.719345
0.000002 0.694653 0.719345
-0.866024 0.359672 -0.347331
-0.866030 0.359660 -0.347329
-0.866026 0.359670 -0.347328
-0.866025 0.359670 -0.347330
-0.866026 0.359669 -0.347328
-0.866024 0.359673 -0.347330
-0.866024 0.359673 -0.347329
-0.000006 -0.694661 -0.719337
-0.000006 0.694651 0.719347
-0.499993 0.622974 -0.601591
-0.499984 0.622975 -0.601596
-0.499990 0.622969 -0.601598
-0.499996 0.622967 -0.601594
-0.500003 0.622965 -0.601590
-0.500003 0.622967 -0.601588
-0.499993 0.622975 -0.601589
0.000000 -0.694652 -0.719346
-0.000000 0.694647 0.719351
-0.000000 0.719342 -0.694656
0.000000 0.719346 -0.694652
-0.000000 0.719336 -0.694662
0.000000 0.719336 -0.694662
-0.000000 0.719339 -0.694660
-0.000000 0.719346 -0.694652
0.000000 0.719355 -0.694642
0.000006 -0.694661 -0.719337
0.000006 0.694651 0.719347
0.499993 0.622974 -0.601591
0.499984 0.622975 -0.601596
0.499990 0.622969 -0.601598
0.499996 0.622967 -0.601594
0.500003 0.622965 -0.601590
0.500003 0.622967 -0.601588
0.499993 0.622975 -0.601589
0.000014 -0.694653 -0.719345
-0.000002 0.694653 0.719345
0.866024 0.359672 -0.347331
0.866030 0.359660 -0.347329
0.866026 0.359670 -0.347328
0.866025 0.359670 -0.347330
0.866026 0.359669 -0.347328
0.866024 0.359673 -0.347330
0.866024 0.359673 -0.347329
0.965925 0.186179 -0.179793
0.965927 0.186176 -0.179787
0.965927 0.186176 -0.179789
0.965926 0.186179 -0.179791
0.965926 0.186177 -0.179789
0.965925 0.186181 -0.179794
0.965925 0.186182 -0.179793
-0.258200 -0.963611 -0.069180
-0.566929 -0.809640 -0.151906
-0.431483 -0.867044 -0.249114
-0.189015 -0.963612 -0.189013
-0.354967 -0.684292 -0.636980
-0.069182 -0.963612 -0.258198
0.000000 -0.833358 -0.552734
0.069182 -0.963612 -0.258198
0.354967 -0.684292 -0.636980
0.189015 -0.963612 -0.189013
0.528327 -0.846873 -0.060641
0.449914 -0.827537 0.335799
0.606503 -0.786550 0.116158
-0.694747 -0.694746 -0.186157
-0.565168 -0.626211 -0.537071
-0.474925 -0.178211 -0.861793
0.000000 -0.519306 -0.854589
0.474925 -0.178211 -0.861793
0.572972 -0.681156 -0.455773
0.522703 -0.840931 -0.140058
-0.707107 -0.707106 -0.000000
-0.707107 -0.707106 0.000000
-0.500000 -0.866025 -0.000000
-0.500000 -0.866025 -0.000000
0.116799 -0.993156 -0.000000
0.116799 -0.993156 -0.000000
0.503193 -0.864174 -0.000000
0.503194 -0.864174 -0.000000
0.530041 -0.847972 -0.000000
0.530040 -0.847973 0.000000
-0.258202 -0.963611 0.069182
-0.431482 -0.867044 0.249115
-0.566928 -0.809640 0.151906
-0.189016 -0.963611 0.189017
-0.286793 -0.819146 0.496738
-0.069188 -0.963611 0.258199
0.000000 -0.867044 0.498232
0.069188 -0.963611 0.258199
0.286793 -0.819146 0.496738
0.189016 -0.963611 0.189017
0.528327 -0.846872 0.060642
0.449916 -0.827536 -0.335797
0.606503 -0.786550 -0.116158
-0.154287 0.082294 0.984593
-0.411829 0.015432 0.911130
-0.032967 0.145353 0.988830
-0.099631 0.011365 0.994960
0.329789 -0.052594 0.942588
0.126582 0.097376 0.987165
-0.670367 -0.588990 0.451330
-0.459527 -0.394770 0.795608
-0.036778 -0.462436 0.885890
0.441240 -0.470350 0.764250
0.656052 -0.656502 0.372292
-0.694747 -0.694747 0.186156
0.522703 -0.840932 0.140056
0.743491 -0.609684 -0.274786
0.456554 -0.730408 -0.507998
0.621720 -0.771382 -0.135772
0.737524 -0.675321 0.000000
0.116799 -0.993156 -0.000000
0.116799 -0.993156 -0.000000
-0.579075 -0.806062 -0.122214
-0.674695 -0.738096 0.000000
-0.825996 -0.513864 -0.231679
-0.634526 -0.634525 -0.441311
0.999981 0.004397 -0.004246
0.999981 0.004397 -0.004246
0.999981 0.004397 -0.004246
0.783815 0.446706 -0.431379
0.860657 0.229506 -0.454530
0.891353 0.000000 -0.453310
-0.279141 0.000000 -0.960250
-0.898037 0.000000 0.439920
-0.822407 -0.276750 0.497048
-0.676400 -0.529818 0.511642
-0.023908 0.996325 -0.082244
-0.583589 0.800317 0.137540
-0.909853 0.284208 0.302312
0.824478 -0.389462 -0.410554
0.569914 -0.820361 -0.046973
0.097262 -0.937334 0.334583
-0.999981 0.004397 -0.004246
-0.999981 0.004397 -0.004246
-0.999981 0.004397 -0.004246
-0.880163 0.206088 -0.427600
-0.828051 0.403300 -0.389462
-0.894372 0.000000 -0.447324
0.279141 0.000000 -0.960250
0.845356 -0.253485 0.470232
0.900213 0.000000 0.435449
0.732615 -0.489612 0.472816
0.556113 0.806558 0.200507
-0.001044 0.999993 0.003591
0.898267 0.301295 0.319904
-0.527578 -0.840619 -0.122561
-0.800290 -0.412994 -0.434709
-0.067748 -0.970101 0.233055
0.000000 -0.718132 0.695907
0.987738 -0.112113 0.108643
0.987738 -0.112113 0.108644
0.987738 -0.112113 0.108644
0.000000 0.718131 -0.695908
-0.988914 -0.106634 0.103334
-0.988914 -0.106634 0.103334
-0.988914 -0.106634 0.103334
0.000000 0.694656 0.719343
0.000000 -0.694657 -0.719341
0.000000 -0.694657 -0.719341
0.470307 0.852432 0.228410
0.133210 0.957317 0.256512
0.429642 0.778725 0.457160
0.122398 0.857382 0.499914
-0.110983 0.959958 0.257223
-0.099824 0.861322 0.498156
-0.000875 0.965925 0.258821
-0.000783 0.866024 0.500002
-0.001751 0.965925 0.258815
-0.001568 0.866024 0.500000
0.074260 0.494470 0.866017
0.262433 0.475661 0.839569
-0.058056 0.498482 0.864954
-0.000452 0.500000 0.866026
-0.000905 0.500000 0.866025
-0.000000 -0.000000 1.000000
0.000000 0.000000 1.000000
-0.000000 0.000000 1.000000
0.000000 -0.000000 1.000000
-0.000000 0.000000 1.000000
-0.046854 -0.399378 0.915588
-0.262433 -0.475660 0.839570
0.058056 -0.498482 0.864954
0.000452 -0.500000 0.866025
0.000904 -0.499999 0.866026
-0.099876 -0.807931 0.580751
-0.000000 -0.739945 0.672667
0.021690 -0.839892 0.542321
0.000784 -0.866025 0.499999
0.001567 -0.866024 0.500000
-0.000000 -1.000000 0.000000
-0.000000 -1.000000 0.000000
0.000000 -1.000000 0.000000
0.000905 -1.000000 -0.000000
0.001811 -0.999998 0.000000
-0.099876 -0.807931 -0.580751
-0.000000 -0.739945 -0.672667
0.021690 -0.839892 -0.542321
0.000784 -0.866025 -0.499999
0.001567 -0.866024 -0.500000
-0.046854 -0.399378 -0.915588
-0.262433 -0.475660 -0.839570
0.058056 -0.498482 -0.864954
0.000452 -0.500000 -0.866025
0.000904 -0.499999 -0.866026
-0.000000 -0.000000 -1.000000
0.000000 0.000000 -1.000000
-0.000000 0.000000 -1.000000
0.000000 -0.000000 -1.000000
-0.000000 0.000000 -1.000000
0.074260 0.494470 -0.866017
0.262433 0.475661 -0.839569
-0.058056 0.498482 -0.864954
-0.000452 0.500000 -0.866026
-0.000905 0.500000 -0.866025
0.429642 0.778725 -0.457160
0.122398 0.857382 -0.499914
-0.099824 0.861322 -0.498156
-0.000783 0.866024 -0.500002
-0.001568 0.866024 -0.500000
0.133210 0.957317 -0.256512
0.470307 0.852432 -0.228410
-0.110983 0.959958 -0.257223
-0.000875 0.965925 -0.258821
-0.001751 0.965925 -0.258815
-0.000000 -0.999989 0.004615
0.101192 0.546249 0.831488
0.000000 0.520310 0.853978
0.201227 0.565951 0.799504
-0.927965 0.372666 -0.000855
-0.927157 0.374672 0.000000
-0.928768 0.370657 -0.001711
0.086576 0.563101 -0.821841
0.000000 0.634428 -0.772982
0.171856 0.483344 -0.858396
0.961326 -0.275411 0.000638
0.961672 -0.274204 0.000000
0.960979 -0.276618 0.001277
0.000001 1.000000 0.000000
-0.335007 -0.942206 0.004349
0.000000 -0.719343 0.694655
1.000000 0.000000 0.000000
0.000000 0.719336 -0.694663
-1.000000 0.000000 0.000000
0.000000 0.694659 0.719339
0.000000 -0.694657 -0.719341
0.000000 0.000000 1.000000
0.000000 0.000000 -1.000000
-0.676799 -0.736168 0.000000
0.006153 0.999981 0.000000
0.000000 -1.000000 0.000000
-0.002726 0.821971 -0.569522
-0.069099 0.849801 -0.522556
0.378561 0.891479 -0.248910
0.231523 0.965216 -0.121469
0.560792 0.782241 0.271315
0.677655 0.682153 0.274682
0.126940 0.990733 0.048319
-0.284829 0.958149 0.028682
-0.227007 0.943138 -0.242815
-0.340980 0.875221 -0.343103
-0.331764 0.943321 0.008888
-0.388291 0.880956 0.270457
-0.202380 0.906793 0.369823
-0.385115 0.922508 -0.025811
-0.261487 0.963995 0.048355
-0.123953 0.927169 -0.353544
-0.320828 -0.925817 -0.199829
0.233790 0.958037 0.165852
0.164809 0.905094 0.391973
-0.199642 0.961714 0.187747
0.517532 0.806154 0.286838
-0.050949 0.804152 0.592236
-0.203588 0.817580 0.538622
-0.546207 0.759445 -0.353414
0.052542 0.638047 0.768202
0.086658 0.682708 0.725535
0.119967 0.665962 0.736277
-0.025199 0.662891 0.748292
0.104385 0.982774 0.152508
0.168082 0.947936 -0.270492
0.103028 0.985127 -0.137513
0.159399 0.956490 0.244373
0.131090 0.772870 0.620876
0.245177 0.889566 0.385436
0.292272 0.908878 0.297519
0.073516 0.943657 0.322656
-0.275155 0.956668 -0.095268
-0.069664 0.997570 -0.000643
-0.056042 0.995497 -0.076455
0.313711 0.934450 0.168489
0.348281 0.822059 0.450467
-0.095368 0.846224 -0.524223
436
1 0 1 2 0 1 2 2
1 3 4 5 3 4 5 2
1 6 7 8 6 7 8 1
1 6 8 9 6 8 9 1
1 7 10 8 7 10 8 1
1 10 11 8 10 11 8 1
1 10 12 13 10 12 13 1
1 10 13 11 10 13 11 1
1 12 14 13 12 14 13 1
1 14 15 13 14 15 13 1
1 14 16 17 14 16 17 1
1 14 17 15 14 17 15 1
1 16 3 17 16 18 17 1
1 3 18 17 18 19 17 1
1 1 19 2 1 20 2 2
1 5 4 20 5 4 21 2
1 9 8 21 9 8 22 1
1 8 22 21 8 23 22 1
1 8 11 23 8 11 24 1
1 8 23 22 8 24 23 1
1 11 13 23 11 13 24 1
1 13 24 23 13 25 24 1
1 13 15 25 13 15 26 1
1 13 25 24 13 26 25 1
1 15 17 25 15 17 26 1
1 17 26 25 17 27 26 1
1 17 18 27 17 19 28 1
1 17 27 26 17 28 27 1
1 19 28 2 20 29 2 2
1 20 4 29 21 4 30 2
1 21 22 30 22 23 31 1
1 21 30 31 22 31 32 1
1 22 23 30 23 24 31 1
1 23 32 30 24 33 31 1
1 23 24 33 24 25 34 1
1 23 33 32 24 34 33 1
1 24 25 33 25 26 34 1
1 25 34 33 26 35 34 1
1 25 26 35 26 27 36 1
1 25 35 34 26 36 35 1
1 26 27 35 27 28 36 1
1 27 36 35 28 37 36 1
1 28 37 2 29 38 2 2
1 29 4 38 30 4 39 2
1 31 30 39 32 31 40 1
1 30 40 39 31 41 40 1
1 30 32 41 31 33 42 1
1 30 41 40 31 42 41 1
1 32 33 41 33 34 42 1
1 33 42 41 34 43 42 1
1 33 34 43 34 35 44 1
1 33 43 42 34 44 43 1
1 34 35 43 35 36 44 1
1 35 44 43 36 45 44 1
1 35 36 45 36 37 46 1
1 35 45 44 36 46 45 1
1 37 46 2 38 47 2 2
1 38 4 47 39 4 48 2
1 39 40 48 40 41 49 1
1 39 48 49 40 49 50 1
1 40 41 48 41 42 49 1
1 41 50 48 42 51 49 1
1 41 42 51 42 43 52 1
1 41 51 50 42 52 51 1
1 42 43 51 43 44 52 1
1 43 52 51 44 53 52 1
1 43 44 53 44 45 54 1
1 43 53 52 44 54 53 1
1 44 45 53 45 46 54 1
1 45 54 53 46 55 54 1
1 46 55 2 47 0 2 2
1 47 4 56 48 4 3 2
1 49 48 57 50 49 56 1
1 48 58 57 49 57 56 1
1 48 50 59 49 51 58 1
1 48 59 58 49 58 57 1
1 50 51 59 51 52 58 1
1 51 60 59 52 59 58 1
1 51 52 61 52 53 60 1
1 51 61 60 52 60 59 1
1 52 53 61 53 54 60 1
1 53 62 61 54 61 60 1
1 53 54 63 54 55 62 1
1 53 63 62 54 62 61 1
1 55 64 2 0 63 2 2
1 56 4 65 3 4 64 2
1 57 58 66 56 57 65 1
1 57 66 67 56 65 66 1
1 58 59 66 57 58 65 1
1 59 68 66 58 67 65 1
1 59 60 69 58 59 68 1
1 59 69 68 58 68 67 1
1 60 61 69 59 60 68 1
1 61 70 69 60 69 68 1
1 61 62 71 60 61 70 1
1 61 71 70 60 70 69 1
1 62 63 71 61 62 70 1
1 63 72 71 62 71 70 1
1 64 73 2 63 72 2 2
1 65 4 74 64 4 73 2
1 67 66 75 66 65 74 1
1 66 76 75 65 75 74 1
1 66 68 77 65 67 76 1
1 66 77 76 65 76 75 1
1 68 69 77 67 68 76 1
1 69 78 77 68 77 76 1
1 69 70 79 68 69 78 1
1 69 79 78 68 78 77 1
1 70 71 79 69 70 78 1
1 71 80 79 70 79 78 1
1 71 72 81 70 71 80 1
1 71 81 80 70 80 79 1
1 73 82 2 72 81 2 2
1 74 4 83 73 4 82 2
1 75 76 84 74 75 83 1
1 75 84 85 74 83 84 1
1 76 77 84 75 76 83 1
1 77 86 84 76 85 83 1
1 77 78 87 76 77 86 1
1 77 87 86 76 86 85 1
1 78 79 87 77 78 86 1
1 79 88 87 78 87 86 1
1 79 80 89 78 79 88 1
1 79 89 88 78 88 87 1
1 80 81 89 79 80 88 1
1 81 90 89 80 89 88 1
1 82 91 2 81 90 2 2
1 83 4 92 82 4 91 2
1 85 84 93 84 83 92 1
1 84 94 93 83 93 92 1
1 84 86 95 83 85 94 1
1 84 95 94 83 94 93 1
1 86 87 95 85 86 94 1
1 87 96 95 86 95 94 1
1 87 88 97 86 87 96 1
1 87 97 96 86 96 95 1
1 88 89 97 87 88 96 1
1 89 98 97 88 97 96 1
1 89 90 99 88 89 98 1
1 89 99 98 88 98 97 1
1 91 100 2 90 99 2 2
1 92 4 101 91 4 100 2
1 93 94 102 92 93 101 1
1 93 102 103 92 101 102 1
1 94 95 102 93 94 101 1
1 95 104 102 94 103 101 1
1 95 96 105 94 95 104 1
1 95 105 104 94 104 103 1
1 96 97 105 95 96 104 1
1 97 106 105 96 105 104 1
1 97 98 107 96 97 106 1
1 97 107 106 96 106 105 1
1 98 99 107 97 98 106 1
1 99 108 107 98 107 106 1
1 100 0 2 99 0 2 2
1 101 4 3 100 4 3 2
1 103 102 109 102 101 108 1
1 102 110 109 101 109 108 1
1 102 104 111 101 103 110 1
1 102 111 110 101 110 109 1
1 104 105 111 103 104 110 1
1 105 112 111 104 111 110 1
1 105 106 113 104 105 112 1
1 105 113 112 104 112 111 1
1 106 107 113 105 106 112 1
1 107 114 113 106 113 112 1
1 107 108 115 106 107 114 1
1 107 115 114 106 114 113 1
1 116 117 118 115 116 117 1
1 119 118 120 118 117 119 1
1 121 120 122 120 119 121 1
1 123 122 124 122 121 123 1
1 125 124 126 124 123 125 1
1 127 126 128 126 125 127 1
1 117 129 130 116 128 129 1
1 117 130 118 116 129 117 1
1 118 130 120 117 129 119 1
1 130 131 120 129 130 119 1
1 120 131 132 119 130 131 1
1 120 132 122 119 131 121 1
1 122 132 124 121 131 123 1
1 132 133 124 131 132 123 1
1 124 133 134 123 132 133 1
1 124 134 126 123 133 125 1
1 126 134 128 125 133 127 1
1 134 135 128 133 134 127 1
1 136 137 138 135 136 137 1
1 136 138 139 135 137 138 1
1 139 138 140 138 137 139 1
1 138 141 140 137 140 139 1
1 140 141 142 139 140 141 1
1 140 142 143 139 141 142 1
1 143 142 144 142 141 143 1
1 142 145 144 141 144 143 1
1 146 147 148 145 146 147 1
1 149 150 147 148 149 146 1
1 151 152 150 150 151 149 1
1 153 154 152 152 153 151 1
1 155 156 154 154 155 153 1
1 157 158 156 156 157 155 1
1 159 160 161 158 159 160 1
1 160 162 161 159 161 160 1
1 161 162 163 160 161 162 1
1 161 163 164 160 162 163 1
1 165 166 160 164 165 159 1
1 160 166 167 159 165 166 1
1 160 167 162 159 166 161 1
1 162 167 163 161 166 162 1
1 167 168 163 166 167 162 1
1 163 168 169 162 167 168 1
1 170 148 165 169 147 164 1
1 148 147 165 147 146 164 1
1 165 147 150 164 146 149 1
1 165 150 166 164 149 165 1
1 166 150 167 165 149 166 1
1 150 152 167 149 151 166 1
1 167 152 154 166 151 153 1
1 167 154 168 166 153 167 1
1 168 154 169 167 153 168 1
1 154 156 169 153 155 168 1
1 169 156 158 168 155 157 1
1 169 158 171 168 157 170 1
1 172 173 174 171 172 173 1
1 172 174 175 171 173 174 1
1 175 174 176 174 173 175 1
1 174 177 176 173 176 175 1
1 176 177 178 175 176 177 1
1 176 178 179 175 177 178 1
1 179 178 180 178 177 179 1
1 178 181 180 177 180 179 1
1 182 183 184 181 182 182 1
1 183 185 184 182 183 182 1
1 186 187 188 184 185 185 2
1 187 189 188 185 186 185 2
1 190 191 192 187 187 187 1
1 191 193 192 187 187 187 1
1 194 195 196 188 189 189 2
1 195 197 196 189 190 189 2
1 194 198 188 191 192 192 3
1 198 199 188 192 193 192 3
1 200 195 201 194 195 195 3
1 195 189 201 195 196 195 3
1 202 203 204 197 197 198 1
1 202 205 203 197 199 197 1
1 206 207 208 200 200 201 2
1 206 209 207 200 202 200 2
1 210 211 212 203 203 203 1
1 210 213 211 203 203 203 1
1 214 215 216 204 204 205 2
1 214 217 215 204 206 204 2
1 206 218 216 207 207 208 3
1 206 219 218 207 209 207 3
1 220 215 221 210 210 211 3
1 220 209 215 210 212 210 3
1 222 223 224 213 213 213 1
1 223 225 224 213 213 213 1
1 226 227 228 214 215 215 2
1 227 229 228 215 216 215 2
1 230 231 232 217 217 217 1
1 231 233 232 217 217 217 1
1 234 235 236 218 219 219 2
1 235 237 236 219 220 219 2
1 234 238 228 221 221 221 3
1 238 239 228 221 221 221 3
1 240 235 241 222 223 223 3
1 235 229 241 223 223 223 3
1 242 243 244 224 225 226 1
1 243 245 244 225 227 226 1
1 243 246 247 225 228 229 1
1 243 247 245 225 229 227 1
1 246 248 247 228 230 229 1
1 248 249 247 230 231 229 1
1 248 250 251 230 232 233 1
1 248 251 249 230 233 231 1
1 244 245 252 226 227 234 1
1 244 252 253 226 234 235 1
1 245 247 252 227 229 234 1
1 247 254 252 229 236 234 1
1 247 249 255 229 231 237 1
1 247 255 254 229 237 236 1
1 249 251 255 231 233 237 1
1 251 256 255 233 238 237 1
1 253 252 257 235 234 239 1
1 252 258 257 234 240 239 1
1 252 254 259 234 236 241 1
1 252 259 258 234 241 240 1
1 254 255 259 236 237 241 1
1 255 260 259 237 242 241 1
1 255 256 261 237 238 243 1
1 255 261 260 237 243 242 1
1 257 258 262 239 240 244 1
1 257 262 263 239 244 245 1
1 258 259 262 240 241 244 1
1 259 264 262 241 246 244 1
1 259 260 265 241 242 247 1
1 259 265 264 241 247 246 1
1 260 261 265 242 243 247 1
1 261 266 265 243 248 247 1
1 263 262 267 245 244 249 1
1 262 268 267 244 250 249 1
1 262 264 269 244 246 251 1
1 262 269 268 244 251 250 1
1 264 265 269 246 247 251 1
1 265 270 269 247 252 251 1
1 265 266 271 247 248 253 1
1 265 271 270 247 253 252 1
1 267 268 272 249 250 254 1
1 267 272 273 249 254 255 1
1 268 269 272 250 251 254 1
1 269 274 272 251 256 254 1
1 269 270 275 251 252 257 1
1 269 275 274 251 257 256 1
1 270 271 275 252 253 257 1
1 271 276 275 253 258 257 1
1 273 272 277 255 254 259 1
1 272 278 277 254 260 259 1
1 272 274 279 254 256 261 1
1 272 279 278 254 261 260 1
1 274 275 279 256 257 261 1
1 275 280 279 257 262 261 1
1 275 276 281 257 258 263 1
1 275 281 280 257 263 262 1
1 277 278 282 259 260 264 1
1 277 282 283 259 264 265 1
1 278 279 282 260 261 264 1
1 279 284 282 261 266 264 1
1 279 280 285 261 262 267 1
1 279 285 284 261 267 266 1
1 280 281 285 262 263 267 1
1 281 286 285 263 268 267 1
1 283 282 287 265 264 269 1
1 282 288 287 264 270 269 1
1 282 284 289 264 266 271 1
1 282 289 288 264 271 270 1
1 284 285 289 266 267 271 1
1 285 290 289 267 272 271 1
1 285 286 291 267 268 273 1
1 285 291 290 267 273 272 1
1 287 288 292 269 270 274 1
1 287 292 293 269 274 275 1
1 288 289 292 270 271 274 1
1 289 294 292 271 276 274 1
1 289 290 295 271 272 277 1
1 289 295 294 271 277 276 1
1 290 291 295 272 273 277 1
1 291 296 295 273 278 277 1
1 293 292 297 275 274 279 1
1 292 298 297 274 280 279 1
1 292 294 299 274 276 281 1
1 292 299 298 274 281 280 1
1 294 295 299 276 277 281 1
1 295 300 299 277 282 281 1
1 295 296 301 277 278 283 1
1 295 301 300 277 283 282 1
1 297 298 302 279 280 284 1
1 297 302 303 279 284 285 1
1 298 299 302 280 281 284 1
1 299 304 302 281 286 284 1
1 299 300 305 281 282 287 1
1 299 305 304 281 287 286 1
1 300 301 305 282 283 287 1
1 301 306 305 283 288 287 1
1 307 308 309 289 289 289 3
1 308 310 309 289 289 289 3
1 311 312 313 290 290 291 1
1 311 314 312 290 292 290 1
1 315 316 317 293 293 294 2
1 315 318 316 293 295 293 2
1 319 320 321 296 296 297 1
1 319 322 320 296 298 296 1
1 323 324 325 299 299 300 2
1 323 326 324 299 301 299 2
1 315 327 325 302 302 302 3
1 315 328 327 302 302 302 3
1 329 324 330 303 303 303 3
1 329 318 324 303 303 303 3
1 331 332 333 304 304 304 1
1 332 334 333 304 304 304 1
1 335 336 337 305 305 305 2
1 336 338 337 305 305 305 2
1 339 340 341 306 306 306 1
1 340 342 341 306 306 306 1
1 343 344 345 307 307 307 2
1 344 346 345 307 307 307 2
1 343 347 337 308 308 308 3
1 347 348 337 308 308 308 3
1 349 344 350 309 309 309 3
1 344 338 350 309 309 309 3
1 351 352 353 310 310 310 1
1 352 354 353 310 310 310 1
1 355 356 357 305 305 305 2
1 356 358 357 305 305 305 2
1 359 360 361 311 311 311 1
1 360 362 361 311 311 311 1
1 363 364 365 312 312 312 2
1 364 366 365 312 312 312 2
1 363 367 357 313 313 313 3
1 367 368 357 313 313 313 3
1 369 364 370 314 314 314 3
1 364 358 370 314 314 314 3
1 371 372 373 315 316 317 1
1 372 374 373 316 318 317 1
1 373 374 375 317 318 319 1
1 373 375 376 317 319 320 1
1 372 377 374 316 321 318 1
1 374 377 375 318 321 319 1
1 378 379 380 322 323 324 1
1 378 381 379 322 325 323 1
1 382 381 378 326 325 322 1
1 383 382 378 327 326 322 1
1 381 384 379 325 328 323 1
1 382 384 381 326 328 325 1
1 385 386 387 329 330 331 1
1 385 388 386 329 332 330 1
1 389 388 385 333 332 329 1
1 390 389 385 334 333 329 1
1 388 391 386 332 335 330 1
1 389 391 388 333 335 332 1
1 392 393 394 336 337 338 1
1 392 395 393 336 339 337 1
1 396 395 392 340 339 336 1
1 397 396 392 341 340 336 1
1 395 398 393 339 342 337 1
1 396 398 395 340 342 339 1
1 399 400 401 343 344 345 1
1 399 402 400 343 346 344 1
1 403 402 399 347 346 343 1
1 404 403 399 348 347 343 1
1 402 405 400 346 349 344 1
1 403 405 402 347 349 346 1
1 406 407 408 350 351 352 1
1 406 409 407 350 353 351 1
1 410 409 406 354 353 350 1
1 411 410 406 355 354 350 1
1 409 412 407 353 356 351 1
1 410 412 409 354 356 353 1

Materials: 3
"red"
0.200000 0.200000 0.200000 1.000000
0.800000 0.800000 0.800000 1.000000
0.000000 0.000000 0.000000 1.000000
0.000000 0.000000 0.000000 1.000000
0.000000
1.000000
".\red.bmp"
""
"black"
0.200000 0.200000 0.200000 1.000000
0.800000 0.800000 0.800000 1.000000
0.000000 0.000000 0.000000 1.000000
0.000000 0.000000 0.000000 1.000000
0.000000
1.000000
".\black.bmp"
""
"chrome"
0.200000 0.200000 0.200000 1.000000
0.800000 0.800000 0.800000 1.000000
0.000000 0.000000 0.000000 1.000000
0.000000 0.000000 0.000000 1.000000
0.000000
1.000000
".\chrome.bmp"
""

Bones: 0
