// MilkShape 3D ASCII

Frames: 30
Frame: 1

Meshes: 3
"raincover" 0 0
20
0 5.409091 16.090965 12.014397 0.000000 0.000000 -1
0 5.409091 14.924297 12.014397 0.000000 1.000000 -1
0 12.500001 12.090965 12.014397 1.000000 0.000000 -1
0 12.500001 10.924298 12.014397 1.000000 1.000000 -1
0 12.500001 12.090965 12.014397 0.000000 0.000000 -1
0 12.500001 10.924298 12.014397 0.000000 1.000000 -1
0 12.500001 12.090965 2.347731 1.000000 0.000000 -1
0 12.500001 10.924298 2.347731 1.000000 1.000000 -1
0 12.500001 12.090965 2.347731 0.000000 0.000000 -1
0 12.500001 10.924298 2.347731 0.000000 1.000000 -1
0 5.409091 16.090965 2.347731 1.000000 0.000000 -1
0 5.409091 14.924297 2.347731 1.000000 1.000000 -1
0 5.409091 16.090965 2.347731 0.000000 0.000000 -1
0 5.409091 14.924297 2.347731 0.000000 1.000000 -1
0 5.409091 16.090965 12.014397 1.000000 0.000000 -1
0 5.409091 14.924297 12.014397 1.000000 1.000000 -1
0 5.409091 16.090965 12.014397 0.000000 1.000000 -1
0 12.500001 12.090965 12.014397 1.000000 1.000000 -1
0 5.409091 14.924297 12.014397 0.000000 0.000000 -1
0 12.500001 10.924298 12.014397 1.000000 0.000000 -1
6
0.000000 0.000000 1.000000
1.000000 0.000000 0.000000
0.000000 0.000000 -1.000000
-1.000000 0.000000 0.000000
0.491321 0.870979 0.000000
-0.491321 -0.870979 0.000000
12
0 0 1 2 0 0 0 1
0 1 3 2 0 0 0 1
0 4 5 6 1 1 1 2
0 5 7 6 1 1 1 2
0 8 9 10 2 2 2 1
0 9 11 10 2 2 2 1
0 12 13 14 3 3 3 2
0 13 15 14 3 3 3 2
0 12 16 6 4 4 4 3
0 16 17 6 4 4 4 3
0 18 13 19 5 5 5 3
0 13 7 19 5 5 5 3
"black" 0 1
349
0 4.517171 -0.759404 -13.862626 0.000000 0.000000 -1
0 4.517172 -0.311427 -12.190751 0.000000 0.000000 -1
0 4.517170 2.584347 -13.862626 0.000000 0.000000 -1
0 7.267170 -0.759406 -13.862626 0.000000 0.000000 -1
0 7.267172 2.584346 -13.862626 0.000000 0.000000 -1
0 7.267172 -0.311429 -12.190751 0.000000 0.000000 -1
0 4.517171 -0.759404 -13.862626 0.000000 1.000000 -1
0 6.642172 -0.759405 -13.862626 0.000000 0.833333 -1
0 6.642172 -0.311427 -12.190751 0.083333 0.833333 -1
0 4.517172 -0.311427 -12.190751 0.083333 1.000000 -1
0 6.642173 -0.759406 -13.862626 0.000000 0.166667 -1
0 6.642172 -0.311427 -12.190751 0.083333 0.166667 -1
0 7.267172 -0.311429 -12.190751 0.083333 0.000000 -1
0 4.517169 0.912471 -10.966854 0.000000 0.000000 -1
0 7.267172 0.912471 -10.966854 0.000000 0.000000 -1
0 4.517169 0.912471 -10.966854 0.166667 1.000000 -1
0 6.642172 0.912470 -10.966854 0.166667 0.833333 -1
0 7.267172 0.912471 -10.966854 0.166667 0.000000 -1
0 6.642172 0.912470 -10.966854 0.166667 0.166667 -1
0 4.517170 2.584347 -10.518876 0.000000 0.000000 -1
0 7.267172 2.584346 -10.518876 0.000000 0.000000 -1
0 6.642170 2.584347 -10.518876 0.250000 0.833333 -1
0 4.517170 2.584347 -10.518876 0.250000 1.000000 -1
0 6.642172 2.584347 -10.518876 0.250000 0.166667 -1
0 7.267172 2.584346 -10.518876 0.250000 0.000000 -1
0 4.517170 4.256223 -10.966854 0.000000 0.000000 -1
0 7.267171 4.256223 -10.966854 0.000000 0.000000 -1
0 4.517170 4.256223 -10.966854 0.333333 1.000000 -1
0 6.642170 4.256224 -10.966854 0.333333 0.833333 -1
0 7.267171 4.256223 -10.966854 0.333333 0.000000 -1
0 6.642170 4.256225 -10.966854 0.333333 0.166667 -1
0 4.517168 5.480124 -12.190751 0.000000 0.000000 -1
0 7.267173 5.480124 -12.190751 0.000000 0.000000 -1
0 6.642170 5.480121 -12.190751 0.416667 0.833333 -1
0 4.517168 5.480124 -12.190751 0.416667 1.000000 -1
0 6.642170 5.480121 -12.190751 0.416667 0.166667 -1
0 7.267173 5.480124 -12.190751 0.416667 0.000000 -1
0 4.517171 5.928100 -13.862626 0.000000 0.000000 -1
0 7.267174 5.928098 -13.862626 0.000000 0.000000 -1
0 4.517171 5.928100 -13.862626 0.500000 1.000000 -1
0 6.642171 5.928099 -13.862626 0.500000 0.833333 -1
0 7.267174 5.928098 -13.862626 0.500000 0.000000 -1
0 6.642170 5.928098 -13.862626 0.500000 0.166667 -1
0 4.517168 5.480124 -15.534501 0.000000 0.000000 -1
0 7.267173 5.480124 -15.534501 0.000000 0.000000 -1
0 6.642170 5.480121 -15.534501 0.583333 0.833333 -1
0 4.517168 5.480124 -15.534501 0.583333 1.000000 -1
0 6.642170 5.480121 -15.534501 0.583333 0.166667 -1
0 7.267173 5.480124 -15.534501 0.583333 0.000000 -1
0 4.517170 4.256223 -16.758398 0.000000 0.000000 -1
0 7.267171 4.256223 -16.758398 0.000000 0.000000 -1
0 4.517170 4.256223 -16.758398 0.666667 1.000000 -1
0 6.642170 4.256224 -16.758398 0.666667 0.833333 -1
0 7.267171 4.256223 -16.758398 0.666667 0.000000 -1
0 6.642170 4.256225 -16.758398 0.666667 0.166667 -1
0 4.517170 2.584347 -17.206375 0.000000 0.000000 -1
0 7.267172 2.584346 -17.206375 0.000000 0.000000 -1
0 6.642170 2.584347 -17.206375 0.750000 0.833333 -1
0 4.517170 2.584347 -17.206375 0.750000 1.000000 -1
0 6.642172 2.584347 -17.206375 0.750000 0.166667 -1
0 7.267172 2.584346 -17.206375 0.750000 0.000000 -1
0 4.517169 0.912471 -16.758398 0.000000 0.000000 -1
0 7.267172 0.912471 -16.758398 0.000000 0.000000 -1
0 4.517169 0.912471 -16.758398 0.833333 1.000000 -1
0 6.642172 0.912470 -16.758398 0.833333 0.833333 -1
0 7.267172 0.912471 -16.758398 0.833333 0.000000 -1
0 6.642172 0.912470 -16.758398 0.833333 0.166667 -1
0 4.517172 -0.311427 -15.534501 0.000000 0.000000 -1
0 7.267172 -0.311429 -15.534501 0.000000 0.000000 -1
0 6.642172 -0.311427 -15.534501 0.916667 0.833333 -1
0 4.517172 -0.311427 -15.534501 0.916667 1.000000 -1
0 6.642172 -0.311427 -15.534501 0.916667 0.166667 -1
0 7.267172 -0.311429 -15.534501 0.916667 0.000000 -1
0 4.517171 -0.759404 -13.862626 1.000000 1.000000 -1
0 6.642172 -0.759405 -13.862626 1.000000 0.833333 -1
0 7.267170 -0.759406 -13.862626 1.000000 0.000000 -1
0 6.642173 -0.759406 -13.862626 1.000000 0.166667 -1
0 -4.517170 2.584347 -13.862626 0.000000 0.000000 -1
0 -4.517172 -0.311427 -12.190751 0.000000 0.000000 -1
0 -4.517171 -0.759404 -13.862626 0.000000 0.000000 -1
0 -7.267172 -0.311429 -12.190751 0.000000 0.000000 -1
0 -7.267172 2.584346 -13.862626 0.000000 0.000000 -1
0 -7.267170 -0.759406 -13.862626 0.000000 0.000000 -1
0 -6.642172 -0.311427 -12.190751 0.083333 0.833333 -1
0 -6.642172 -0.759405 -13.862626 0.000000 0.833333 -1
0 -4.517171 -0.759404 -13.862626 0.000000 1.000000 -1
0 -4.517172 -0.311427 -12.190751 0.083333 1.000000 -1
0 -6.642172 -0.311427 -12.190751 0.083333 0.166667 -1
0 -6.642173 -0.759406 -13.862626 0.000000 0.166667 -1
0 -7.267172 -0.311429 -12.190751 0.083333 0.000000 -1
0 -4.517169 0.912471 -10.966854 0.000000 0.000000 -1
0 -7.267172 0.912471 -10.966854 0.000000 0.000000 -1
0 -4.517169 0.912471 -10.966854 0.166667 1.000000 -1
0 -6.642172 0.912470 -10.966854 0.166667 0.833333 -1
0 -7.267172 0.912471 -10.966854 0.166667 0.000000 -1
0 -6.642172 0.912470 -10.966854 0.166667 0.166667 -1
0 -4.517170 2.584347 -10.518876 0.000000 0.000000 -1
0 -7.267172 2.584346 -10.518876 0.000000 0.000000 -1
0 -6.642170 2.584347 -10.518876 0.250000 0.833333 -1
0 -4.517170 2.584347 -10.518876 0.250000 1.000000 -1
0 -6.642172 2.584347 -10.518876 0.250000 0.166667 -1
0 -7.267172 2.584346 -10.518876 0.250000 0.000000 -1
0 -4.517170 4.256223 -10.966854 0.000000 0.000000 -1
0 -7.267171 4.256223 -10.966854 0.000000 0.000000 -1
0 -4.517170 4.256223 -10.966854 0.333333 1.000000 -1
0 -6.642170 4.256224 -10.966854 0.333333 0.833333 -1
0 -7.267171 4.256223 -10.966854 0.333333 0.000000 -1
0 -6.642170 4.256225 -10.966854 0.333333 0.166667 -1
0 -4.517168 5.480124 -12.190751 0.000000 0.000000 -1
0 -7.267173 5.480124 -12.190751 0.000000 0.000000 -1
0 -6.642170 5.480121 -12.190751 0.416667 0.833333 -1
0 -4.517168 5.480124 -12.190751 0.416667 1.000000 -1
0 -6.642170 5.480121 -12.190751 0.416667 0.166667 -1
0 -7.267173 5.480124 -12.190751 0.416667 0.000000 -1
0 -4.517171 5.928100 -13.862626 0.000000 0.000000 -1
0 -7.267174 5.928098 -13.862626 0.000000 0.000000 -1
0 -4.517171 5.928100 -13.862626 0.500000 1.000000 -1
0 -6.642171 5.928099 -13.862626 0.500000 0.833333 -1
0 -7.267174 5.928098 -13.862626 0.500000 0.000000 -1
0 -6.642170 5.928098 -13.862626 0.500000 0.166667 -1
0 -4.517168 5.480124 -15.534501 0.000000 0.000000 -1
0 -7.267173 5.480124 -15.534501 0.000000 0.000000 -1
0 -6.642170 5.480121 -15.534501 0.583333 0.833333 -1
0 -4.517168 5.480124 -15.534501 0.583333 1.000000 -1
0 -6.642170 5.480121 -15.534501 0.583333 0.166667 -1
0 -7.267173 5.480124 -15.534501 0.583333 0.000000 -1
0 -4.517170 4.256223 -16.758398 0.000000 0.000000 -1
0 -7.267171 4.256223 -16.758398 0.000000 0.000000 -1
0 -4.517170 4.256223 -16.758398 0.666667 1.000000 -1
0 -6.642170 4.256224 -16.758398 0.666667 0.833333 -1
0 -7.267171 4.256223 -16.758398 0.666667 0.000000 -1
0 -6.642170 4.256225 -16.758398 0.666667 0.166667 -1
0 -4.517170 2.584347 -17.206375 0.000000 0.000000 -1
0 -7.267172 2.584346 -17.206375 0.000000 0.000000 -1
0 -6.642170 2.584347 -17.206375 0.750000 0.833333 -1
0 -4.517170 2.584347 -17.206375 0.750000 1.000000 -1
0 -6.642172 2.584347 -17.206375 0.750000 0.166667 -1
0 -7.267172 2.584346 -17.206375 0.750000 0.000000 -1
0 -4.517169 0.912471 -16.758398 0.000000 0.000000 -1
0 -7.267172 0.912471 -16.758398 0.000000 0.000000 -1
0 -4.517169 0.912471 -16.758398 0.833333 1.000000 -1
0 -6.642172 0.912470 -16.758398 0.833333 0.833333 -1
0 -7.267172 0.912471 -16.758398 0.833333 0.000000 -1
0 -6.642172 0.912470 -16.758398 0.833333 0.166667 -1
0 -4.517172 -0.311427 -15.534501 0.000000 0.000000 -1
0 -7.267172 -0.311429 -15.534501 0.000000 0.000000 -1
0 -6.642172 -0.311427 -15.534501 0.916667 0.833333 -1
0 -4.517172 -0.311427 -15.534501 0.916667 1.000000 -1
0 -6.642172 -0.311427 -15.534501 0.916667 0.166667 -1
0 -7.267172 -0.311429 -15.534501 0.916667 0.000000 -1
0 -4.517171 -0.759404 -13.862626 1.000000 1.000000 -1
0 -6.642172 -0.759405 -13.862626 1.000000 0.833333 -1
0 -7.267170 -0.759406 -13.862626 1.000000 0.000000 -1
0 -6.642173 -0.759406 -13.862626 1.000000 0.166667 -1
0 -0.727273 0.257729 27.000124 0.000000 0.000000 -1
0 -0.727273 0.455646 27.738760 0.000000 0.000000 -1
0 -0.727273 1.735002 27.000124 0.000000 0.000000 -1
0 0.727273 0.257729 27.000124 0.000000 0.000000 -1
0 0.727273 1.735002 27.000124 0.000000 0.000000 -1
0 0.727273 0.455646 27.738760 0.000000 0.000000 -1
0 -0.727273 0.257729 27.000124 0.000000 1.000000 -1
0 -0.484849 0.257729 27.000124 0.000000 0.833333 -1
0 -0.484849 0.455646 27.738760 0.083333 0.833333 -1
0 -0.727273 0.455646 27.738760 0.083333 1.000000 -1
0 -0.242424 0.257729 27.000124 0.000000 0.666667 -1
0 -0.242424 0.455646 27.738760 0.083333 0.666667 -1
0 0.000000 0.257729 27.000124 0.000000 0.500000 -1
0 0.000000 0.455646 27.738760 0.083333 0.500000 -1
0 0.242424 0.257729 27.000124 0.000000 0.333333 -1
0 0.242424 0.455646 27.738760 0.083333 0.333333 -1
0 0.484849 0.257729 27.000124 0.000000 0.166667 -1
0 0.484849 0.455646 27.738760 0.083333 0.166667 -1
0 0.727273 0.455646 27.738760 0.083333 0.000000 -1
0 -0.727273 0.996365 28.279478 0.000000 0.000000 -1
0 0.727273 0.996366 28.279478 0.000000 0.000000 -1
0 -0.727273 0.996365 28.279478 0.166667 1.000000 -1
0 -0.484849 0.996365 28.279478 0.166667 0.833333 -1
0 -0.242424 0.996365 28.279478 0.166667 0.666667 -1
0 -0.000000 0.996365 28.279478 0.166667 0.500000 -1
0 0.242424 0.996365 28.279478 0.166667 0.333333 -1
0 0.484849 0.996365 28.279478 0.166667 0.166667 -1
0 0.727273 0.996366 28.279478 0.166667 0.000000 -1
0 -0.727273 1.735002 28.477396 0.000000 0.000000 -1
0 0.727273 1.735002 28.477396 0.000000 0.000000 -1
0 -0.484849 1.735002 28.477396 0.250000 0.833333 -1
0 -0.727273 1.735002 28.477396 0.250000 1.000000 -1
0 -0.242424 1.735002 28.477396 0.250000 0.666667 -1
0 -0.000000 1.735002 28.477396 0.250000 0.500000 -1
0 0.242424 1.735002 28.477396 0.250000 0.333333 -1
0 0.484849 1.735002 28.477396 0.250000 0.166667 -1
0 0.727273 1.735002 28.477396 0.250000 0.000000 -1
0 -0.727273 2.473637 28.279478 0.000000 0.000000 -1
0 0.727273 2.473637 28.279478 0.000000 0.000000 -1
0 -0.727273 2.473637 28.279478 0.333333 1.000000 -1
0 -0.484849 2.473637 28.279478 0.333333 0.833333 -1
0 -0.242424 2.473637 28.279478 0.333333 0.666667 -1
0 -0.000000 2.473637 28.279478 0.333333 0.500000 -1
0 0.242424 2.473637 28.279478 0.333333 0.333333 -1
0 0.484849 2.473637 28.279478 0.333333 0.166667 -1
0 0.727273 2.473637 28.279478 0.333333 0.000000 -1
0 -0.727273 3.014356 27.738760 0.000000 0.000000 -1
0 0.727273 3.014356 27.738760 0.000000 0.000000 -1
0 -0.484849 3.014355 27.738760 0.416667 0.833333 -1
0 -0.727273 3.014356 27.738760 0.416667 1.000000 -1
0 -0.242425 3.014356 27.738760 0.416667 0.666667 -1
0 -0.000000 3.014356 27.738760 0.416667 0.500000 -1
0 0.242424 3.014356 27.738760 0.416667 0.333333 -1
0 0.484849 3.014356 27.738760 0.416667 0.166667 -1
0 0.727273 3.014356 27.738760 0.416667 0.000000 -1
0 -0.727273 3.212273 27.000124 0.000000 0.000000 -1
0 0.727273 3.212273 27.000124 0.000000 0.000000 -1
0 -0.727273 3.212273 27.000124 0.500000 1.000000 -1
0 -0.484849 3.212273 27.000124 0.500000 0.833333 -1
0 -0.242425 3.212273 27.000124 0.500000 0.666667 -1
0 0.000000 3.212273 27.000124 0.500000 0.500000 -1
0 0.242424 3.212273 27.000124 0.500000 0.333333 -1
0 0.484849 3.212273 27.000124 0.500000 0.166667 -1
0 0.727273 3.212273 27.000124 0.500000 0.000000 -1
0 -0.727273 3.014356 26.261488 0.000000 0.000000 -1
0 0.727273 3.014356 26.261488 0.000000 0.000000 -1
0 -0.484849 3.014355 26.261488 0.583333 0.833333 -1
0 -0.727273 3.014356 26.261488 0.583333 1.000000 -1
0 -0.242425 3.014356 26.261488 0.583333 0.666667 -1
0 -0.000000 3.014356 26.261488 0.583333 0.500000 -1
0 0.242424 3.014356 26.261488 0.583333 0.333333 -1
0 0.484849 3.014356 26.261488 0.583333 0.166667 -1
0 0.727273 3.014356 26.261488 0.583333 0.000000 -1
0 -0.727273 2.473637 25.720770 0.000000 0.000000 -1
0 0.727273 2.473637 25.720770 0.000000 0.000000 -1
0 -0.727273 2.473637 25.720770 0.666667 1.000000 -1
0 -0.484849 2.473637 25.720770 0.666667 0.833333 -1
0 -0.242424 2.473637 25.720770 0.666667 0.666667 -1
0 -0.000000 2.473637 25.720770 0.666667 0.500000 -1
0 0.242424 2.473637 25.720770 0.666667 0.333333 -1
0 0.484849 2.473637 25.720770 0.666667 0.166667 -1
0 0.727273 2.473637 25.720770 0.666667 0.000000 -1
0 -0.727273 1.735002 25.522852 0.000000 0.000000 -1
0 0.727273 1.735002 25.522852 0.000000 0.000000 -1
0 -0.484849 1.735002 25.522852 0.750000 0.833333 -1
0 -0.727273 1.735002 25.522852 0.750000 1.000000 -1
0 -0.242424 1.735002 25.522852 0.750000 0.666667 -1
0 -0.000000 1.735002 25.522852 0.750000 0.500000 -1
0 0.242424 1.735002 25.522852 0.750000 0.333333 -1
0 0.484849 1.735002 25.522852 0.750000 0.166667 -1
0 0.727273 1.735002 25.522852 0.750000 0.000000 -1
0 -0.727273 0.996365 25.720770 0.000000 0.000000 -1
0 0.727273 0.996366 25.720770 0.000000 0.000000 -1
0 -0.727273 0.996365 25.720770 0.833333 1.000000 -1
0 -0.484849 0.996365 25.720770 0.833333 0.833333 -1
0 -0.242424 0.996365 25.720770 0.833333 0.666667 -1
0 -0.000000 0.996365 25.720770 0.833333 0.500000 -1
0 0.242424 0.996365 25.720770 0.833333 0.333333 -1
0 0.484849 0.996365 25.720770 0.833333 0.166667 -1
0 0.727273 0.996366 25.720770 0.833333 0.000000 -1
0 -0.727273 0.455646 26.261488 0.000000 0.000000 -1
0 0.727273 0.455646 26.261488 0.000000 0.000000 -1
0 -0.484849 0.455646 26.261488 0.916667 0.833333 -1
0 -0.727273 0.455646 26.261488 0.916667 1.000000 -1
0 -0.242424 0.455646 26.261488 0.916667 0.666667 -1
0 0.000000 0.455646 26.261488 0.916667 0.500000 -1
0 0.242424 0.455646 26.261488 0.916667 0.333333 -1
0 0.484849 0.455646 26.261488 0.916667 0.166667 -1
0 0.727273 0.455646 26.261488 0.916667 0.000000 -1
0 -0.727273 0.257729 27.000124 1.000000 1.000000 -1
0 -0.484849 0.257729 27.000124 1.000000 0.833333 -1
0 -0.242424 0.257729 27.000124 1.000000 0.666667 -1
0 0.000000 0.257729 27.000124 1.000000 0.500000 -1
0 0.242424 0.257729 27.000124 1.000000 0.333333 -1
0 0.484849 0.257729 27.000124 1.000000 0.166667 -1
0 0.727273 0.257729 27.000124 1.000000 0.000000 -1
0 6.558586 12.390242 9.240826 0.000000 0.000000 -1
0 6.467677 4.914866 9.240826 0.000000 1.000000 -1
0 7.639394 12.390242 9.240826 1.000000 0.000000 -1
0 7.548485 4.914866 9.240826 1.000000 1.000000 -1
0 7.639394 12.390242 9.240826 0.000000 0.000000 -1
0 7.548485 4.914866 9.240826 0.000000 1.000000 -1
0 7.639394 12.390242 5.074159 1.000000 0.000000 -1
0 7.548485 4.914866 5.074159 1.000000 1.000000 -1
0 7.639394 12.390242 5.074159 0.000000 0.000000 -1
0 7.548485 4.914866 5.074159 0.000000 1.000000 -1
0 6.558586 12.390242 5.074159 1.000000 0.000000 -1
0 6.467677 4.914866 5.074159 1.000000 1.000000 -1
0 6.558586 12.390242 5.074159 0.000000 0.000000 -1
0 6.467677 4.914866 5.074159 0.000000 1.000000 -1
0 6.558586 12.390242 9.240826 1.000000 0.000000 -1
0 6.467677 4.914866 9.240826 1.000000 1.000000 -1
0 6.558586 12.390242 9.240826 0.000000 1.000000 -1
0 7.639394 12.390242 9.240826 1.000000 1.000000 -1
0 6.467677 4.914866 9.240826 0.000000 0.000000 -1
0 7.548485 4.914866 9.240826 1.000000 0.000000 -1
0 -0.934558 17.645668 -10.205000 0.000000 0.000000 -1
0 -0.951305 17.645668 -10.142500 0.000000 0.000000 -1
0 -1.059558 17.645668 -10.205000 0.000000 0.000000 -1
0 -0.934558 17.645668 -10.205000 0.000000 1.000000 -1
0 -0.934558 24.992889 -10.205000 0.000000 0.833333 -1
0 -0.951305 24.992889 -10.142500 0.083333 0.833333 -1
0 -0.951305 17.645668 -10.142500 0.083333 1.000000 -1
0 -0.997058 17.645668 -10.096746 0.000000 0.000000 -1
0 -0.997058 17.645668 -10.096746 0.166667 1.000000 -1
0 -0.997058 24.992889 -10.096746 0.166667 0.833333 -1
0 -1.059558 17.645668 -10.080000 0.000000 0.000000 -1
0 -1.059558 24.992889 -10.080000 0.250000 0.833333 -1
0 -1.059558 17.645668 -10.080000 0.250000 1.000000 -1
0 -1.122058 17.645668 -10.096746 0.000000 0.000000 -1
0 -1.122058 17.645668 -10.096746 0.333333 1.000000 -1
0 -1.122058 24.992889 -10.096746 0.333333 0.833333 -1
0 -1.167812 17.645668 -10.142500 0.000000 0.000000 -1
0 -1.167812 24.992889 -10.142500 0.416667 0.833333 -1
0 -1.167812 17.645668 -10.142500 0.416667 1.000000 -1
0 -1.184558 17.645668 -10.205000 0.000000 0.000000 -1
0 -1.184558 17.645668 -10.205000 0.500000 1.000000 -1
0 -1.184558 24.992889 -10.205000 0.500000 0.833333 -1
0 -1.167812 17.645668 -10.267500 0.000000 0.000000 -1
0 -1.167812 24.992889 -10.267500 0.583333 0.833333 -1
0 -1.167812 17.645668 -10.267500 0.583333 1.000000 -1
0 -1.122058 17.645668 -10.313253 0.000000 0.000000 -1
0 -1.122058 17.645668 -10.313253 0.666667 1.000000 -1
0 -1.122058 24.992889 -10.313253 0.666667 0.833333 -1
0 -1.059558 17.645668 -10.330000 0.000000 0.000000 -1
0 -1.059558 24.992889 -10.330000 0.750000 0.833333 -1
0 -1.059558 17.645668 -10.330000 0.750000 1.000000 -1
0 -0.997058 17.645668 -10.313253 0.000000 0.000000 -1
0 -0.997058 17.645668 -10.313253 0.833333 1.000000 -1
0 -0.997058 24.992889 -10.313253 0.833333 0.833333 -1
0 -0.951305 17.645668 -10.267500 0.000000 0.000000 -1
0 -0.951305 24.992889 -10.267500 0.916667 0.833333 -1
0 -0.951305 17.645668 -10.267500 0.916667 1.000000 -1
0 -0.934558 17.645668 -10.205000 1.000000 1.000000 -1
0 -0.934558 24.992889 -10.205000 1.000000 0.833333 -1
0 -6.741968 15.002314 -2.742507 0.000000 0.000000 -1
0 -7.720240 10.583410 -2.742507 0.000000 1.000000 -1
0 6.767857 15.000072 -2.742507 1.000000 0.000000 -1
0 7.767863 10.571507 -2.742507 1.000000 1.000000 -1
0 6.767857 15.000072 -2.742507 0.000000 0.000000 -1
0 7.767863 10.571507 -2.742507 0.000000 1.000000 -1
0 6.767857 15.000072 -13.992507 1.000000 0.000000 -1
0 7.767863 10.571507 -13.992507 1.000000 1.000000 -1
0 6.767857 15.000072 -13.992507 0.000000 0.000000 -1
0 7.767863 10.571507 -13.992507 0.000000 1.000000 -1
0 -6.741968 15.002314 -13.992507 1.000000 0.000000 -1
0 -7.720240 10.583410 -13.992507 1.000000 1.000000 -1
0 -6.741968 15.002314 -13.992507 0.000000 0.000000 -1
0 -7.720240 10.583410 -13.992507 0.000000 1.000000 -1
0 -6.741968 15.002314 -2.742507 1.000000 0.000000 -1
0 -7.720240 10.583410 -2.742507 1.000000 1.000000 -1
0 -6.741968 15.002314 -2.742507 0.000000 1.000000 -1
0 6.767857 15.000072 -2.742507 1.000000 1.000000 -1
0 -7.720240 10.583410 -2.742507 0.000000 0.000000 -1
0 7.767863 10.571507 -2.742507 1.000000 0.000000 -1
280
-1.000000 -0.000000 0.000000
-1.000000 -0.000001 -0.000000
-1.000000 -0.000000 0.000000
1.000000 -0.000001 0.000000
1.000000 -0.000000 0.000000
1.000000 -0.000000 -0.000000
0.000000 -0.965926 0.258819
-0.000000 -0.965926 0.258819
-0.000000 -0.866025 0.500000
0.000000 -0.866025 0.500000
0.000000 -0.965926 0.258820
-0.000001 -0.965926 0.258819
-0.000001 -0.866025 0.500000
-0.000003 -0.866025 0.500000
-1.000000 -0.000000 -0.000001
1.000000 0.000000 0.000000
-0.000000 -0.500000 0.866025
-0.000000 -0.500000 0.866025
-0.000000 -0.500000 0.866025
0.000001 -0.500000 0.866025
-1.000000 0.000000 0.000000
1.000000 0.000000 0.000000
-0.000000 -0.000000 1.000000
0.000000 -0.000000 1.000000
0.000000 -0.000000 1.000000
-0.000000 -0.000000 1.000000
-1.000000 -0.000000 0.000000
1.000000 -0.000000 0.000000
0.000000 0.500000 0.866026
-0.000000 0.500000 0.866025
0.000000 0.500000 0.866026
0.000002 0.500000 0.866025
-1.000000 -0.000000 -0.000001
1.000000 -0.000001 0.000001
0.000001 0.866025 0.500000
0.000001 0.866025 0.500000
-0.000001 0.866026 0.500000
-0.000004 0.866026 0.500000
-1.000000 0.000000 0.000000
1.000000 -0.000001 0.000000
0.000001 1.000000 0.000000
0.000000 1.000000 0.000000
-0.000002 1.000000 0.000000
0.000000 1.000000 0.000000
-1.000000 -0.000000 0.000001
1.000000 -0.000001 -0.000001
0.000001 0.866025 -0.500000
0.000001 0.866025 -0.500000
-0.000001 0.866026 -0.500000
-0.000004 0.866026 -0.500000
-1.000000 -0.000000 -0.000000
1.000000 -0.000000 -0.000000
0.000000 0.499999 -0.866026
-0.000000 0.500000 -0.866026
0.000000 0.499999 -0.866026
0.000002 0.500000 -0.866025
-0.000000 -0.000000 -1.000000
0.000000 -0.000000 -1.000000
0.000000 -0.000000 -1.000000
-0.000000 -0.000000 -1.000000
-1.000000 -0.000000 0.000001
-0.000000 -0.500000 -0.866026
-0.000000 -0.500000 -0.866026
-0.000000 -0.500000 -0.866026
0.000001 -0.500000 -0.866025
-1.000000 -0.000001 0.000000
1.000000 -0.000000 0.000000
-0.000000 -0.866025 -0.500000
0.000000 -0.866025 -0.500000
-0.000001 -0.866025 -0.500000
-0.000003 -0.866025 -0.500000
0.000000 -0.965926 -0.258819
-0.000000 -0.965926 -0.258819
-0.000001 -0.965926 -0.258819
0.000000 -0.965926 -0.258820
1.000000 -0.000000 0.000000
1.000000 -0.000001 -0.000000
1.000000 -0.000000 0.000000
-1.000000 -0.000000 -0.000000
-1.000000 -0.000000 0.000000
-1.000000 -0.000001 0.000000
0.000000 -0.866025 0.500000
0.000000 -0.965926 0.258819
-0.000000 -0.965926 0.258819
-0.000000 -0.866025 0.500000
0.000001 -0.866025 0.500000
0.000001 -0.965926 0.258819
-0.000000 -0.965926 0.258820
0.000003 -0.866025 0.500000
1.000000 -0.000000 -0.000001
-1.000000 0.000000 0.000000
0.000000 -0.500000 0.866025
0.000000 -0.500000 0.866025
0.000000 -0.500000 0.866025
-0.000001 -0.500000 0.866025
1.000000 0.000000 0.000000
-1.000000 0.000000 0.000000
0.000000 -0.000000 1.000000
-0.000000 -0.000000 1.000000
0.000000 -0.000000 1.000000
1.000000 -0.000000 0.000000
-1.000000 -0.000000 0.000000
-0.000000 0.500000 0.866026
0.000000 0.500000 0.866025
-0.000000 0.500000 0.866026
-0.000002 0.500000 0.866025
1.000000 -0.000000 -0.000001
-1.000000 -0.000001 0.000001
-0.000001 0.866025 0.500000
-0.000001 0.866025 0.500000
0.000001 0.866026 0.500000
0.000004 0.866026 0.500000
1.000000 0.000000 0.000000
-1.000000 -0.000001 0.000000
-0.000001 1.000000 0.000000
-0.000000 1.000000 0.000000
0.000002 1.000000 0.000000
1.000000 -0.000000 0.000001
-1.000000 -0.000001 -0.000001
-0.000001 0.866025 -0.500000
-0.000001 0.866025 -0.500000
0.000001 0.866026 -0.500000
0.000004 0.866026 -0.500000
1.000000 -0.000000 -0.000000
-1.000000 -0.000000 -0.000000
-0.000000 0.499999 -0.866026
0.000000 0.500000 -0.866026
-0.000000 0.499999 -0.866026
-0.000002 0.500000 -0.866025
0.000000 -0.000000 -1.000000
-0.000000 -0.000000 -1.000000
0.000000 -0.000000 -1.000000
1.000000 -0.000000 0.000001
0.000000 -0.500000 -0.866026
0.000000 -0.500000 -0.866026
0.000000 -0.500000 -0.866026
-0.000001 -0.500000 -0.866025
1.000000 -0.000001 0.000000
-1.000000 -0.000000 0.000000
0.000000 -0.866025 -0.500000
-0.000000 -0.866025 -0.500000
0.000001 -0.866025 -0.500000
0.000003 -0.866025 -0.500000
-0.000000 -0.965926 -0.258819
0.000000 -0.965926 -0.258819
0.000001 -0.965926 -0.258819
-0.000000 -0.965926 -0.258820
-1.000000 -0.000000 0.000000
-1.000000 0.000000 0.000000
-1.000000 0.000000 -0.000000
1.000000 0.000000 0.000000
1.000000 0.000000 0.000000
1.000000 0.000000 0.000000
0.000001 -0.965926 0.258819
0.000001 -0.965926 0.258819
0.000000 -0.866025 0.500000
0.000000 -0.866025 0.500001
-0.000001 -0.965926 0.258819
-0.000001 -0.866025 0.500000
-0.000001 -0.965926 0.258819
0.000000 -0.866025 0.500000
0.000001 -0.965926 0.258819
0.000001 -0.866025 0.500001
0.000001 -0.965926 0.258819
0.000000 -0.866025 0.500000
-0.000000 -0.965926 0.258819
-0.000000 -0.866025 0.500001
-1.000000 -0.000000 0.000000
1.000000 0.000000 0.000000
-0.000000 -0.500000 0.866025
-0.000000 -0.500000 0.866025
-0.000000 -0.500000 0.866026
-0.000000 -0.500000 0.866026
0.000000 -0.500000 0.866025
0.000000 -0.500000 0.866025
0.000000 -0.500000 0.866025
-1.000000 -0.000000 0.000000
1.000000 0.000000 0.000000
-0.000000 0.000000 1.000000
-0.000000 0.000000 1.000000
0.000000 0.000000 1.000000
-0.000000 0.000000 1.000000
0.000000 0.000000 1.000000
0.000000 0.000000 1.000000
0.000000 0.000000 1.000000
-1.000000 0.000000 0.000000
1.000000 -0.000000 0.000000
-0.000000 0.500000 0.866025
-0.000000 0.500001 0.866025
0.000000 0.500000 0.866025
-0.000000 0.500000 0.866025
-0.000000 0.500000 0.866025
0.000000 0.500000 0.866025
0.000000 0.500000 0.866025
-1.000000 0.000000 0.000000
1.000000 -0.000000 0.000000
-0.000000 0.866025 0.500000
0.000002 0.866025 0.500000
-0.000001 0.866025 0.500001
0.000000 0.866025 0.500000
0.000000 0.866025 0.500000
-0.000000 0.866025 0.500000
-0.000002 0.866025 0.500001
0.000001 1.000000 -0.000000
-0.000001 1.000000 0.000000
-0.000000 1.000000 -0.000000
0.000001 1.000000 -0.000000
0.000000 1.000000 -0.000000
-0.000001 1.000000 -0.000000
-0.000002 1.000000 -0.000000
-1.000000 0.000000 -0.000000
1.000000 -0.000000 -0.000000
-0.000000 0.866025 -0.500000
0.000002 0.866025 -0.500000
-0.000001 0.866025 -0.500001
0.000000 0.866025 -0.500000
0.000000 0.866025 -0.500000
-0.000000 0.866025 -0.500000
-0.000002 0.866025 -0.500001
-1.000000 0.000000 -0.000000
1.000000 -0.000000 -0.000000
-0.000000 0.500000 -0.866025
-0.000000 0.500001 -0.866025
0.000000 0.500000 -0.866025
-0.000000 0.500000 -0.866025
-0.000000 0.500000 -0.866025
0.000000 0.500000 -0.866025
0.000000 0.500000 -0.866025
-0.000000 0.000000 -1.000000
-0.000000 0.000000 -1.000000
0.000000 0.000000 -1.000000
-0.000000 0.000000 -1.000000
0.000000 0.000000 -1.000000
0.000000 0.000000 -1.000000
0.000000 0.000000 -1.000000
-1.000000 -0.000000 -0.000000
1.000000 0.000000 -0.000000
-0.000000 -0.500000 -0.866025
-0.000000 -0.500000 -0.866025
-0.000000 -0.500000 -0.866026
-0.000000 -0.500000 -0.866026
0.000000 -0.500000 -0.866025
0.000000 -0.500000 -0.866025
0.000000 -0.500000 -0.866025
-1.000000 0.000000 -0.000000
1.000000 0.000000 -0.000000
0.000000 -0.866025 -0.500000
0.000000 -0.866025 -0.500001
-0.000001 -0.866025 -0.500000
0.000000 -0.866025 -0.500000
0.000001 -0.866025 -0.500001
0.000000 -0.866025 -0.500001
-0.000000 -0.866025 -0.500001
0.000001 -0.965926 -0.258819
0.000001 -0.965926 -0.258819
-0.000001 -0.965926 -0.258819
-0.000001 -0.965926 -0.258819
0.000001 -0.965926 -0.258819
0.000001 -0.965926 -0.258819
-0.000000 -0.965926 -0.258819
0.000000 0.000000 1.000000
0.999926 -0.012160 0.000000
0.000000 0.000000 -1.000000
-0.999926 0.012160 0.000000
0.000000 -1.000000 0.000000
0.965926 0.000000 0.258819
0.866026 0.000000 0.499999
0.499999 0.000000 0.866026
-0.499999 0.000000 0.866026
-0.499999 0.000000 0.866026
-0.866026 0.000000 0.499998
-0.866026 0.000000 -0.499998
-0.499999 0.000000 -0.866026
0.499999 0.000000 -0.866026
0.866026 0.000000 -0.499999
0.965926 0.000000 -0.258819
0.975441 0.220263 0.000000
-0.976360 0.216150 0.000000
0.000166 1.000000 0.000000
-0.000769 -1.000000 0.000000
372
0 0 1 2 0 1 2 2
0 3 4 5 3 4 5 2
0 6 7 8 6 7 8 1
0 6 8 9 6 8 9 1
0 10 3 11 10 11 12 1
0 3 12 11 11 13 12 1
0 1 13 2 1 14 2 2
0 5 4 14 5 4 15 2
0 9 8 15 9 8 16 1
0 8 16 15 8 17 16 1
0 11 12 17 12 13 18 1
0 11 17 18 12 18 19 1
0 13 19 2 14 20 2 2
0 14 4 20 15 4 21 2
0 15 16 21 16 17 22 1
0 15 21 22 16 22 23 1
0 18 17 23 19 18 24 1
0 17 24 23 18 25 24 1
0 19 25 2 20 26 2 2
0 20 4 26 21 4 27 2
0 22 21 27 23 22 28 1
0 21 28 27 22 29 28 1
0 23 24 29 24 25 30 1
0 23 29 30 24 30 31 1
0 25 31 2 26 32 2 2
0 26 4 32 27 4 33 2
0 27 28 33 28 29 34 1
0 27 33 34 28 34 35 1
0 30 29 35 31 30 36 1
0 29 36 35 30 37 36 1
0 31 37 2 32 38 2 2
0 32 4 38 33 4 39 2
0 34 33 39 35 34 40 1
0 33 40 39 34 41 40 1
0 35 36 41 36 37 42 1
0 35 41 42 36 42 43 1
0 37 43 2 38 44 2 2
0 38 4 44 39 4 45 2
0 39 40 45 40 41 46 1
0 39 45 46 40 46 47 1
0 42 41 47 43 42 48 1
0 41 48 47 42 49 48 1
0 43 49 2 44 50 2 2
0 44 4 50 45 4 51 2
0 46 45 51 47 46 52 1
0 45 52 51 46 53 52 1
0 47 48 53 48 49 54 1
0 47 53 54 48 54 55 1
0 49 55 2 50 20 2 2
0 50 4 56 51 4 21 2
0 51 52 57 52 53 56 1
0 51 57 58 52 56 57 1
0 54 53 59 55 54 58 1
0 53 60 59 54 59 58 1
0 55 61 2 20 60 2 2
0 56 4 62 21 4 15 2
0 58 57 63 57 56 61 1
0 57 64 63 56 62 61 1
0 59 60 65 58 59 63 1
0 59 65 66 58 63 64 1
0 61 67 2 60 65 2 2
0 62 4 68 15 4 66 2
0 63 64 69 61 62 67 1
0 63 69 70 61 67 68 1
0 66 65 71 64 63 69 1
0 65 72 71 63 70 69 1
0 67 0 2 65 0 2 2
0 68 4 3 66 4 3 2
0 70 69 73 68 67 71 1
0 69 74 73 67 72 71 1
0 71 72 75 69 70 73 1
0 71 75 76 69 73 74 1
0 77 78 79 75 76 77 2
0 80 81 82 78 79 80 2
0 83 84 85 81 82 83 1
0 86 83 85 84 81 83 1
0 87 82 88 85 86 87 1
0 87 89 82 85 88 86 1
0 77 90 78 75 89 76 2
0 91 81 80 90 79 78 2
0 92 83 86 91 81 84 1
0 92 93 83 91 92 81 1
0 94 89 87 93 88 85 1
0 95 94 87 94 93 85 1
0 77 96 90 75 95 89 2
0 97 81 91 96 79 90 2
0 98 93 92 97 92 91 1
0 99 98 92 23 97 91 1
0 100 94 95 98 93 94 1
0 100 101 94 98 99 93 1
0 77 102 96 75 100 95 2
0 103 81 97 101 79 96 2
0 104 98 99 102 97 23 1
0 104 105 98 102 103 97 1
0 106 101 100 104 99 98 1
0 107 106 100 105 104 98 1
0 77 108 102 75 106 100 2
0 109 81 103 107 79 101 2
0 110 105 104 108 103 102 1
0 111 110 104 109 108 102 1
0 112 106 107 110 104 105 1
0 112 113 106 110 111 104 1
0 77 114 108 75 112 106 2
0 115 81 109 113 79 107 2
0 116 110 111 114 108 109 1
0 116 117 110 114 115 108 1
0 118 113 112 116 111 110 1
0 119 118 112 43 116 110 1
0 77 120 114 75 117 112 2
0 121 81 115 118 79 113 2
0 122 117 116 119 115 114 1
0 123 122 116 120 119 114 1
0 124 118 119 121 116 43 1
0 124 125 118 121 122 116 1
0 77 126 120 75 123 117 2
0 127 81 121 124 79 118 2
0 128 122 123 125 119 120 1
0 128 129 122 125 126 119 1
0 130 125 124 127 122 121 1
0 131 130 124 128 127 121 1
0 77 132 126 75 95 123 2
0 133 81 127 96 79 124 2
0 134 129 128 129 126 125 1
0 135 134 128 57 129 125 1
0 136 130 131 130 127 128 1
0 136 137 130 130 131 127 1
0 77 138 132 75 132 95 2
0 139 81 133 90 79 96 2
0 140 134 135 133 129 57 1
0 140 141 134 133 134 129 1
0 142 137 136 135 131 130 1
0 143 142 136 136 135 130 1
0 77 144 138 75 137 132 2
0 145 81 139 138 79 90 2
0 146 141 140 139 134 133 1
0 147 146 140 140 139 133 1
0 148 142 143 141 135 136 1
0 148 149 142 141 142 135 1
0 77 79 144 75 77 137 2
0 82 81 145 80 79 138 2
0 150 146 147 143 139 140 1
0 150 151 146 143 144 139 1
0 152 149 148 145 142 141 1
0 153 152 148 146 145 141 1
0 154 155 156 147 148 149 2
0 157 158 159 150 151 152 2
0 160 161 162 153 154 155 1
0 160 162 163 153 155 156 1
0 161 164 162 154 157 155 1
0 164 165 162 157 158 155 1
0 164 166 167 157 159 160 1
0 164 167 165 157 160 158 1
0 166 168 167 159 161 160 1
0 168 169 167 161 162 160 1
0 168 170 171 161 163 164 1
0 168 171 169 161 164 162 1
0 170 157 171 163 165 164 1
0 157 172 171 165 166 164 1
0 155 173 156 148 167 149 2
0 159 158 174 152 151 168 2
0 163 162 175 156 155 169 1
0 162 176 175 155 170 169 1
0 162 165 177 155 158 171 1
0 162 177 176 155 171 170 1
0 165 167 177 158 160 171 1
0 167 178 177 160 172 171 1
0 167 169 179 160 162 173 1
0 167 179 178 160 173 172 1
0 169 171 179 162 164 173 1
0 171 180 179 164 174 173 1
0 171 172 181 164 166 175 1
0 171 181 180 164 175 174 1
0 173 182 156 167 176 149 2
0 174 158 183 168 151 177 2
0 175 176 184 169 170 178 1
0 175 184 185 169 178 179 1
0 176 177 184 170 171 178 1
0 177 186 184 171 180 178 1
0 177 178 187 171 172 181 1
0 177 187 186 171 181 180 1
0 178 179 187 172 173 181 1
0 179 188 187 173 182 181 1
0 179 180 189 173 174 183 1
0 179 189 188 173 183 182 1
0 180 181 189 174 175 183 1
0 181 190 189 175 184 183 1
0 182 191 156 176 185 149 2
0 183 158 192 177 151 186 2
0 185 184 193 179 178 187 1
0 184 194 193 178 188 187 1
0 184 186 195 178 180 189 1
0 184 195 194 178 189 188 1
0 186 187 195 180 181 189 1
0 187 196 195 181 190 189 1
0 187 188 197 181 182 191 1
0 187 197 196 181 191 190 1
0 188 189 197 182 183 191 1
0 189 198 197 183 192 191 1
0 189 190 199 183 184 193 1
0 189 199 198 183 193 192 1
0 191 200 156 185 194 149 2
0 192 158 201 186 151 195 2
0 193 194 202 187 188 196 1
0 193 202 203 187 196 197 1
0 194 195 202 188 189 196 1
0 195 204 202 189 198 196 1
0 195 196 205 189 190 199 1
0 195 205 204 189 199 198 1
0 196 197 205 190 191 199 1
0 197 206 205 191 200 199 1
0 197 198 207 191 192 201 1
0 197 207 206 191 201 200 1
0 198 199 207 192 193 201 1
0 199 208 207 193 202 201 1
0 200 209 156 194 90 149 2
0 201 158 210 195 151 15 2
0 203 202 211 197 196 203 1
0 202 212 211 196 204 203 1
0 202 204 213 196 198 205 1
0 202 213 212 196 205 204 1
0 204 205 213 198 199 205 1
0 205 214 213 199 206 205 1
0 205 206 215 199 200 207 1
0 205 215 214 199 207 206 1
0 206 207 215 200 201 207 1
0 207 216 215 201 208 207 1
0 207 208 217 201 202 209 1
0 207 217 216 201 209 208 1
0 209 218 156 90 210 149 2
0 210 158 219 15 151 211 2
0 211 212 220 203 204 212 1
0 211 220 221 203 212 213 1
0 212 213 220 204 205 212 1
0 213 222 220 205 214 212 1
0 213 214 223 205 206 215 1
0 213 223 222 205 215 214 1
0 214 215 223 206 207 215 1
0 215 224 223 207 216 215 1
0 215 216 225 207 208 217 1
0 215 225 224 207 217 216 1
0 216 217 225 208 209 217 1
0 217 226 225 209 218 217 1
0 218 227 156 210 219 149 2
0 219 158 228 211 151 220 2
0 221 220 229 213 212 221 1
0 220 230 229 212 222 221 1
0 220 222 231 212 214 223 1
0 220 231 230 212 223 222 1
0 222 223 231 214 215 223 1
0 223 232 231 215 224 223 1
0 223 224 233 215 216 225 1
0 223 233 232 215 225 224 1
0 224 225 233 216 217 225 1
0 225 234 233 217 226 225 1
0 225 226 235 217 218 227 1
0 225 235 234 217 227 226 1
0 227 236 156 219 176 149 2
0 228 158 237 220 151 177 2
0 229 230 238 221 222 228 1
0 229 238 239 221 228 229 1
0 230 231 238 222 223 228 1
0 231 240 238 223 230 228 1
0 231 232 241 223 224 231 1
0 231 241 240 223 231 230 1
0 232 233 241 224 225 231 1
0 233 242 241 225 232 231 1
0 233 234 243 225 226 233 1
0 233 243 242 225 233 232 1
0 234 235 243 226 227 233 1
0 235 244 243 227 234 233 1
0 236 245 156 176 235 149 2
0 237 158 246 177 151 236 2
0 239 238 247 229 228 237 1
0 238 248 247 228 238 237 1
0 238 240 249 228 230 239 1
0 238 249 248 228 239 238 1
0 240 241 249 230 231 239 1
0 241 250 249 231 240 239 1
0 241 242 251 231 232 241 1
0 241 251 250 231 241 240 1
0 242 243 251 232 233 241 1
0 243 252 251 233 242 241 1
0 243 244 253 233 234 243 1
0 243 253 252 233 243 242 1
0 245 254 156 235 244 149 2
0 246 158 255 236 151 245 2
0 247 248 256 237 238 246 1
0 247 256 257 237 246 247 1
0 248 249 256 238 239 246 1
0 249 258 256 239 248 246 1
0 249 250 259 239 240 249 1
0 249 259 258 239 249 248 1
0 250 251 259 240 241 249 1
0 251 260 259 241 250 249 1
0 251 252 261 241 242 251 1
0 251 261 260 241 251 250 1
0 252 253 261 242 243 251 1
0 253 262 261 243 252 251 1
0 254 154 156 244 147 149 2
0 255 158 157 245 151 150 2
0 257 256 263 247 246 253 1
0 256 264 263 246 254 253 1
0 256 258 265 246 248 255 1
0 256 265 264 246 255 254 1
0 258 259 265 248 249 255 1
0 259 266 265 249 256 255 1
0 259 260 267 249 250 257 1
0 259 267 266 249 257 256 1
0 260 261 267 250 251 257 1
0 261 268 267 251 258 257 1
0 261 262 269 251 252 259 1
0 261 269 268 251 259 258 1
0 270 271 272 260 260 260 1
0 271 273 272 260 260 260 1
0 274 275 276 261 261 261 2
0 275 277 276 261 261 261 2
0 278 279 280 262 262 262 1
0 279 281 280 262 262 262 1
0 282 283 284 263 263 263 2
0 283 285 284 263 263 263 2
0 282 286 276 43 43 43 3
0 286 287 276 43 43 43 3
0 288 283 289 264 264 264 3
0 283 277 289 264 264 264 3
0 290 291 292 264 264 264 2
0 293 294 295 265 265 266 1
0 293 295 296 265 266 266 1
0 291 297 292 264 264 264 2
0 296 295 298 266 266 267 1
0 295 299 298 266 267 267 1
0 297 300 292 264 264 264 2
0 298 299 301 267 267 260 1
0 298 301 302 267 260 260 1
0 300 303 292 264 264 264 2
0 302 301 304 260 260 268 1
0 301 305 304 260 269 268 1
0 303 306 292 264 264 264 2
0 304 305 307 268 269 270 1
0 304 307 308 268 270 270 1
0 306 309 292 264 264 264 2
0 308 307 310 270 270 90 1
0 307 311 310 270 90 90 1
0 309 312 292 264 264 264 2
0 310 311 313 90 90 271 1
0 310 313 314 90 271 271 1
0 312 315 292 264 264 264 2
0 314 313 316 271 271 272 1
0 313 317 316 271 272 272 1
0 315 318 292 264 264 264 2
0 316 317 319 272 272 262 1
0 316 319 320 272 262 262 1
0 318 321 292 264 264 264 2
0 320 319 322 262 262 273 1
0 319 323 322 262 273 273 1
0 321 324 292 264 264 264 2
0 322 323 325 273 273 274 1
0 322 325 326 273 274 274 1
0 324 290 292 264 264 264 2
0 326 325 327 274 274 275 1
0 325 328 327 274 275 275 1
0 329 330 331 260 260 260 1
0 330 332 331 260 260 260 1
0 333 334 335 276 276 276 2
0 334 336 335 276 276 276 2
0 337 338 339 262 262 262 1
0 338 340 339 262 262 262 1
0 341 342 343 277 277 277 2
0 342 344 343 277 277 277 2
0 341 345 335 278 278 278 3
0 345 346 335 278 278 278 3
0 347 342 348 279 279 279 3
0 342 336 348 279 279 279 3
"frame" 0 2
453
0 0.590910 6.717519 26.987886 0.000000 0.000000 -1
0 0.000000 6.717519 26.987886 0.000000 0.000000 -1
0 0.511743 6.717519 27.283342 0.000000 0.000000 -1
1 0.590910 1.745298 26.987886 0.000000 0.166667 -1
1 0.511743 1.745298 27.283342 0.083333 0.166667 -1
0 0.511743 6.717519 27.283342 0.083333 0.000000 -1
0 0.295455 6.717519 27.499628 0.000000 0.000000 -1
0 0.295455 6.717519 27.499628 0.166667 0.000000 -1
1 0.295455 1.745298 27.499628 0.166667 0.166667 -1
0 0.000000 6.717519 27.578798 0.000000 0.000000 -1
1 0.000000 1.745298 27.578798 0.250000 0.166667 -1
0 0.000000 6.717519 27.578798 0.250000 0.000000 -1
0 -0.295455 6.717519 27.499628 0.000000 0.000000 -1
0 -0.295455 6.717519 27.499628 0.333333 0.000000 -1
1 -0.295455 1.745298 27.499628 0.333333 0.166667 -1
0 -0.511743 6.717519 27.283342 0.000000 0.000000 -1
1 -0.511743 1.745298 27.283342 0.416667 0.166667 -1
0 -0.511743 6.717519 27.283342 0.416667 0.000000 -1
0 -0.590910 6.717519 26.987886 0.000000 0.000000 -1
0 -0.590910 6.717519 26.987886 0.500000 0.000000 -1
1 -0.590910 1.745298 26.987886 0.500000 0.166667 -1
0 -0.511743 6.717519 26.692430 0.000000 0.000000 -1
1 -0.511743 1.745298 26.692430 0.583333 0.166667 -1
0 -0.511743 6.717519 26.692430 0.583333 0.000000 -1
0 -0.295455 6.717519 26.476145 0.000000 0.000000 -1
0 -0.295455 6.717519 26.476145 0.666667 0.000000 -1
1 -0.295455 1.745298 26.476145 0.666667 0.166667 -1
0 -0.000000 6.717519 26.396975 0.000000 0.000000 -1
1 -0.000000 1.745298 26.396975 0.750000 0.166667 -1
0 -0.000000 6.717519 26.396975 0.750000 0.000000 -1
0 0.295455 6.717519 26.476145 0.000000 0.000000 -1
0 0.295455 6.717519 26.476145 0.833333 0.000000 -1
1 0.295455 1.745298 26.476145 0.833333 0.166667 -1
0 0.511743 6.717519 26.692430 0.000000 0.000000 -1
1 0.511743 1.745298 26.692430 0.916667 0.166667 -1
0 0.511743 6.717519 26.692430 0.916667 0.000000 -1
0 0.590910 6.717519 26.987886 1.000000 0.000000 -1
1 0.590910 1.745298 26.987886 1.000000 0.166667 -1
0 0.000000 1.113796 -20.982189 0.500000 1.000000 -1
0 -3.750000 2.118610 -20.982185 0.500000 0.833333 -1
0 -3.247595 2.118603 -22.857189 0.583333 0.833333 -1
0 0.000000 18.738819 -20.982182 0.500000 0.000000 -1
0 -3.247595 17.734005 -22.857182 0.583333 0.166667 -1
0 -3.750000 17.733997 -20.982185 0.500000 0.166667 -1
0 0.000000 1.113796 -20.982189 0.583333 1.000000 -1
0 -1.875000 2.118603 -24.229794 0.666667 0.833333 -1
0 0.000000 18.738819 -20.982182 0.583333 0.000000 -1
0 -1.875000 17.734005 -24.229778 0.666667 0.166667 -1
0 0.000000 1.113796 -20.982189 0.666667 1.000000 -1
0 0.000000 2.118605 -24.732193 0.750000 0.833333 -1
0 0.000000 18.738819 -20.982182 0.666667 0.000000 -1
0 0.000000 17.734009 -24.732189 0.750000 0.166667 -1
0 0.000000 1.113796 -20.982189 0.750000 1.000000 -1
0 1.875000 2.118603 -24.229794 0.833333 0.833333 -1
0 0.000000 18.738819 -20.982182 0.750000 0.000000 -1
0 1.875000 17.734005 -24.229778 0.833333 0.166667 -1
0 0.000000 1.113796 -20.982189 0.833333 1.000000 -1
0 3.247595 2.118603 -22.857189 0.916667 0.833333 -1
0 0.000000 18.738819 -20.982182 0.833333 0.000000 -1
0 3.247595 17.734005 -22.857182 0.916667 0.166667 -1
0 0.000000 1.113796 -20.982189 0.916667 1.000000 -1
0 3.750000 2.118610 -20.982185 1.000000 0.833333 -1
0 0.000000 18.738819 -20.982182 0.916667 0.000000 -1
0 3.750000 17.733997 -20.982185 1.000000 0.166667 -1
0 -6.495191 4.863802 -20.982182 0.500000 0.666667 -1
0 -5.625000 4.863804 -24.229782 0.583333 0.666667 -1
0 -3.247595 4.863800 -26.607195 0.666667 0.666667 -1
0 0.000000 4.863811 -27.477365 0.750000 0.666667 -1
0 3.247595 4.863800 -26.607195 0.833333 0.666667 -1
0 5.625000 4.863804 -24.229782 0.916667 0.666667 -1
0 6.495191 4.863802 -20.982182 1.000000 0.666667 -1
0 -7.500000 9.738806 -20.982185 0.500000 0.500000 -1
0 -6.495191 9.738802 -24.732193 0.583333 0.500000 -1
0 -3.750000 9.738808 -27.477385 0.666667 0.500000 -1
0 -0.000000 9.738810 -28.482199 0.750000 0.500000 -1
0 3.750000 9.738808 -27.477385 0.833333 0.500000 -1
0 6.495191 9.738802 -24.732193 0.916667 0.500000 -1
0 7.500000 9.738806 -20.982185 1.000000 0.500000 -1
0 -6.495191 14.988810 -20.982185 0.500000 0.333333 -1
0 -5.625000 14.988813 -24.229782 0.583333 0.333333 -1
0 -3.247595 14.988806 -26.607187 0.666667 0.333333 -1
0 0.000000 14.988810 -27.477373 0.750000 0.333333 -1
0 3.247595 14.988806 -26.607187 0.833333 0.333333 -1
0 5.625000 14.988813 -24.229782 0.916667 0.333333 -1
0 6.495191 14.988810 -20.982185 1.000000 0.333333 -1
0 7.571428 9.788280 -21.086424 0.000000 0.000000 -1
0 0.000000 9.788280 -21.086424 0.000000 0.000000 -1
0 6.557049 15.073999 -21.086424 0.000000 0.000000 -1
0 7.571428 9.788280 -3.062596 0.000000 0.166667 -1
0 6.557049 15.073997 -3.062595 0.083333 0.166667 -1
0 6.557049 15.073999 -21.086424 0.083333 0.000000 -1
0 3.785714 17.845337 -21.086428 0.000000 0.000000 -1
0 3.785714 17.845337 -21.086428 0.166667 0.000000 -1
0 3.785714 17.845337 -3.062594 0.166667 0.166667 -1
0 0.000000 18.859718 -21.086420 0.000000 0.000000 -1
0 0.000000 18.859716 -3.062595 0.250000 0.166667 -1
0 0.000000 18.859718 -21.086420 0.250000 0.000000 -1
0 -3.785714 17.845337 -21.086428 0.000000 0.000000 -1
0 -3.785714 17.845337 -21.086428 0.333333 0.000000 -1
0 -3.785714 17.845337 -3.062594 0.333333 0.166667 -1
0 -6.557049 15.073999 -21.086424 0.000000 0.000000 -1
0 -6.557049 15.073997 -3.062595 0.416667 0.166667 -1
0 -6.557049 15.073999 -21.086424 0.416667 0.000000 -1
0 -7.571428 9.788280 -21.086424 0.000000 0.000000 -1
0 -7.571428 9.788280 -21.086424 0.500000 0.000000 -1
0 -7.571428 9.788280 -3.062596 0.500000 0.166667 -1
0 -6.557049 4.877563 -21.086432 0.000000 0.000000 -1
0 -6.557049 4.877563 -3.062599 0.583333 0.166667 -1
0 -6.557049 4.877563 -21.086432 0.583333 0.000000 -1
0 -3.785714 2.106226 -21.086424 0.000000 0.000000 -1
0 -3.785714 2.106226 -21.086424 0.666667 0.000000 -1
0 -3.785714 2.106220 -3.062595 0.666667 0.166667 -1
0 -0.000000 1.091848 -21.086428 0.000000 0.000000 -1
0 -0.000000 1.091843 -3.062596 0.750000 0.166667 -1
0 -0.000000 1.091848 -21.086428 0.750000 0.000000 -1
0 3.785714 2.106226 -21.086424 0.000000 0.000000 -1
0 3.785714 2.106226 -21.086424 0.833333 0.000000 -1
0 3.785714 2.106220 -3.062595 0.833333 0.166667 -1
0 6.557049 4.877563 -21.086432 0.000000 0.000000 -1
0 6.557049 4.877563 -3.062599 0.916667 0.166667 -1
0 6.557049 4.877563 -21.086432 0.916667 0.000000 -1
0 7.571428 9.788280 -21.086424 1.000000 0.000000 -1
0 7.571428 9.788280 -3.062596 1.000000 0.166667 -1
0 0.000000 18.806141 13.840990 0.500000 1.000000 -1
0 -3.750000 17.801319 13.840982 0.500000 0.833333 -1
0 -3.247595 17.801338 15.715990 0.583333 0.833333 -1
0 0.000000 1.181098 13.840982 0.500000 0.000000 -1
0 -3.247595 2.185918 15.715986 0.583333 0.166667 -1
0 -3.750000 2.185923 13.840986 0.500000 0.166667 -1
0 0.000000 18.806141 13.840990 0.583333 1.000000 -1
0 -1.875000 17.801331 17.088594 0.666667 0.833333 -1
0 0.000000 1.181098 13.840982 0.583333 0.000000 -1
0 -1.875000 2.185918 17.088579 0.666667 0.166667 -1
0 0.000000 18.806141 13.840990 0.666667 1.000000 -1
0 0.000000 17.801331 17.590994 0.750000 0.833333 -1
0 0.000000 1.181098 13.840982 0.666667 0.000000 -1
0 0.000000 2.185913 17.590994 0.750000 0.166667 -1
0 0.000000 18.806141 13.840990 0.750000 1.000000 -1
0 1.875000 17.801331 17.088594 0.833333 0.833333 -1
0 0.000000 1.181098 13.840982 0.750000 0.000000 -1
0 1.875000 2.185918 17.088579 0.833333 0.166667 -1
0 0.000000 18.806141 13.840990 0.833333 1.000000 -1
0 3.247595 17.801338 15.715990 0.916667 0.833333 -1
0 0.000000 1.181098 13.840982 0.833333 0.000000 -1
0 3.247595 2.185918 15.715986 0.916667 0.166667 -1
0 0.000000 18.806141 13.840990 0.916667 1.000000 -1
0 3.750000 17.801319 13.840982 1.000000 0.833333 -1
0 0.000000 1.181098 13.840982 0.916667 0.000000 -1
0 3.750000 2.185923 13.840986 1.000000 0.166667 -1
0 -6.495191 15.056130 13.840982 0.500000 0.666667 -1
0 -5.625000 15.056127 17.088583 0.583333 0.666667 -1
0 -3.247595 15.056127 19.466002 0.666667 0.666667 -1
0 0.000000 15.056117 20.336168 0.750000 0.666667 -1
0 3.247595 15.056127 19.466002 0.833333 0.666667 -1
0 5.625000 15.056127 17.088583 0.916667 0.666667 -1
0 6.495191 15.056130 13.840982 1.000000 0.666667 -1
0 -7.500000 10.181121 13.840986 0.500000 0.500000 -1
0 -6.495191 10.181125 17.590998 0.583333 0.500000 -1
0 -3.750000 10.181123 20.336191 0.666667 0.500000 -1
0 0.000000 10.181115 21.341005 0.750000 0.500000 -1
0 3.750000 10.181123 20.336191 0.833333 0.500000 -1
0 6.495191 10.181125 17.590998 0.916667 0.500000 -1
0 7.500000 10.181121 13.840986 1.000000 0.500000 -1
0 -6.495191 4.931115 13.840990 0.500000 0.333333 -1
0 -5.625000 4.931110 17.088591 0.583333 0.333333 -1
0 -3.247595 4.931119 19.465994 0.666667 0.333333 -1
0 0.000000 4.931113 20.336184 0.750000 0.333333 -1
0 3.247595 4.931119 19.465994 0.833333 0.333333 -1
0 5.625000 4.931110 17.088591 0.916667 0.333333 -1
0 6.495191 4.931115 13.840990 1.000000 0.333333 -1
0 7.571428 10.131648 13.945227 0.000000 0.000000 -1
0 0.000000 10.131648 13.945227 0.000000 0.000000 -1
0 6.557049 4.845927 13.945227 0.000000 0.000000 -1
0 7.571428 10.131648 -4.078611 0.000000 0.166667 -1
0 6.557049 4.845928 -4.078619 0.083333 0.166667 -1
0 6.557049 4.845927 13.945227 0.083333 0.000000 -1
0 3.785714 2.074587 13.945230 0.000000 0.000000 -1
0 3.785714 2.074587 13.945230 0.166667 0.000000 -1
0 3.785714 2.074586 -4.078619 0.166667 0.166667 -1
0 0.000000 1.060196 13.945223 0.000000 0.000000 -1
0 0.000000 1.060201 -4.078619 0.250000 0.166667 -1
0 0.000000 1.060196 13.945223 0.250000 0.000000 -1
0 -3.785714 2.074587 13.945230 0.000000 0.000000 -1
0 -3.785714 2.074587 13.945230 0.333333 0.000000 -1
0 -3.785714 2.074586 -4.078619 0.333333 0.166667 -1
0 -6.557049 4.845927 13.945227 0.000000 0.000000 -1
0 -6.557049 4.845928 -4.078619 0.416667 0.166667 -1
0 -6.557049 4.845927 13.945227 0.416667 0.000000 -1
0 -7.571428 10.131648 13.945227 0.000000 0.000000 -1
0 -7.571428 10.131648 13.945227 0.500000 0.000000 -1
0 -7.571428 10.131648 -4.078611 0.500000 0.166667 -1
0 -6.557049 15.042367 13.945234 0.000000 0.000000 -1
0 -6.557049 15.042371 -4.078611 0.583333 0.166667 -1
0 -6.557049 15.042367 13.945234 0.583333 0.000000 -1
0 -3.785714 17.813717 13.945227 0.000000 0.000000 -1
0 -3.785714 17.813717 13.945227 0.666667 0.000000 -1
0 -3.785714 17.813713 -4.078608 0.666667 0.166667 -1
0 0.000000 18.828083 13.945230 0.000000 0.000000 -1
0 0.000000 18.828091 -4.078615 0.750000 0.166667 -1
0 0.000000 18.828083 13.945230 0.750000 0.000000 -1
0 3.785714 17.813717 13.945227 0.000000 0.000000 -1
0 3.785714 17.813717 13.945227 0.833333 0.000000 -1
0 3.785714 17.813713 -4.078608 0.833333 0.166667 -1
0 6.557049 15.042367 13.945234 0.000000 0.000000 -1
0 6.557049 15.042371 -4.078611 0.916667 0.166667 -1
0 6.557049 15.042367 13.945234 0.916667 0.000000 -1
0 7.571428 10.131648 13.945227 1.000000 0.000000 -1
0 7.571428 10.131648 -4.078611 1.000000 0.166667 -1
0 -0.013682 4.300148 24.354567 0.000000 0.000000 -1
0 -0.013682 1.800147 24.354567 0.000000 1.000000 -1
0 -0.024926 4.300148 22.515013 1.000000 0.000000 -1
0 -0.024926 1.800147 22.515013 1.000000 1.000000 -1
0 -0.024926 4.300148 22.515013 0.000000 0.000000 -1
0 -0.024926 1.800147 22.515013 0.000000 1.000000 -1
0 -3.804499 4.300148 13.857670 1.000000 0.000000 -1
0 -3.804499 1.800147 13.857670 1.000000 1.000000 -1
0 -3.804499 4.300148 13.857670 0.000000 0.000000 -1
0 -3.804499 1.800147 13.857670 0.000000 1.000000 -1
0 -4.992121 4.300148 14.202908 1.000000 0.000000 -1
0 -4.992121 1.800147 14.202908 1.000000 1.000000 -1
0 -4.992121 4.300148 14.202908 0.000000 0.000000 -1
0 -4.992121 1.800147 14.202908 0.000000 1.000000 -1
0 -0.013682 4.300148 24.354567 1.000000 0.000000 -1
0 -0.013682 1.800147 24.354567 1.000000 1.000000 -1
0 -0.013682 4.300148 24.354567 0.000000 1.000000 -1
0 -0.024926 4.300148 22.515013 1.000000 1.000000 -1
0 -0.013682 1.800147 24.354567 0.000000 0.000000 -1
0 -0.024926 1.800147 22.515013 1.000000 0.000000 -1
0 0.024926 4.300148 22.515013 1.000000 0.000000 -1
0 0.013682 1.800147 24.354567 0.000000 1.000000 -1
0 0.013682 4.300148 24.354567 0.000000 0.000000 -1
0 0.024926 1.800147 22.515013 1.000000 1.000000 -1
0 3.804499 4.300148 13.857670 1.000000 0.000000 -1
0 0.024926 1.800147 22.515013 0.000000 1.000000 -1
0 0.024926 4.300148 22.515013 0.000000 0.000000 -1
0 3.804499 1.800147 13.857670 1.000000 1.000000 -1
0 4.992121 4.300148 14.202908 1.000000 0.000000 -1
0 3.804499 1.800147 13.857670 0.000000 1.000000 -1
0 3.804499 4.300148 13.857670 0.000000 0.000000 -1
0 4.992121 1.800147 14.202908 1.000000 1.000000 -1
0 0.013682 4.300148 24.354567 1.000000 0.000000 -1
0 4.992121 1.800147 14.202908 0.000000 1.000000 -1
0 4.992121 4.300148 14.202908 0.000000 0.000000 -1
0 0.013682 1.800147 24.354567 1.000000 1.000000 -1
0 0.013682 4.300148 24.354567 0.000000 1.000000 -1
0 0.024926 4.300148 22.515013 1.000000 1.000000 -1
0 0.024926 1.800147 22.515013 1.000000 0.000000 -1
0 0.013682 1.800147 24.354567 0.000000 0.000000 -1
0 -0.622596 6.644903 24.328981 0.000000 0.000000 -1
0 -0.622596 4.071586 24.333445 0.000000 1.000000 -1
0 0.608392 6.644903 24.328981 1.000000 0.000000 -1
0 0.608392 4.071586 24.333445 1.000000 1.000000 -1
0 0.608392 6.644903 24.328981 0.000000 0.000000 -1
0 0.608392 4.071586 24.333445 0.000000 1.000000 -1
0 0.894106 6.644903 22.521292 1.000000 0.000000 -1
0 0.894106 4.071586 22.525755 1.000000 1.000000 -1
0 0.894106 6.644903 22.521292 0.000000 0.000000 -1
0 0.894106 4.071586 22.525755 0.000000 1.000000 -1
0 -0.894025 6.644903 22.521292 1.000000 0.000000 -1
0 -0.894025 4.071586 22.525755 1.000000 1.000000 -1
0 -0.894025 6.644903 22.521292 0.000000 0.000000 -1
0 -0.894025 4.071586 22.525755 0.000000 1.000000 -1
0 -0.622596 6.644903 24.328981 1.000000 0.000000 -1
0 -0.622596 4.071586 24.333445 1.000000 1.000000 -1
0 -0.622596 6.644903 24.328981 0.000000 1.000000 -1
0 0.608392 6.644903 24.328981 1.000000 1.000000 -1
0 -0.622596 4.071586 24.333445 0.000000 0.000000 -1
0 0.608392 4.071586 24.333445 1.000000 0.000000 -1
0 6.083333 4.191188 -13.914709 0.000000 0.833333 -1
0 4.333334 4.191186 -13.914709 0.000000 0.666667 -1
0 6.083336 3.973476 -13.102209 0.083333 0.833333 -1
0 4.333337 3.973479 -13.102209 0.083333 0.666667 -1
0 -0.000001 4.191187 -13.914709 0.000000 0.500000 -1
0 0.000001 3.973476 -13.102209 0.083333 0.500000 -1
0 -4.333338 4.191191 -13.914709 0.000000 0.333333 -1
0 -4.333337 3.973478 -13.102209 0.083333 0.333333 -1
0 -6.138894 4.187917 -13.914709 0.000000 0.166667 -1
0 -6.138892 3.970211 -13.102209 0.083333 0.166667 -1
0 4.333335 3.378686 -12.507418 0.166667 0.666667 -1
0 6.083336 3.378686 -12.507418 0.166667 0.833333 -1
0 0.000002 3.378685 -12.507418 0.166667 0.500000 -1
0 -4.333337 3.378686 -12.507418 0.166667 0.333333 -1
0 -6.138896 3.375419 -12.507418 0.166667 0.166667 -1
0 6.083336 2.566184 -12.289709 0.250000 0.833333 -1
0 4.333335 2.566186 -12.289709 0.250000 0.666667 -1
0 0.000001 2.566185 -12.289709 0.250000 0.500000 -1
0 -4.333335 2.566183 -12.289709 0.250000 0.333333 -1
0 -6.138894 2.562920 -12.289709 0.250000 0.166667 -1
0 4.333335 1.753684 -12.507418 0.333333 0.666667 -1
0 6.083341 1.753682 -12.507418 0.333333 0.833333 -1
0 -0.000001 1.753683 -12.507418 0.333333 0.500000 -1
0 -4.333336 1.753682 -12.507418 0.333333 0.333333 -1
0 -6.138890 1.750418 -12.507418 0.333333 0.166667 -1
0 6.083338 1.158889 -13.102209 0.416667 0.833333 -1
0 4.333335 1.158890 -13.102209 0.416667 0.666667 -1
0 0.000000 1.158893 -13.102209 0.416667 0.500000 -1
0 -4.333337 1.158892 -13.102209 0.416667 0.333333 -1
0 -6.138894 1.155625 -13.102209 0.416667 0.166667 -1
0 4.333338 0.941183 -13.914709 0.500000 0.666667 -1
0 6.083336 0.941182 -13.914709 0.500000 0.833333 -1
0 0.000002 0.941182 -13.914709 0.500000 0.500000 -1
0 -4.333337 0.941183 -13.914709 0.500000 0.333333 -1
0 -6.138892 0.937914 -13.914709 0.500000 0.166667 -1
0 6.083338 1.158889 -14.727209 0.583333 0.833333 -1
0 4.333335 1.158890 -14.727209 0.583333 0.666667 -1
0 0.000000 1.158893 -14.727209 0.583333 0.500000 -1
0 -4.333337 1.158892 -14.727209 0.583333 0.333333 -1
0 -6.138894 1.155625 -14.727209 0.583333 0.166667 -1
0 4.333335 1.753684 -15.322001 0.666667 0.666667 -1
0 6.083341 1.753682 -15.322001 0.666667 0.833333 -1
0 -0.000001 1.753683 -15.322001 0.666667 0.500000 -1
0 -4.333336 1.753682 -15.322001 0.666667 0.333333 -1
0 -6.138890 1.750418 -15.322001 0.666667 0.166667 -1
0 6.083336 2.566184 -15.539709 0.750000 0.833333 -1
0 4.333335 2.566186 -15.539709 0.750000 0.666667 -1
0 0.000001 2.566185 -15.539709 0.750000 0.500000 -1
0 -4.333335 2.566183 -15.539709 0.750000 0.333333 -1
0 -6.138894 2.562920 -15.539709 0.750000 0.166667 -1
0 4.333335 3.378686 -15.322001 0.833333 0.666667 -1
0 6.083336 3.378686 -15.322001 0.833333 0.833333 -1
0 0.000002 3.378685 -15.322001 0.833333 0.500000 -1
0 -4.333337 3.378686 -15.322001 0.833333 0.333333 -1
0 -6.138896 3.375419 -15.322001 0.833333 0.166667 -1
0 6.083336 3.973476 -14.727209 0.916667 0.833333 -1
0 4.333337 3.973479 -14.727209 0.916667 0.666667 -1
0 0.000001 3.973476 -14.727209 0.916667 0.500000 -1
0 -4.333337 3.973478 -14.727209 0.916667 0.333333 -1
0 -6.138892 3.970211 -14.727209 0.916667 0.166667 -1
0 4.333334 4.191186 -13.914709 1.000000 0.666667 -1
0 6.083333 4.191188 -13.914709 1.000000 0.833333 -1
0 -0.000001 4.191187 -13.914709 1.000000 0.500000 -1
0 -4.333338 4.191191 -13.914709 1.000000 0.333333 -1
0 -6.138894 4.187917 -13.914709 1.000000 0.166667 -1
0 -7.511909 7.076359 -10.893876 0.000000 0.000000 -1
0 -7.511910 3.034691 -8.431376 0.000000 1.000000 -1
0 -4.761911 7.076361 -10.893876 1.000000 0.000000 -1
0 -4.761913 3.034691 -8.431376 1.000000 1.000000 -1
0 -4.761911 7.076361 -10.893876 0.000000 0.000000 -1
0 -4.761913 3.034691 -8.431376 0.000000 1.000000 -1
0 -4.761911 7.076361 -16.727211 1.000000 0.000000 -1
0 -4.761913 2.984692 -19.264709 1.000000 1.000000 -1
0 -4.761911 7.076361 -16.727211 0.000000 0.000000 -1
0 -4.761913 2.984692 -19.264709 0.000000 1.000000 -1
0 -7.511909 7.076359 -16.727211 1.000000 0.000000 -1
0 -7.511910 2.984692 -19.264709 1.000000 1.000000 -1
0 -7.511909 7.076359 -16.727211 0.000000 0.000000 -1
0 -7.511910 2.984692 -19.264709 0.000000 1.000000 -1
0 -7.511909 7.076359 -10.893876 1.000000 0.000000 -1
0 -7.511910 3.034691 -8.431376 1.000000 1.000000 -1
0 -7.511909 7.076359 -10.893876 0.000000 1.000000 -1
0 -4.761911 7.076361 -10.893876 1.000000 1.000000 -1
0 -7.511910 3.034691 -8.431376 0.000000 0.000000 -1
0 -4.761913 3.034691 -8.431376 1.000000 0.000000 -1
0 4.761911 7.076361 -10.893876 1.000000 0.000000 -1
0 7.511910 3.034691 -8.431376 0.000000 1.000000 -1
0 7.511909 7.076359 -10.893876 0.000000 0.000000 -1
0 4.761913 3.034691 -8.431376 1.000000 1.000000 -1
0 4.761911 7.076361 -16.727211 1.000000 0.000000 -1
0 4.761913 3.034691 -8.431376 0.000000 1.000000 -1
0 4.761911 7.076361 -10.893876 0.000000 0.000000 -1
0 4.761913 2.984692 -19.264709 1.000000 1.000000 -1
0 7.511909 7.076359 -16.727211 1.000000 0.000000 -1
0 4.761913 2.984692 -19.264709 0.000000 1.000000 -1
0 4.761911 7.076361 -16.727211 0.000000 0.000000 -1
0 7.511910 2.984692 -19.264709 1.000000 1.000000 -1
0 7.511909 7.076359 -10.893876 1.000000 0.000000 -1
0 7.511910 2.984692 -19.264709 0.000000 1.000000 -1
0 7.511909 7.076359 -16.727211 0.000000 0.000000 -1
0 7.511910 3.034691 -8.431376 1.000000 1.000000 -1
0 7.511909 7.076359 -10.893876 0.000000 1.000000 -1
0 4.761911 7.076361 -10.893876 1.000000 1.000000 -1
0 4.761913 3.034691 -8.431376 1.000000 0.000000 -1
0 7.511910 3.034691 -8.431376 0.000000 0.000000 -1
0 -0.587010 6.672064 27.682291 0.000000 0.000000 -1
0 -0.587010 4.560953 27.682291 0.000000 1.000000 -1
0 0.642157 6.672064 27.682291 1.000000 0.000000 -1
0 0.642157 4.560953 27.682291 1.000000 1.000000 -1
0 0.642157 6.672064 27.682291 0.000000 0.000000 -1
0 0.642157 4.560953 27.682291 0.000000 1.000000 -1
0 0.642157 6.672064 22.515623 1.000000 0.000000 -1
0 0.642157 4.560953 22.515623 1.000000 1.000000 -1
0 0.642157 6.672064 22.515623 0.000000 0.000000 -1
0 0.642157 4.560953 22.515623 0.000000 1.000000 -1
0 -0.587010 6.672064 22.515623 1.000000 0.000000 -1
0 -0.587010 4.560953 22.515623 1.000000 1.000000 -1
0 -0.587010 6.672064 22.515623 0.000000 0.000000 -1
0 -0.587010 4.560953 22.515623 0.000000 1.000000 -1
0 -0.587010 6.672064 27.682291 1.000000 0.000000 -1
0 -0.587010 4.560953 27.682291 1.000000 1.000000 -1
0 -0.587010 6.672064 27.682291 0.000000 1.000000 -1
0 0.642157 6.672064 27.682291 1.000000 1.000000 -1
0 -0.587010 4.560953 27.682291 0.000000 0.000000 -1
0 0.642157 4.560953 27.682291 1.000000 0.000000 -1
0 11.827044 11.406004 3.043216 0.000000 0.000000 -1
0 6.931439 8.885403 3.043216 0.000000 1.000000 -1
0 12.493710 11.406004 3.043216 1.000000 0.000000 -1
0 7.598106 8.885403 3.043216 1.000000 1.000000 -1
0 12.493710 11.406004 3.043216 0.000000 0.000000 -1
0 7.598106 8.885403 3.043216 0.000000 1.000000 -1
0 12.493710 11.406004 2.334882 1.000000 0.000000 -1
0 7.598106 8.885403 2.334882 1.000000 1.000000 -1
0 12.493710 11.406004 2.334882 0.000000 0.000000 -1
0 7.598106 8.885403 2.334882 0.000000 1.000000 -1
0 11.827044 11.406004 2.334882 1.000000 0.000000 -1
0 6.931439 8.885403 2.334882 1.000000 1.000000 -1
0 11.827044 11.406004 2.334882 0.000000 0.000000 -1
0 6.931439 8.885403 2.334882 0.000000 1.000000 -1
0 11.827044 11.406004 3.043216 1.000000 0.000000 -1
0 6.931439 8.885403 3.043216 1.000000 1.000000 -1
0 11.827044 11.406004 3.043216 0.000000 1.000000 -1
0 12.493710 11.406004 3.043216 1.000000 1.000000 -1
0 6.931439 8.885403 3.043216 0.000000 0.000000 -1
0 7.598106 8.885403 3.043216 1.000000 0.000000 -1
0 11.827044 11.391351 12.018948 0.000000 0.000000 -1
0 6.931439 8.870750 12.018948 0.000000 1.000000 -1
0 12.493710 11.391351 12.018948 1.000000 0.000000 -1
0 7.598106 8.870750 12.018948 1.000000 1.000000 -1
0 12.493710 11.391351 12.018948 0.000000 0.000000 -1
0 7.598106 8.870750 12.018948 0.000000 1.000000 -1
0 12.493710 11.391351 11.310612 1.000000 0.000000 -1
0 7.598106 8.870750 11.310612 1.000000 1.000000 -1
0 12.493710 11.391351 11.310612 0.000000 0.000000 -1
0 7.598106 8.870750 11.310612 0.000000 1.000000 -1
0 11.827044 11.391351 11.310612 1.000000 0.000000 -1
0 6.931439 8.870750 11.310612 1.000000 1.000000 -1
0 11.827044 11.391351 11.310612 0.000000 0.000000 -1
0 6.931439 8.870750 11.310612 0.000000 1.000000 -1
0 11.827044 11.391351 12.018948 1.000000 0.000000 -1
0 6.931439 8.870750 12.018948 1.000000 1.000000 -1
0 11.827044 11.391351 12.018948 0.000000 1.000000 -1
0 12.493710 11.391351 12.018948 1.000000 1.000000 -1
0 6.931439 8.870750 12.018948 0.000000 0.000000 -1
0 7.598106 8.870750 12.018948 1.000000 0.000000 -1
0 6.047807 4.092108 10.274160 0.000000 0.000000 -1
0 7.339473 2.904608 10.274160 0.000000 1.000000 -1
0 9.433920 4.071275 10.274160 1.000000 0.000000 -1
0 9.433920 2.904608 10.274160 1.000000 1.000000 -1
0 9.433920 4.071275 10.274160 0.000000 0.000000 -1
0 9.433920 2.904608 10.274160 0.000000 1.000000 -1
0 9.433920 4.071275 4.374160 1.000000 0.000000 -1
0 9.433920 2.904608 4.374160 1.000000 1.000000 -1
0 9.433920 4.071275 4.374160 0.000000 0.000000 -1
0 9.433920 2.904608 4.374160 0.000000 1.000000 -1
0 6.047807 4.092108 4.374160 1.000000 0.000000 -1
0 7.339473 2.904608 4.374160 1.000000 1.000000 -1
0 6.047807 4.092108 4.374160 0.000000 0.000000 -1
0 7.339473 2.904608 4.374160 0.000000 1.000000 -1
0 6.047807 4.092108 10.274160 1.000000 0.000000 -1
0 7.339473 2.904608 10.274160 1.000000 1.000000 -1
0 6.047807 4.092108 10.274160 0.000000 1.000000 -1
0 9.433920 4.071275 10.274160 1.000000 1.000000 -1
0 7.339473 2.904608 10.274160 0.000000 0.000000 -1
0 9.433920 2.904608 10.274160 1.000000 0.000000 -1
298
0.000000 1.000000 0.000000
0.965926 0.000000 0.258818
0.866024 0.000000 0.500002
0.500002 0.000000 0.866024
0.000000 0.000000 1.000000
-0.500002 0.000000 0.866024
-0.866024 0.000000 0.500002
-0.866024 0.000000 0.500002
-1.000000 0.000000 0.000000
-0.866024 0.000000 -0.500002
-0.500002 0.000000 -0.866024
0.000000 0.000000 -1.000000
0.500002 0.000000 -0.866024
0.866024 0.000000 -0.500002
0.866024 0.000000 -0.500002
0.965926 0.000000 -0.258818
-0.258200 -0.963611 -0.069180
-0.566929 -0.809640 -0.151906
-0.431483 -0.867044 -0.249114
-0.258202 0.963611 -0.069181
-0.431482 0.867044 -0.249114
-0.566928 0.809640 -0.151905
-0.189015 -0.963612 -0.189013
-0.286791 -0.819146 -0.496739
-0.189016 0.963611 -0.189015
-0.286793 0.819146 -0.496738
-0.069182 -0.963612 -0.258198
0.000000 -0.867043 -0.498234
-0.069187 0.963611 -0.258199
0.000000 0.867044 -0.498232
0.069182 -0.963612 -0.258198
0.286791 -0.819146 -0.496739
0.069187 0.963611 -0.258199
0.286793 0.819146 -0.496738
0.189015 -0.963612 -0.189013
0.431483 -0.867044 -0.249114
0.189016 0.963611 -0.189015
0.431482 0.867044 -0.249114
0.258200 -0.963611 -0.069180
0.566928 -0.809640 -0.151906
0.258202 0.963611 -0.069181
0.566928 0.809640 -0.151905
-0.855746 -0.463813 -0.229296
-0.761384 -0.476508 -0.439584
-0.439583 -0.476508 -0.761385
0.000000 -0.476508 -0.879170
0.439583 -0.476508 -0.761385
0.761384 -0.476508 -0.439584
0.855746 -0.463813 -0.229296
-0.965903 -0.006858 -0.258813
-0.866004 -0.007100 -0.499987
-0.499987 -0.007099 -0.866004
0.000000 -0.007100 -0.999975
0.499987 -0.007099 -0.866004
0.866004 -0.007100 -0.499987
0.965903 -0.006858 -0.258813
-0.858798 0.457727 -0.230114
-0.764250 0.470350 -0.441240
-0.441239 0.470350 -0.764251
0.000000 0.470350 -0.882480
0.441239 0.470350 -0.764251
0.764250 0.470350 -0.441240
0.858798 0.457727 -0.230114
0.000000 0.000001 -1.000000
0.000000 0.000000 -1.000000
0.000000 -0.000000 -1.000000
0.982079 0.188470 0.000000
0.982079 0.188470 0.000000
0.883506 0.468419 0.000000
0.883506 0.468419 0.000000
-0.000001 -0.000000 -1.000000
0.500000 0.866025 0.000000
0.500000 0.866025 0.000000
0.000000 0.000000 -1.000000
0.000000 1.000000 0.000000
0.000000 1.000000 0.000000
0.000001 -0.000000 -1.000000
-0.500000 0.866025 0.000000
-0.500000 0.866025 0.000000
-0.000000 -0.000000 -1.000000
-0.883506 0.468419 0.000000
-0.883506 0.468419 0.000000
-0.999975 -0.007048 0.000000
-0.999975 -0.007048 0.000000
0.000001 0.000000 -1.000000
-0.880183 -0.474634 -0.000000
-0.880183 -0.474634 0.000000
0.000000 -0.000000 -1.000000
-0.500000 -0.866025 -0.000000
-0.500000 -0.866025 -0.000000
0.000000 0.000000 -1.000000
0.000000 -1.000000 -0.000000
0.000000 -1.000000 -0.000000
-0.000000 -0.000000 -1.000000
0.500000 -0.866025 -0.000000
0.500000 -0.866025 -0.000000
-0.000001 0.000000 -1.000000
0.880183 -0.474634 -0.000000
0.880183 -0.474634 0.000000
0.979325 -0.202294 0.000000
-0.258202 0.963611 0.069175
-0.566930 0.809639 0.151902
-0.431484 0.867044 0.249113
-0.258202 -0.963611 0.069182
-0.431482 -0.867044 0.249115
-0.566928 -0.809640 0.151906
-0.189012 0.963612 0.189016
-0.286791 0.819146 0.496741
-0.189016 -0.963611 0.189017
-0.286793 -0.819146 0.496738
-0.069183 0.963611 0.258199
0.000000 0.867042 0.498234
-0.069188 -0.963611 0.258199
0.000000 -0.867044 0.498232
0.069183 0.963611 0.258199
0.286791 0.819146 0.496741
0.069188 -0.963611 0.258199
0.286793 -0.819146 0.496738
0.189012 0.963612 0.189016
0.431484 0.867044 0.249113
0.189016 -0.963611 0.189017
0.431482 -0.867044 0.249115
0.258202 0.963611 0.069175
0.566930 0.809639 0.151902
0.258202 -0.963611 0.069182
0.566928 -0.809640 0.151906
-0.855745 0.463813 0.229296
-0.761384 0.476508 0.439584
-0.439583 0.476508 0.761385
0.000000 0.476507 0.879170
0.439583 0.476508 0.761385
0.761384 0.476508 0.439584
0.855745 0.463813 0.229296
-0.965903 0.006858 0.258812
-0.866004 0.007100 0.499987
-0.499987 0.007100 0.866004
0.000000 0.007101 0.999975
0.499987 0.007100 0.866004
0.866004 0.007100 0.499987
0.965903 0.006858 0.258812
-0.858798 -0.457727 0.230113
-0.764250 -0.470350 0.441240
-0.441240 -0.470350 0.764250
-0.000000 -0.470350 0.882480
0.441240 -0.470350 0.764250
0.764250 -0.470350 0.441240
0.858798 -0.457727 0.230113
0.000000 -0.000001 1.000000
-0.000000 -0.000000 1.000000
0.000000 0.000000 1.000000
0.982079 -0.188470 0.000000
0.982079 -0.188470 -0.000000
0.883506 -0.468419 0.000000
0.883506 -0.468419 -0.000000
-0.000001 0.000000 1.000000
0.500001 -0.866025 -0.000000
0.500001 -0.866025 0.000000
0.000000 -0.000000 1.000000
-0.000000 -1.000000 -0.000000
0.000000 -1.000000 -0.000000
0.000001 0.000000 1.000000
-0.500001 -0.866025 -0.000000
-0.500001 -0.866025 0.000000
-0.000000 0.000000 1.000000
-0.883506 -0.468419 0.000000
-0.883506 -0.468419 -0.000000
-0.999975 0.007048 0.000000
-0.999975 0.007047 0.000000
0.000001 -0.000000 1.000000
-0.880184 0.474634 0.000000
-0.880184 0.474633 0.000000
0.000000 0.000000 1.000000
-0.500000 0.866025 0.000000
-0.500000 0.866025 -0.000000
0.000000 -0.000000 1.000000
-0.000000 1.000000 0.000000
0.000000 1.000000 0.000000
-0.000000 0.000000 1.000000
0.500000 0.866025 0.000000
0.500000 0.866025 -0.000000
-0.000001 -0.000000 1.000000
0.880183 0.474634 0.000000
0.880184 0.474633 0.000000
0.979325 0.202293 0.000000
0.979325 0.202293 0.000000
0.999981 0.000000 -0.006112
0.916469 0.000000 -0.400107
-0.279141 0.000000 -0.960250
-0.897846 0.000000 0.440309
0.000000 -1.000000 0.000000
-0.999981 0.000000 -0.006112
-0.916469 0.000000 -0.400107
0.279141 0.000000 -0.960250
0.897846 0.000000 0.440309
0.000000 0.001734 0.999999
0.987739 0.000271 0.156117
0.000000 -0.001734 -0.999999
-0.988914 0.000258 0.148488
-0.000001 0.965925 0.258822
-0.000000 0.965926 0.258820
0.000000 0.866025 0.500000
0.000000 0.866026 0.500000
0.000001 0.965925 0.258822
0.000000 0.866025 0.500001
-0.000875 0.965925 0.258821
-0.000783 0.866024 0.500002
-0.001751 0.965925 0.258815
-0.001568 0.866024 0.500000
0.000000 0.500000 0.866026
0.000000 0.500000 0.866025
-0.000000 0.500000 0.866025
-0.000452 0.500000 0.866026
-0.000905 0.500000 0.866025
-0.000000 0.000000 1.000000
0.000000 0.000000 1.000000
0.000000 0.000000 1.000000
0.000000 -0.000000 1.000000
-0.000000 0.000000 1.000000
-0.000000 -0.499999 0.866026
-0.000000 -0.499999 0.866026
0.000000 -0.500000 0.866025
0.000452 -0.500000 0.866025
0.000904 -0.499999 0.866026
-0.000000 -0.866026 0.500000
-0.000001 -0.866025 0.500000
-0.000000 -0.866025 0.500000
0.000784 -0.866025 0.499999
0.001567 -0.866024 0.500000
-0.000000 -1.000000 0.000000
-0.000000 -1.000000 0.000000
0.000000 -1.000000 0.000000
0.000905 -1.000000 -0.000000
0.001811 -0.999998 0.000000
-0.000000 -0.866026 -0.500000
-0.000001 -0.866025 -0.500000
-0.000000 -0.866025 -0.500000
0.000784 -0.866025 -0.499999
0.001567 -0.866024 -0.500000
-0.000000 -0.499999 -0.866026
-0.000000 -0.499999 -0.866026
0.000000 -0.500000 -0.866025
0.000452 -0.500000 -0.866025
0.000904 -0.499999 -0.866026
-0.000000 0.000000 -1.000000
0.000000 0.000000 -1.000000
0.000000 0.000000 -1.000000
0.000000 -0.000000 -1.000000
-0.000000 0.000000 -1.000000
0.000000 0.500000 -0.866026
0.000000 0.500000 -0.866025
-0.000000 0.500000 -0.866025
-0.000452 0.500000 -0.866026
-0.000905 0.500000 -0.866025
0.000000 0.866025 -0.500000
0.000000 0.866026 -0.500000
0.000000 0.866025 -0.500001
-0.000783 0.866024 -0.500002
-0.001568 0.866024 -0.500000
-0.000000 0.965926 -0.258820
-0.000001 0.965925 -0.258822
0.000001 0.965925 -0.258822
-0.000875 0.965925 -0.258821
-0.001751 0.965925 -0.258815
-0.000000 0.520310 0.853978
-0.000000 0.520310 0.853978
0.000000 0.520310 0.853978
1.000000 -0.000000 0.000000
1.000000 -0.000000 0.000000
1.000000 -0.000000 0.000000
-0.000000 0.527039 -0.849841
-0.000000 0.527039 -0.849841
0.000000 0.527039 -0.849841
-1.000000 0.000000 0.000000
-1.000000 0.000000 -0.000000
-1.000000 0.000000 -0.000000
-0.000001 1.000000 0.000000
-0.000000 -0.999989 0.004615
0.000000 0.520310 0.853978
0.000000 0.520310 0.853978
-0.000000 0.520310 0.853978
-1.000000 -0.000000 0.000000
-1.000000 -0.000000 0.000000
-1.000000 -0.000000 0.000000
0.000000 0.527039 -0.849841
0.000000 0.527039 -0.849841
-0.000000 0.527039 -0.849841
1.000000 0.000000 -0.000000
1.000000 0.000000 0.000000
1.000000 0.000000 -0.000000
0.000001 1.000000 0.000000
0.000000 -0.999989 0.004615
1.000000 0.000000 0.000000
0.457759 -0.889076 0.000000
-0.457759 0.889076 0.000000
0.457759 -0.889076 0.000000
-0.457759 0.889076 0.000000
-0.676799 -0.736168 0.000000
0.006153 0.999981 0.000000
432
0 0 1 2 0 0 0 2
0 3 0 4 1 1 2 1
0 0 5 4 1 2 2 1
0 2 1 6 0 0 0 2
0 4 5 7 2 2 3 1
0 4 7 8 2 3 3 1
0 6 1 9 0 0 0 2
0 8 7 10 3 3 4 1
0 7 11 10 3 4 4 1
0 9 1 12 0 0 0 2
0 10 11 13 4 4 5 1
0 10 13 14 4 5 5 1
0 12 1 15 0 0 0 2
0 14 13 16 5 5 6 1
0 13 17 16 5 7 6 1
0 15 1 18 0 0 0 2
0 16 17 19 6 7 8 1
0 16 19 20 6 8 8 1
0 18 1 21 0 0 0 2
0 20 19 22 8 8 9 1
0 19 23 22 8 9 9 1
0 21 1 24 0 0 0 2
0 22 23 25 9 9 10 1
0 22 25 26 9 10 10 1
0 24 1 27 0 0 0 2
0 26 25 28 10 10 11 1
0 25 29 28 10 11 11 1
0 27 1 30 0 0 0 2
0 28 29 31 11 11 12 1
0 28 31 32 11 12 12 1
0 30 1 33 0 0 0 2
0 32 31 34 12 12 13 1
0 31 35 34 12 14 13 1
0 33 1 0 0 0 0 2
0 34 35 36 13 14 15 1
0 34 36 37 13 15 15 1
0 38 39 40 16 17 18 1
0 41 42 43 19 20 21 1
0 44 40 45 22 18 23 1
0 46 47 42 24 25 20 1
0 48 45 49 26 23 27 1
0 50 51 47 28 29 25 1
0 52 49 53 30 27 31 1
0 54 55 51 32 33 29 1
0 56 53 57 34 31 35 1
0 58 59 55 36 37 33 1
0 60 57 61 38 35 39 1
0 62 63 59 40 41 37 1
0 39 64 65 17 42 43 1
0 39 65 40 17 43 18 1
0 40 65 45 18 43 23 1
0 65 66 45 43 44 23 1
0 45 66 67 23 44 45 1
0 45 67 49 23 45 27 1
0 49 67 53 27 45 31 1
0 67 68 53 45 46 31 1
0 53 68 69 31 46 47 1
0 53 69 57 31 47 35 1
0 57 69 61 35 47 39 1
0 69 70 61 47 48 39 1
0 64 71 65 42 49 43 1
0 71 72 65 49 50 43 1
0 65 72 73 43 50 51 1
0 65 73 66 43 51 44 1
0 66 73 67 44 51 45 1
0 73 74 67 51 52 45 1
0 67 74 75 45 52 53 1
0 67 75 68 45 53 46 1
0 68 75 69 46 53 47 1
0 75 76 69 53 54 47 1
0 69 76 77 47 54 55 1
0 69 77 70 47 55 48 1
0 71 78 79 49 56 57 1
0 71 79 72 49 57 50 1
0 72 79 73 50 57 51 1
0 79 80 73 57 58 51 1
0 73 80 81 51 58 59 1
0 73 81 74 51 59 52 1
0 74 81 75 52 59 53 1
0 81 82 75 59 60 53 1
0 75 82 83 53 60 61 1
0 75 83 76 53 61 54 1
0 76 83 77 54 61 55 1
0 83 84 77 61 62 55 1
0 78 43 79 56 21 57 1
0 43 42 79 21 20 57 1
0 79 42 47 57 20 25 1
0 79 47 80 57 25 58 1
0 80 47 81 58 25 59 1
0 47 51 81 25 29 59 1
0 81 51 55 59 29 33 1
0 81 55 82 59 33 60 1
0 82 55 83 60 33 61 1
0 55 59 83 33 37 61 1
0 83 59 63 61 37 41 1
0 83 63 84 61 41 62 1
0 85 86 87 63 64 65 2
0 88 85 89 66 67 68 1
0 85 90 89 67 69 68 1
0 87 86 91 65 64 70 2
0 89 90 92 68 69 71 1
0 89 92 93 68 71 72 1
0 91 86 94 70 64 73 2
0 93 92 95 72 71 74 1
0 92 96 95 71 75 74 1
0 94 86 97 73 64 76 2
0 95 96 98 74 75 77 1
0 95 98 99 74 77 78 1
0 97 86 100 76 64 79 2
0 99 98 101 78 77 80 1
0 98 102 101 77 81 80 1
0 100 86 103 79 64 63 2
0 101 102 104 80 81 82 1
0 101 104 105 80 82 83 1
0 103 86 106 63 64 84 2
0 105 104 107 83 82 85 1
0 104 108 107 82 86 85 1
0 106 86 109 84 64 87 2
0 107 108 110 85 86 88 1
0 107 110 111 85 88 89 1
0 109 86 112 87 64 90 2
0 111 110 113 89 88 91 1
0 110 114 113 88 92 91 1
0 112 86 115 90 64 93 2
0 113 114 116 91 92 94 1
0 113 116 117 91 94 95 1
0 115 86 118 93 64 96 2
0 117 116 119 95 94 97 1
0 116 120 119 94 98 97 1
0 118 86 85 96 64 63 2
0 119 120 121 97 98 99 1
0 119 121 122 97 99 99 1
0 123 124 125 100 101 102 1
0 126 127 128 103 104 105 1
0 129 125 130 106 102 107 1
0 131 132 127 108 109 104 1
0 133 130 134 110 107 111 1
0 135 136 132 112 113 109 1
0 137 134 138 114 111 115 1
0 139 140 136 116 117 113 1
0 141 138 142 118 115 119 1
0 143 144 140 120 121 117 1
0 145 142 146 122 119 123 1
0 147 148 144 124 125 121 1
0 124 149 150 101 126 127 1
0 124 150 125 101 127 102 1
0 125 150 130 102 127 107 1
0 150 151 130 127 128 107 1
0 130 151 152 107 128 129 1
0 130 152 134 107 129 111 1
0 134 152 138 111 129 115 1
0 152 153 138 129 130 115 1
0 138 153 154 115 130 131 1
0 138 154 142 115 131 119 1
0 142 154 146 119 131 123 1
0 154 155 146 131 132 123 1
0 149 156 150 126 133 127 1
0 156 157 150 133 134 127 1
0 150 157 158 127 134 135 1
0 150 158 151 127 135 128 1
0 151 158 152 128 135 129 1
0 158 159 152 135 136 129 1
0 152 159 160 129 136 137 1
0 152 160 153 129 137 130 1
0 153 160 154 130 137 131 1
0 160 161 154 137 138 131 1
0 154 161 162 131 138 139 1
0 154 162 155 131 139 132 1
0 156 163 164 133 140 141 1
0 156 164 157 133 141 134 1
0 157 164 158 134 141 135 1
0 164 165 158 141 142 135 1
0 158 165 166 135 142 143 1
0 158 166 159 135 143 136 1
0 159 166 160 136 143 137 1
0 166 167 160 143 144 137 1
0 160 167 168 137 144 145 1
0 160 168 161 137 145 138 1
0 161 168 162 138 145 139 1
0 168 169 162 145 146 139 1
0 163 128 164 140 105 141 1
0 128 127 164 105 104 141 1
0 164 127 132 141 104 109 1
0 164 132 165 141 109 142 1
0 165 132 166 142 109 143 1
0 132 136 166 109 113 143 1
0 166 136 140 143 113 117 1
0 166 140 167 143 117 144 1
0 167 140 168 144 117 145 1
0 140 144 168 117 121 145 1
0 168 144 148 145 121 125 1
0 168 148 169 145 125 146 1
0 170 171 172 147 148 149 2
0 173 170 174 150 151 152 1
0 170 175 174 151 153 152 1
0 172 171 176 149 148 154 2
0 174 175 177 152 153 155 1
0 174 177 178 152 155 156 1
0 176 171 179 154 148 157 2
0 178 177 180 156 155 158 1
0 177 181 180 155 159 158 1
0 179 171 182 157 148 160 2
0 180 181 183 158 159 161 1
0 180 183 184 158 161 162 1
0 182 171 185 160 148 163 2
0 184 183 186 162 161 164 1
0 183 187 186 161 165 164 1
0 185 171 188 163 148 147 2
0 186 187 189 164 165 166 1
0 186 189 190 164 166 167 1
0 188 171 191 147 148 168 2
0 190 189 192 167 166 169 1
0 189 193 192 166 170 169 1
0 191 171 194 168 148 171 2
0 192 193 195 169 170 172 1
0 192 195 196 169 172 173 1
0 194 171 197 171 148 174 2
0 196 195 198 173 172 175 1
0 195 199 198 172 176 175 1
0 197 171 200 174 148 177 2
0 198 199 201 175 176 178 1
0 198 201 202 175 178 179 1
0 200 171 203 177 148 180 2
0 202 201 204 179 178 181 1
0 201 205 204 178 182 181 1
0 203 171 170 180 148 147 2
0 204 205 206 181 182 183 1
0 204 206 207 181 183 184 1
0 208 209 210 185 185 185 1
0 209 211 210 185 185 185 1
0 212 213 214 186 186 186 2
0 213 215 214 186 186 186 2
0 216 217 218 187 187 187 1
0 217 219 218 187 187 187 1
0 220 221 222 188 188 188 2
0 221 223 222 188 188 188 2
0 220 224 214 0 0 0 3
0 224 225 214 0 0 0 3
0 226 221 227 189 189 189 3
0 221 215 227 189 189 189 3
0 228 229 230 190 190 190 1
0 228 231 229 190 190 190 1
0 232 233 234 191 191 191 2
0 232 235 233 191 191 191 2
0 236 237 238 192 192 192 1
0 236 239 237 192 192 192 1
0 240 241 242 193 193 193 2
0 240 243 241 193 193 193 2
0 232 244 242 0 0 0 3
0 232 245 244 0 0 0 3
0 246 241 247 189 189 189 3
0 246 235 241 189 189 189 3
0 248 249 250 194 194 194 1
0 249 251 250 194 194 194 1
0 252 253 254 195 195 195 2
0 253 255 254 195 195 195 2
0 256 257 258 196 196 196 1
0 257 259 258 196 196 196 1
0 260 261 262 197 197 197 2
0 261 263 262 197 197 197 2
0 260 264 254 0 0 0 3
0 264 265 254 0 0 0 3
0 266 261 267 189 189 189 3
0 261 255 267 189 189 189 3
0 268 269 270 198 199 200 1
0 269 271 270 199 201 200 1
0 269 272 273 199 202 203 1
0 269 273 271 199 203 201 1
0 272 274 273 202 204 203 1
0 274 275 273 204 205 203 1
0 274 276 277 204 206 207 1
0 274 277 275 204 207 205 1
0 270 271 278 200 201 208 1
0 270 278 279 200 208 209 1
0 271 273 278 201 203 208 1
0 273 280 278 203 210 208 1
0 273 275 281 203 205 211 1
0 273 281 280 203 211 210 1
0 275 277 281 205 207 211 1
0 277 282 281 207 212 211 1
0 279 278 283 209 208 213 1
0 278 284 283 208 214 213 1
0 278 280 285 208 210 215 1
0 278 285 284 208 215 214 1
0 280 281 285 210 211 215 1
0 281 286 285 211 216 215 1
0 281 282 287 211 212 217 1
0 281 287 286 211 217 216 1
0 283 284 288 213 214 218 1
0 283 288 289 213 218 219 1
0 284 285 288 214 215 218 1
0 285 290 288 215 220 218 1
0 285 286 291 215 216 221 1
0 285 291 290 215 221 220 1
0 286 287 291 216 217 221 1
0 287 292 291 217 222 221 1
0 289 288 293 219 218 223 1
0 288 294 293 218 224 223 1
0 288 290 295 218 220 225 1
0 288 295 294 218 225 224 1
0 290 291 295 220 221 225 1
0 291 296 295 221 226 225 1
0 291 292 297 221 222 227 1
0 291 297 296 221 227 226 1
0 293 294 298 223 224 228 1
0 293 298 299 223 228 229 1
0 294 295 298 224 225 228 1
0 295 300 298 225 230 228 1
0 295 296 301 225 226 231 1
0 295 301 300 225 231 230 1
0 296 297 301 226 227 231 1
0 297 302 301 227 232 231 1
0 299 298 303 229 228 233 1
0 298 304 303 228 234 233 1
0 298 300 305 228 230 235 1
0 298 305 304 228 235 234 1
0 300 301 305 230 231 235 1
0 301 306 305 231 236 235 1
0 301 302 307 231 232 237 1
0 301 307 306 231 237 236 1
0 303 304 308 233 234 238 1
0 303 308 309 233 238 239 1
0 304 305 308 234 235 238 1
0 305 310 308 235 240 238 1
0 305 306 311 235 236 241 1
0 305 311 310 235 241 240 1
0 306 307 311 236 237 241 1
0 307 312 311 237 242 241 1
0 309 308 313 239 238 243 1
0 308 314 313 238 244 243 1
0 308 310 315 238 240 245 1
0 308 315 314 238 245 244 1
0 310 311 315 240 241 245 1
0 311 316 315 241 246 245 1
0 311 312 317 241 242 247 1
0 311 317 316 241 247 246 1
0 313 314 318 243 244 248 1
0 313 318 319 243 248 249 1
0 314 315 318 244 245 248 1
0 315 320 318 245 250 248 1
0 315 316 321 245 246 251 1
0 315 321 320 245 251 250 1
0 316 317 321 246 247 251 1
0 317 322 321 247 252 251 1
0 319 318 323 249 248 253 1
0 318 324 323 248 254 253 1
0 318 320 325 248 250 255 1
0 318 325 324 248 255 254 1
0 320 321 325 250 251 255 1
0 321 326 325 251 256 255 1
0 321 322 327 251 252 257 1
0 321 327 326 251 257 256 1
0 323 324 328 253 254 258 1
0 323 328 329 253 258 259 1
0 324 325 328 254 255 258 1
0 325 330 328 255 260 258 1
0 325 326 331 255 256 261 1
0 325 331 330 255 261 260 1
0 326 327 331 256 257 261 1
0 327 332 331 257 262 261 1
0 333 334 335 263 264 264 1
0 334 336 335 264 265 264 1
0 337 338 339 266 267 267 2
0 338 340 339 267 268 267 2
0 341 342 343 269 270 270 1
0 342 344 343 270 271 270 1
0 345 346 347 272 273 273 2
0 346 348 347 273 274 273 2
0 345 349 339 275 275 275 3
0 349 350 339 275 275 275 3
0 351 346 352 276 276 276 3
0 346 340 352 276 276 276 3
0 353 354 355 277 277 278 1
0 353 356 354 277 279 277 1
0 357 358 359 280 280 281 2
0 357 360 358 280 282 280 2
0 361 362 363 283 283 284 1
0 361 364 362 283 285 283 1
0 365 366 367 286 286 287 2
0 365 368 366 286 288 286 2
0 357 369 367 289 289 289 3
0 357 370 369 289 289 289 3
0 371 366 372 290 290 290 3
0 371 360 366 290 290 290 3
0 373 374 375 4 4 4 1
0 374 376 375 4 4 4 1
0 377 378 379 291 291 291 2
0 378 380 379 291 291 291 2
0 381 382 383 11 11 11 1
0 382 384 383 11 11 11 1
0 385 386 387 8 8 8 2
0 386 388 387 8 8 8 2
0 385 389 379 0 0 0 3
0 389 390 379 0 0 0 3
0 391 386 392 189 189 189 3
0 386 380 392 189 189 189 3
0 393 394 395 4 4 4 1
0 394 396 395 4 4 4 1
0 397 398 399 292 292 292 2
0 398 400 399 292 292 292 2
0 401 402 403 11 11 11 1
0 402 404 403 11 11 11 1
0 405 406 407 293 293 293 2
0 406 408 407 293 293 293 2
0 405 409 399 0 0 0 3
0 409 410 399 0 0 0 3
0 411 406 412 189 189 189 3
0 406 400 412 189 189 189 3
0 413 414 415 4 4 4 1
0 414 416 415 4 4 4 1
0 417 418 419 294 294 294 2
0 418 420 419 294 294 294 2
0 421 422 423 11 11 11 1
0 422 424 423 11 11 11 1
0 425 426 427 295 295 295 2
0 426 428 427 295 295 295 2
0 425 429 419 0 0 0 3
0 429 430 419 0 0 0 3
0 431 426 432 189 189 189 3
0 426 420 432 189 189 189 3
0 433 434 435 4 4 4 1
0 434 436 435 4 4 4 1
0 437 438 439 291 291 291 2
0 438 440 439 291 291 291 2
0 441 442 443 11 11 11 1
0 442 444 443 11 11 11 1
0 445 446 447 296 296 296 2
0 446 448 447 296 296 296 2
0 445 449 439 297 297 297 3
0 449 450 439 297 297 297 3
0 451 446 452 189 189 189 3
0 446 440 452 189 189 189 3

Materials: 3
"red"
0.200000 0.200000 0.200000 1.000000
0.800000 0.800000 0.800000 1.000000
0.000000 0.000000 0.000000 1.000000
0.000000 0.000000 0.000000 1.000000
0.000000
1.000000
".\red.bmp"
""
"black"
0.200000 0.200000 0.200000 1.000000
0.800000 0.800000 0.800000 1.000000
0.000000 0.000000 0.000000 1.000000
0.000000 0.000000 0.000000 1.000000
0.000000
1.000000
".\black.bmp"
""
"chrome"
0.200000 0.200000 0.200000 1.000000
0.800000 0.800000 0.800000 1.000000
0.000000 0.000000 0.000000 1.000000
0.000000 0.000000 0.000000 1.000000
0.000000
1.000000
".\chrome.bmp"
""

Bones: 0
