// MilkShape 3D ASCII

Frames: 30
Frame: 1

Meshes: 19
"gunCockpitFrame.002" 0 0
16
0 0.15018 3.33541 2.36097 -0.44982 1.85566 -1
0 -0.04644 3.50203 2.39009 -0.44602 1.8528 -1
0 0.15264 3.38089 2.36097 -0.44291 1.84951 -1
0 0.03924 3.50832 2.39009 -0.44061 1.84595 -1
0 -0.11419 3.44919 2.39009 -0.43921 1.84223 -1
0 0.12774 3.44919 2.36097 -0.43875 1.83852 -1
0 0.15162 3.33621 2.39009 -0.43925 1.83494 -1
0 -0.14119 3.33995 2.36097 -0.44067 1.83164 -1
0 0.05999 3.50203 2.36097 -0.44296 1.82874 -1
0 0.11399 3.46594 2.39009 -0.44603 1.82634 -1
0 -0.13663 3.33541 2.39009 -0.44977 1.82453 -1
0 -0.0257 3.50832 2.36097 -0.45402 1.82338 -1
0 0.14802 3.40409 2.39009 -0.45864 1.82293 -1
0 -0.08836 3.4758 2.36097 -0.46345 1.8232 -1
0 -0.13909 3.38089 2.39009 -0.46826 1.82417 -1
0 -0.12393 3.43088 2.36097 -0.47291 1.82582 -1
16
-0.987779 -0.053422 0.146419
-0.072268 0.984269 0.161218
-0.002768 0.999623 -0.027302
0.606921 0.778237 -0.161225
-0.934967 0.340856 0.098254
-0.964929 0.183225 -0.187989
0.991934 0.052594 0.115326
0.932374 0.339899 -0.123078
0.868094 0.477661 0.135100
-0.777644 0.615697 -0.127231
-0.605749 0.776742 0.172451
0.997390 -0.053951 -0.047990
0.015404 0.988304 0.151715
-0.456417 0.879450 -0.135101
0.486737 0.858543 0.161217
0.072274 0.984269 -0.161214
16
1 10 14 7 0 0 0 1
1 1 3 11 1 1 1 1
1 0 10 6 2 2 2 1
1 9 5 8 3 3 3 1
1 14 4 15 4 4 4 1
1 14 15 7 5 5 5 1
1 12 6 2 6 6 6 1
1 12 2 5 7 7 7 1
1 9 12 5 8 8 8 1
1 4 13 15 9 9 9 1
1 4 1 13 10 10 10 1
1 6 0 2 11 11 11 1
1 0 7 10 12 12 12 1
1 1 11 13 13 13 13 1
1 3 9 8 14 14 14 1
1 3 8 11 15 15 15 1
"gunLTank.001" 0 1
32
0 -1.13432 2.98997 0.83564 -0.40941 0.11795 -1
0 -1.12357 2.9982 -1.10599 -0.3686 0.10797 -1
0 -1.1251 2.9976 -0.86305 -0.36902 0.21867 -1
0 -1.2329 3.27827 -0.92942 -0.40968 0.18703 -1
0 -1.2329 3.27827 -1.08207 -0.40925 0.11795 -1
0 -1.14686 2.9119 -0.63299 -0.36836 0.10798 -1
0 -1.12204 2.9988 -0.86305 -0.36878 0.21866 -1
0 -1.11587 2.91931 0.57728 -0.40952 0.18702 -1
0 -1.10157 3.08343 -0.68229 -0.3907 0.11825 -1
0 -1.12 2.99783 -1.10599 -0.36779 0.108 -1
0 -1.1194 2.9963 -0.86305 -0.36821 0.21867 -1
0 -1.40006 2.8885 -0.92942 -0.39098 0.1892 -1
0 -1.40006 2.8885 -1.08207 -0.39099 0.11825 -1
0 -1.12227 2.99948 -1.0716 -0.36824 0.10799 -1
0 -1.12059 2.99936 -0.86305 -0.36866 0.21865 -1
0 -1.19708 2.94176 0.35105 -0.39127 0.18919 -1
0 -1.20754 2.9738 -0.6751 -0.3463 0.1195 -1
0 -1.12124 2.99637 -1.10599 -0.36824 0.10798 -1
0 -1.12184 2.9979 -0.86305 -0.36867 0.21867 -1
0 -0.84118 3.1057 -0.92942 -0.34655 0.18768 -1
0 -0.84118 3.1057 -1.08207 -0.34602 0.1195 -1
0 -1.11354 3.00415 0.84232 -0.3678 0.10799 -1
0 -1.12064 2.99483 -0.86305 -0.36822 0.21868 -1
0 -1.07455 2.92317 -0.65279 -0.34628 0.18769 -1
0 -1.18455 3.05724 -0.68094 -0.36621 0.1259 -1
0 -1.03062 3.00733 -0.66611 -0.35862 0.24789 -1
0 -1.15285 3.07497 0.54422 -0.38449 0.76165 -1
0 -1.18048 2.98435 0.68805 -0.37043 0.12581 -1
0 -1.20837 3.0314 0.33381 -0.38491 0.76324 -1
0 -1.05871 2.92824 0.33988 -0.3685 0.98654 -1
0 -1.04469 2.9796 0.58327 -0.38316 0.7647 -1
0 -1.06376 3.06257 0.534 -0.36964 0.24937 -1
48
-0.931707 -0.363148 -0.006767
-0.933507 -0.358559 0.000000
0.929530 0.368746 -0.000000
0.931315 0.364151 -0.006766
-0.635788 -0.749296 -0.185279
-0.298530 0.936103 -0.185989
-0.950147 0.248567 -0.188241
0.363664 -0.931530 -0.000008
-0.078384 0.200782 0.976495
0.732558 0.680614 -0.011095
-0.583799 -0.801418 0.130029
-0.301109 0.953571 -0.006013
0.363147 -0.931707 -0.006767
0.358558 -0.933507 -0.000000
-0.368745 0.929531 0.000000
-0.364151 0.931315 -0.006766
0.164109 -0.986439 0.002416
-0.629152 0.777266 0.005029
-0.992292 -0.123765 0.006251
0.931530 0.363664 -0.000010
-0.200782 -0.078384 0.976495
0.885668 -0.464170 -0.011762
0.635158 -0.762321 0.124264
-0.991620 -0.112747 0.063077
-0.363148 0.931707 -0.006766
-0.358560 0.933507 -0.000000
0.368746 -0.929530 0.000000
0.364151 -0.931315 -0.006766
0.738293 0.650170 -0.179450
-0.870551 0.474183 0.131495
-0.964254 0.264503 -0.015892
-0.931533 -0.363657 -0.000009
0.200782 0.078382 0.976495
0.616571 -0.751384 0.235079
0.484611 -0.834323 0.262787
0.154649 -0.987967 0.002094
0.100461 -0.976745 -0.189413
-0.512717 -0.836759 0.192240
0.858900 -0.477610 -0.184875
-0.708998 -0.705055 -0.014783
0.917434 0.336756 0.211921
-0.599742 0.757133 0.258960
-0.778100 0.587992 0.220965
-0.301343 -0.953420 0.013557
0.959035 -0.283252 0.004510
0.972315 0.233116 0.016122
0.139338 0.990164 0.012653
0.158299 0.965142 0.208429
48
1 4 1 2 0 0 0 1
1 4 2 3 1 1 1 1
1 4 3 6 2 2 2 1
1 4 6 1 3 3 3 1
1 5 16 13 4 4 4 1
1 24 8 13 5 5 5 1
1 16 24 13 6 6 6 1
1 1 6 2 7 7 7 1
1 2 6 3 8 8 8 1
1 31 25 8 9 9 9 1
1 15 7 27 10 10 10 1
1 26 8 24 11 11 11 1
1 12 9 10 12 12 12 1
1 12 10 11 13 13 13 1
1 12 11 14 14 14 14 1
1 12 14 9 15 15 15 1
1 7 23 29 16 16 16 1
1 26 24 28 17 17 17 1
1 28 16 15 18 18 18 1
1 9 14 10 19 19 19 1
1 10 14 11 20 20 20 1
1 29 23 25 21 21 21 1
1 29 30 7 22 22 22 1
1 28 15 27 23 23 23 1
1 20 17 18 24 24 24 1
1 20 18 19 25 25 25 1
1 20 19 22 26 26 26 1
1 20 22 17 27 27 27 1
1 8 25 13 28 28 28 1
1 28 27 26 29 29 29 1
1 28 24 16 30 30 30 1
1 17 22 18 31 31 31 1
1 18 22 19 32 32 32 1
1 7 30 21 33 33 33 1
1 21 0 7 34 34 34 1
1 7 5 23 35 35 35 1
1 23 5 13 36 36 36 1
1 7 0 27 37 37 37 1
1 23 13 25 38 38 38 1
1 15 16 5 39 39 39 1
1 30 31 21 40 40 40 1
1 26 0 21 41 41 41 1
1 27 0 26 42 42 42 1
1 15 5 7 43 43 43 1
1 29 25 30 44 44 44 1
1 30 25 31 45 45 45 1
1 31 8 26 46 46 46 1
1 31 26 21 47 47 47 1
"gunCockpitFrame.001" 0 2
16
0 -0.11637 3.32319 2.82042 -0.45398 2.08055 -1
0 0.14005 3.36808 2.7872 -0.4579 2.08507 -1
0 -0.1176 3.36321 2.83189 -0.46198 2.08917 -1
0 -0.09844 3.43649 2.80581 -0.46566 2.09299 -1
0 0.12691 3.3807 2.83606 -0.46995 2.09547 -1
0 0.12474 3.41665 2.80042 -0.47353 2.09743 -1
0 -0.09268 3.42498 2.8481 -0.47665 2.09847 -1
0 0.01818 3.48688 2.81951 -0.47918 2.09857 -1
0 0.13752 3.33016 2.77688 -0.48103 2.09771 -1
0 -0.12456 3.33096 2.7774 -0.48213 2.09595 -1
0 -0.00476 3.46975 2.86028 -0.48244 2.09334 -1
0 -0.12405 3.38642 2.79208 -0.48195 2.09 -1
0 0.12989 3.32521 2.8208 -0.48069 2.08606 -1
0 -0.05821 3.46904 2.81468 -0.4787 2.08167 -1
0 0.08956 3.4404 2.85228 -0.47607 2.077 -1
0 0.09118 3.45588 2.8111 -0.47291 2.07223 -1
16
0.981411 -0.108660 0.158197
-0.445304 0.735589 0.510504
-0.640339 0.714585 0.281664
0.964084 -0.021006 0.264766
0.949802 0.247318 0.191598
0.003376 0.984152 0.177294
-0.235141 0.936226 0.261133
0.829213 0.417993 0.371062
0.768270 0.588608 0.251599
-0.906584 0.283809 0.312342
-0.890747 0.392986 0.228326
-0.008329 0.993831 0.110592
0.400644 0.852305 0.336245
-0.981766 -0.079654 0.172598
-0.989236 -0.028812 0.143467
0.295061 0.810199 0.506474
16
1 8 1 12 0 0 0 1
1 13 6 10 1 1 1 1
1 13 3 6 2 2 2 1
1 1 4 12 3 3 3 1
1 1 5 4 4 4 4 1
1 0 8 9 5 5 5 1
1 7 13 10 6 6 6 1
1 5 14 4 7 7 7 1
1 5 15 14 8 8 8 1
1 11 2 6 9 9 9 1
1 3 11 6 10 10 10 1
1 0 12 8 11 11 11 1
1 15 7 14 12 12 12 1
1 9 0 2 13 13 13 1
1 11 9 2 14 14 14 1
1 7 10 14 15 15 15 1
"gun.014" 0 3
17
0 0.02368 3.07313 4.52844 -0.42751 0.34036 -1
0 0.03483 3.08199 4.01107 -0.43337 0.74675 -1
0 0.03747 3.07716 4.01107 -0.43659 0.89931 -1
0 0.03801 3.07173 4.01107 -0.42973 0.33964 -1
0 0.03637 3.0665 4.01107 -0.43574 0.74608 -1
0 0.0328 3.06228 4.01107 -0.43882 0.89871 -1
0 0.02784 3.05971 4.01107 -0.43508 0.49286 -1
0 0.02218 3.05919 4.01107 -0.43271 0.49359 -1
0 0.01686 3.06078 4.01107 -0.41434 0.32367 -1
0 0.01256 3.06422 4.01107 -0.37216 0.6482 -1
0 0.00992 3.06899 4.01107 -0.41974 0.85891 -1
0 0.00934 3.07448 4.01107 -0.41631 0.32289 -1
0 0.01097 3.07972 4.01107 -0.37403 0.6474 -1
0 0.01453 3.08395 4.01107 -0.42171 0.85802 -1
0 0.01945 3.08652 4.01107 -0.37295 0.43053 -1
0 0.02505 3.08707 4.01107 -0.37108 0.43128 -1
0 0.03043 3.0855 4.01107 -0.46565 -0.45658 -1
16
0.460072 -0.887479 0.026725
0.763158 -0.645648 0.027002
0.953794 -0.299223 0.027239
0.994754 0.098587 0.027296
0.877123 0.479499 0.027125
0.623052 0.781721 0.026825
0.279823 0.959683 0.026604
-0.098294 0.994803 0.026549
-0.462742 0.886091 0.026709
-0.764442 0.644127 0.026981
-0.954567 0.296751 0.027224
-0.994215 -0.103889 0.027276
-0.874471 -0.484319 0.027137
-0.286934 -0.957580 0.026635
0.091763 -0.995427 0.026560
-0.624083 -0.780897 0.026863
16
1 5 0 6 0 0 0 1
1 4 0 5 1 1 1 1
1 3 0 4 2 2 2 1
1 2 0 3 3 3 3 1
1 1 0 2 4 4 4 1
1 16 0 1 5 5 5 1
1 15 0 16 6 6 6 1
1 14 0 15 7 7 7 1
1 13 0 14 8 8 8 1
1 12 0 13 9 9 9 1
1 11 0 12 10 10 10 1
1 10 0 11 11 11 11 1
1 9 0 10 12 12 12 1
1 7 0 8 13 13 13 1
1 6 0 7 14 14 14 1
1 8 0 9 15 15 15 1
"gun.012" 0 4
22
0 -0.45142 3.06992 1.09152 -0.4268 1.6798 -1
0 -0.48825 3.11297 1.09021 -0.43544 1.68347 -1
0 -0.50448 3.16556 1.08963 -0.44507 1.68498 -1
0 -0.49784 3.21988 1.08987 -0.45423 1.6841 -1
0 -0.4692 3.26793 1.09089 -0.46152 1.68097 -1
0 -0.42262 3.30236 1.09255 -0.4658 1.67605 -1
0 -0.36512 3.31769 1.0946 -0.46638 1.67012 -1
0 -0.30562 3.3114 1.09672 -0.46321 1.66411 -1
0 -0.39939 3.04304 1.09338 -0.42051 1.67455 -1
0 -0.25338 3.28451 1.09859 -0.45683 1.65896 -1
0 -0.28878 3.18901 -1.37088 -0.43682 0.41703 -1
0 -0.21642 3.24129 1.0999 -0.44825 1.65541 -1
0 -0.20022 3.18847 1.10048 -0.43879 1.65398 -1
0 -0.20705 3.13402 1.10024 -0.42982 1.65484 -1
0 -0.23592 3.08601 1.09921 -0.42262 1.65788 -1
0 -0.28261 3.05176 1.09754 -0.41829 1.66267 -1
0 -0.34006 3.03664 1.09549 -0.41753 1.66852 -1
0 -0.32109 3.07569 0.9227 -0.42323 1.57839 -1
0 -0.24241 3.20599 0.92551 -0.4428 1.57057 -1
0 -0.38402 3.27852 0.92046 -0.45998 1.58365 -1
0 -0.46239 3.14816 0.91767 -0.44028 1.59161 -1
0 -0.35249 3.17709 0.89393 -0.4415 1.56694 -1
36
-0.255172 0.965138 -0.058275
-0.455567 -0.887204 -0.073001
0.255976 -0.965157 -0.054304
-0.988924 0.121296 -0.085539
0.856685 -0.514304 -0.039778
0.955576 0.292758 -0.034179
0.760045 0.648873 -0.035987
0.991611 -0.124269 -0.035561
0.591919 -0.804671 -0.046220
-0.104838 -0.992460 -0.063493
-0.855537 0.511663 -0.079104
-0.591465 0.803364 -0.069102
0.106622 0.993115 -0.048531
0.458512 0.887747 -0.040903
-0.756193 -0.649272 -0.081350
-0.951701 -0.294665 -0.086240
0.935684 0.290967 0.199582
0.734182 0.635268 0.239607
-0.437523 -0.828826 0.348743
-0.110320 -0.967040 0.229483
0.572045 -0.785199 0.237121
0.794522 -0.484423 0.366154
0.096342 0.968545 0.229431
-0.580416 0.779839 0.234453
-0.962356 0.119662 0.244031
-0.741819 -0.627147 0.237469
-0.937794 -0.285520 0.197536
-0.802598 0.476369 0.359038
0.961625 -0.118664 0.247379
-0.256294 0.948497 0.186191
0.417992 0.837766 0.351328
0.246768 -0.950841 0.187102
-0.312425 0.168513 0.934876
-0.123345 -0.306052 -0.943991
-0.250855 0.171251 -0.952756
0.188439 0.302910 -0.934204
36
1 5 6 10 0 0 0 1
1 8 0 10 1 1 1 1
1 15 16 10 2 2 2 1
1 2 3 10 3 3 3 1
1 13 14 10 4 4 4 1
1 11 12 10 5 5 5 1
1 9 11 10 6 6 6 1
1 12 13 10 7 7 7 1
1 14 15 10 8 8 8 1
1 16 8 10 9 9 9 1
1 3 4 10 10 10 10 1
1 4 5 10 11 11 11 1
1 6 7 10 12 12 12 1
1 7 9 10 13 13 13 1
1 0 1 10 14 14 14 1
1 1 2 10 15 15 15 1
1 2 1 20 16 16 16 1
1 1 0 20 17 17 17 1
1 9 7 19 18 18 18 18 1
1 7 6 19 19 19 19 1
1 5 4 19 20 20 20 1
1 4 3 20 19 21 21 21 1
1 8 16 17 22 22 22 1
1 15 14 17 23 23 23 1
1 13 12 18 24 24 24 1
1 11 9 18 25 25 25 1
1 12 11 18 26 26 26 1
1 14 13 18 17 27 27 27 1
1 3 2 20 28 28 28 1
1 16 15 17 29 29 29 1
1 0 8 17 20 30 30 30 1
1 6 5 19 31 31 31 1
1 17 18 21 32 32 32 1
1 17 20 21 33 33 33 1
1 20 19 21 34 34 34 1
1 19 18 21 35 35 35 1
"gun.013" 0 5
40
0 -0.35845 3.17368 1.26346 -0.44008 1.30756 -1
0 -0.43017 3.11307 0.97176 -0.42785 1.16383 -1
0 -0.4919 3.14143 1.1687 -0.42572 1.16272 -1
0 -0.36866 3.31738 1.09446 -0.42414 1.16152 -1
0 -0.46674 3.09591 1.1696 -0.42317 1.16025 -1
0 -0.35667 3.07806 0.97436 -0.42283 1.15898 -1
0 -0.49633 3.19229 1.16854 -0.42314 1.15775 -1
0 -0.20033 3.16453 1.10046 -0.42409 1.1566 -1
0 -0.44359 3.2799 1.17042 -0.42563 1.15558 -1
0 -0.27786 3.10166 0.97715 -0.4277 1.15473 -1
0 -0.33885 3.30747 1.17416 -0.43023 1.15407 -1
0 -0.25429 3.06913 1.09854 -0.43312 1.15365 -1
0 -0.21422 3.16207 1.1786 -0.43626 1.15345 -1
0 -0.24062 3.16923 0.97849 -0.43953 1.15351 -1
0 -0.37171 3.04689 1.17299 -0.44282 1.15381 -1
0 -0.30908 3.31241 1.09659 -0.44598 1.15434 -1
0 -0.21866 3.21293 1.17844 -0.44892 1.15509 -1
0 -0.26561 3.24128 0.97761 -0.45151 1.15602 -1
0 -0.26697 3.07446 1.17672 -0.45366 1.1571 -1
0 -0.21076 3.23259 1.10008 -0.45527 1.1583 -1
0 -0.23115 3.11347 1.178 -0.4563 1.15956 -1
0 -0.33913 3.2763 0.97498 -0.45669 1.16083 -1
0 -0.42455 3.06268 1.1711 -0.45643 1.16208 -1
0 -0.47137 3.26548 1.0908 -0.45552 1.16324 -1
0 -0.31633 3.05104 1.17496 -0.45401 1.16428 -1
0 -0.41794 3.25268 0.97216 -0.45193 1.16515 -1
0 -0.24382 3.25844 1.17755 -0.44938 1.16582 -1
0 -0.50356 3.20303 1.08964 -0.44645 1.16627 -1
0 -0.28601 3.29168 1.17604 -0.44326 1.16646 -1
0 -0.45517 3.18511 0.97085 -0.43994 1.1664 -1
0 -0.39422 3.30332 1.17218 -0.4366 1.16609 -1
0 -0.21703 3.11197 1.09987 -0.4334 1.16554 -1
0 -0.47941 3.24088 1.16915 -0.43044 1.16478 -1
0 -0.2562 3.2867 1.09848 -0.42291 1.22754 -1
0 -0.42344 3.05238 1.09251 -0.41985 1.22581 -1
0 -0.42569 3.30085 1.09243 -0.41757 1.22393 -1
0 -0.36609 3.03674 1.09456 -0.41618 1.22195 -1
0 -0.49815 3.13535 1.08985 -0.41571 1.21997 -1
0 -0.30664 3.04265 1.09668 -0.41617 1.21805 -1
0 -0.4698 3.08708 1.09086 -0.41755 1.21628 -1
63
0.414104 0.885180 0.212072
-0.420638 -0.862105 0.282557
-0.616177 -0.776163 0.133781
0.929250 -0.325793 0.174221
0.068317 -0.985685 0.154133
0.263428 -0.915396 0.304394
-0.428198 -0.885404 0.180850
0.980449 0.086013 0.176980
0.855893 0.477098 0.199562
0.818849 -0.458208 0.345735
0.915967 0.320905 0.240883
0.604381 0.775508 0.182510
-0.868214 -0.477301 0.135603
0.880369 0.309737 0.359184
-0.936231 0.324382 0.135081
0.979108 0.150711 0.136508
-0.428310 0.891930 0.144950
0.396046 0.856423 0.331190
0.276557 0.945955 0.169365
0.849038 -0.472376 0.236633
0.604852 0.775942 0.179076
-0.283403 0.909366 0.304525
-0.079119 0.985716 0.148674
0.854724 0.476571 0.205736
-0.732408 0.668137 0.131041
-0.839212 0.456667 0.295258
-0.988157 -0.085740 0.127260
0.940641 -0.300522 0.157735
0.923699 -0.324232 0.204091
-0.906012 -0.310759 0.287350
-0.863991 0.472806 0.173130
0.724097 -0.670137 0.163092
0.094058 -0.988595 0.117616
0.720896 -0.667914 0.184935
-0.859652 -0.502920 0.089833
-0.871126 -0.479496 0.105935
0.443717 -0.886340 0.132348
0.976020 0.085701 0.200101
-0.993245 -0.079234 0.084768
-0.993112 -0.086321 0.079227
-0.287978 0.939702 0.184470
0.759506 0.641099 0.110196
0.419592 -0.895571 0.147973
-0.936852 0.324663 0.130011
-0.888028 0.456810 0.052258
-0.931270 -0.320947 0.172420
0.069298 -0.988696 0.132957
-0.732123 0.667763 0.134491
-0.612265 0.787458 0.071003
0.416764 -0.891751 0.176317
-0.288099 -0.949999 0.120421
-0.428425 0.892444 0.141406
-0.280186 0.956527 0.080941
-0.287929 -0.946079 0.148433
-0.598694 -0.795230 0.095786
-0.079205 0.985166 0.152233
0.079545 0.992412 0.093758
0.744046 -0.651752 0.147022
-0.265179 -0.958453 0.105109
0.276789 0.946391 0.166532
0.431504 0.895580 0.108356
0.274167 -0.939509 0.205315
-0.617403 -0.778726 0.111356
63
1 22 5 1 0 0 0 1
1 5 0 1 1 1 1 1
1 28 17 26 2 2 2 1
1 12 20 31 3 3 3 1
1 30 21 10 4 4 4 1
1 9 0 5 5 5 5 1
1 28 21 17 6 6 6 1
1 16 12 7 7 7 7 1
1 4 1 2 8 8 8 1
1 13 0 9 9 9 9 1
1 2 1 29 10 10 10 1
1 28 26 33 11 11 11 1
1 26 17 16 12 12 12 1
1 17 0 13 13 13 13 1
1 12 13 20 14 14 14 1
1 16 7 19 15 15 15 1
1 18 9 24 16 16 16 1
1 21 0 17 17 17 17 1
1 14 5 22 18 18 18 1
1 32 29 25 19 19 19 1
1 22 1 4 20 20 20 1
1 25 0 21 21 21 21 1
1 24 5 14 22 22 22 1
1 26 16 19 23 23 23 1
1 20 9 18 24 24 24 1
1 29 0 25 25 25 25 1
1 16 13 12 26 26 26 1
1 12 31 7 27 27 27 1
1 6 29 32 28 28 28 1
1 1 0 29 29 29 29 1
1 20 13 9 30 30 30 1
1 20 18 11 31 31 31 1
1 24 36 38 32 32 32 1
1 32 25 8 33 33 33 1
1 4 37 39 34 34 34 1
1 4 2 37 35 35 35 1
1 18 38 11 36 36 36 1
1 2 29 6 37 37 37 1
1 2 27 37 38 38 38 1
1 2 6 27 39 39 39 1
1 24 9 5 40 40 40 1
1 26 19 33 41 41 41 1
1 18 24 38 42 42 42 1
1 6 32 27 43 43 43 1
1 32 23 27 44 44 44 1
1 16 17 13 45 45 45 1
1 24 14 36 46 46 46 1
1 32 8 23 47 47 47 1
1 8 35 23 48 48 48 1
1 8 25 30 49 49 49 1
1 14 22 34 50 50 50 1
1 8 30 35 51 51 51 1
1 30 3 35 52 52 52 1
1 10 21 28 53 53 53 1
1 39 34 22 54 54 54 1
1 30 10 3 55 55 55 1
1 10 15 3 56 56 56 1
1 20 11 31 57 57 57 1
1 14 34 36 58 58 58 1
1 10 28 15 59 59 59 1
1 28 33 15 60 60 60 1
1 30 25 21 61 61 61 1
1 39 22 4 62 62 62 1
"gun.011" 0 6
40
0 0.35845 3.17368 1.26346 -0.42016 1.25301 -1
0 0.31633 3.05104 1.17496 -0.40125 1.21393 -1
0 0.35667 3.07806 0.97436 -0.4041 1.11343 -1
0 0.37171 3.04689 1.17299 -0.39897 1.20855 -1
0 0.2562 3.2867 1.09848 -0.44151 1.18065 -1
0 0.26697 3.07446 1.17672 -0.40653 1.2187 -1
0 0.27786 3.10166 0.97715 -0.41028 1.12048 -1
0 0.42455 3.06268 1.1711 -0.40001 1.20338 -1
0 0.30908 3.31241 1.09659 -0.44401 1.17552 -1
0 0.23115 3.11347 1.178 -0.41401 1.22211 -1
0 0.24062 3.16923 0.97849 -0.42249 1.12365 -1
0 0.24382 3.25844 1.17755 -0.43742 1.22036 -1
0 0.50356 3.20303 1.08964 -0.4202 1.15765 -1
0 0.28601 3.29168 1.17604 -0.44152 1.21608 -1
0 0.26561 3.24128 0.97761 -0.43353 1.12113 -1
0 0.39422 3.30332 1.17218 -0.43995 1.20549 -1
0 0.20033 3.16453 1.10046 -0.4232 1.18645 -1
0 0.47941 3.24088 1.16915 -0.42718 1.19752 -1
0 0.33913 3.2763 0.97498 -0.43692 1.11433 -1
0 0.4919 3.14143 1.1687 -0.41077 1.19666 -1
0 0.47137 3.26548 1.0908 -0.43125 1.16043 -1
0 0.46674 3.09591 1.1696 -0.40416 1.19922 -1
0 0.41794 3.25268 0.97216 -0.43061 1.10732 -1
0 0.49633 3.19229 1.16854 -0.41883 1.19607 -1
0 0.21076 3.23259 1.10008 -0.43408 1.1852 -1
0 0.44359 3.2799 1.17042 -0.4346 1.20082 -1
0 0.45517 3.18511 0.97085 -0.41854 1.10425 -1
0 0.33885 3.30747 1.17416 -0.4424 1.21086 -1
0 0.21703 3.11197 1.09987 -0.41404 1.18502 -1
0 0.21422 3.16207 1.1786 -0.42252 1.22362 -1
0 0.43017 3.11307 0.97176 -0.40763 1.10673 -1
0 0.21866 3.21293 1.17844 -0.43074 1.22301 -1
0 0.42569 3.30085 1.09243 -0.4384 1.16456 -1
0 0.42344 3.05238 1.09251 -0.39822 1.16562 -1
0 0.36866 3.31738 1.09446 -0.4429 1.16986 -1
0 0.36609 3.03674 1.09456 -0.39733 1.17106 -1
0 0.4698 3.08708 1.09086 -0.4025 1.16118 -1
0 0.30664 3.04265 1.09668 -0.40001 1.17667 -1
0 0.49815 3.13535 1.08985 -0.40946 1.15839 -1
0 0.25429 3.06913 1.09854 -0.40588 1.18158 -1
63
-0.414104 0.885180 0.212072
0.420638 -0.862105 0.282557
0.616177 -0.776163 0.133781
-0.929250 -0.325793 0.174221
-0.068317 -0.985685 0.154133
-0.263428 -0.915396 0.304394
0.428198 -0.885404 0.180850
-0.980449 0.086013 0.176980
-0.855893 0.477098 0.199562
-0.818849 -0.458208 0.345735
-0.915967 0.320905 0.240883
-0.604381 0.775508 0.182510
0.868214 -0.477301 0.135603
-0.880369 0.309737 0.359184
0.936231 0.324382 0.135081
-0.979108 0.150711 0.136508
0.428310 0.891930 0.144950
-0.396046 0.856423 0.331190
-0.276557 0.945955 0.169365
-0.849038 -0.472376 0.236633
-0.604852 0.775942 0.179076
0.283403 0.909366 0.304525
0.079119 0.985716 0.148674
-0.854724 0.476571 0.205736
0.732408 0.668137 0.131041
0.839212 0.456667 0.295258
0.988157 -0.085740 0.127260
-0.940641 -0.300522 0.157735
-0.923699 -0.324232 0.204091
0.906012 -0.310759 0.287350
0.863991 0.472806 0.173130
-0.724097 -0.670137 0.163092
-0.094058 -0.988595 0.117616
-0.720896 -0.667914 0.184935
0.859652 -0.502920 0.089833
0.871126 -0.479496 0.105935
-0.443717 -0.886340 0.132348
-0.976020 0.085701 0.200101
0.993245 -0.079234 0.084768
0.993112 -0.086321 0.079227
0.287978 0.939702 0.184470
-0.759506 0.641099 0.110196
-0.419592 -0.895571 0.147973
0.936852 0.324663 0.130011
0.888028 0.456810 0.052258
0.931270 -0.320947 0.172420
-0.069298 -0.988696 0.132957
0.732123 0.667763 0.134491
0.612265 0.787458 0.071003
-0.416764 -0.891751 0.176317
0.288099 -0.949999 0.120421
0.428425 0.892444 0.141406
0.280186 0.956527 0.080941
0.287929 -0.946079 0.148433
0.598694 -0.795230 0.095786
0.079205 0.985166 0.152233
-0.079545 0.992412 0.093758
-0.744046 -0.651752 0.147022
0.265179 -0.958453 0.105109
-0.276789 0.946391 0.166532
-0.431504 0.895580 0.108356
-0.274167 -0.939509 0.205315
0.617403 -0.778726 0.111356
63
1 7 30 2 0 0 0 1
1 30 0 2 1 1 1 1
1 13 11 14 2 2 2 1
1 29 28 9 3 3 3 1
1 15 27 18 4 4 4 1
1 2 0 6 5 5 5 1
1 13 14 18 6 6 6 1
1 31 16 29 7 7 7 1
1 21 19 30 8 8 8 1
1 6 0 10 9 9 9 1
1 19 26 30 10 10 10 1
1 13 4 11 11 11 11 1
1 11 31 14 12 12 12 1
1 10 0 14 13 13 13 1
1 29 9 10 14 14 14 1
1 31 24 16 15 15 15 1
1 5 1 6 16 16 16 1
1 14 0 18 17 17 17 1
1 3 7 2 18 18 18 1
1 17 22 26 19 19 19 1
1 7 21 30 20 20 20 1
1 18 0 22 21 21 21 1
1 1 3 2 22 22 22 1
1 11 24 31 23 23 23 1
1 9 5 6 24 24 24 1
1 22 0 26 25 25 25 1
1 31 29 10 26 26 26 1
1 29 16 28 27 27 27 1
1 23 17 26 28 28 28 1
1 26 0 30 29 29 29 1
1 9 6 10 30 30 30 1
1 9 39 5 31 31 31 1
1 1 37 35 32 32 32 1
1 17 25 22 33 33 33 1
1 21 36 38 34 34 34 1
1 21 38 19 35 35 35 1
1 5 39 37 36 36 36 1
1 19 23 26 37 37 37 1
1 19 38 12 38 38 38 1
1 19 12 23 39 39 39 1
1 1 2 6 40 40 40 1
1 11 4 24 41 41 41 1
1 5 37 1 42 42 42 1
1 23 12 17 43 43 43 1
1 17 12 20 44 44 44 1
1 31 10 14 45 45 45 1
1 1 35 3 46 46 46 1
1 17 20 25 47 47 47 1
1 25 20 32 48 48 48 1
1 25 15 22 49 49 49 1
1 3 33 7 50 50 50 1
1 25 32 15 51 51 51 1
1 15 32 34 52 52 52 1
1 27 13 18 53 53 53 1
1 36 7 33 54 54 54 1
1 15 34 27 55 55 55 1
1 27 34 8 56 56 56 1
1 9 28 39 57 57 57 1
1 3 35 33 58 58 58 1
1 27 8 13 59 59 59 1
1 13 8 4 60 60 60 1
1 15 18 22 61 61 61 1
1 36 21 7 62 62 62 1
"gun.010" 0 7
23
0 0.28019 3.15516 -1.35917 -0.41618 0.41272 -1
0 0.48825 3.11297 1.09021 -0.40779 1.58245 -1
0 0.50448 3.16557 1.08963 -0.4158 1.58027 -1
0 0.49783 3.21989 1.08987 -0.42476 1.58092 -1
0 0.46919 3.26794 1.09089 -0.4334 1.58431 -1
0 0.42261 3.30237 1.09255 -0.44045 1.59001 -1
0 0.36511 3.31769 1.0946 -0.44478 1.59718 -1
0 0.30562 3.3114 1.09672 -0.44568 1.60474 -1
0 0.45142 3.06992 1.09152 -0.40191 1.58716 -1
0 0.25338 3.28451 1.09859 -0.44297 1.6115 -1
0 0.21642 3.24129 1.0999 -0.43705 1.6164 -1
0 0.20022 3.18847 1.10048 -0.42886 1.61866 -1
0 0.20705 3.13402 1.10024 -0.41967 1.61796 -1
0 0.23592 3.08601 1.09921 -0.41089 1.6144 -1
0 0.28261 3.05176 1.09754 -0.40388 1.60852 -1
0 0.34006 3.03664 1.09549 -0.39973 1.60126 -1
0 0.39939 3.04304 1.09338 -0.39905 1.59376 -1
0 0.32141 3.07673 0.95822 -0.40655 1.53634 -1
0 0.23423 3.18594 0.96133 -0.42711 1.54668 -1
0 0.3161 3.28131 0.95841 -0.44015 1.53632 -1
0 0.45786 3.12724 0.95336 -0.41073 1.5197 -1
0 0.44304 3.24767 0.95389 -0.43067 1.52108 -1
0 0.35453 3.18378 0.92736 -0.42297 1.51755 -1
37
0.254378 0.964370 -0.072682
0.456165 -0.887680 -0.062748
-0.255685 -0.965916 -0.040400
0.988426 0.121341 -0.091048
-0.856880 -0.514648 -0.029906
-0.955548 0.292747 -0.035034
-0.759949 0.648597 -0.042426
-0.991772 -0.124316 -0.030562
-0.591917 -0.805311 -0.033309
0.105368 -0.993149 -0.050520
0.854636 0.511461 -0.089471
0.590476 0.802827 -0.082506
-0.107064 0.992316 -0.062024
-0.458595 0.887141 -0.051693
0.756638 -0.649466 -0.075457
0.951742 -0.294628 -0.085919
-0.927780 0.288884 0.236156
-0.736124 0.636624 0.229848
0.452555 -0.863602 0.222230
0.110251 -0.969409 0.219295
-0.573808 -0.787198 0.225970
-0.833051 -0.501646 0.233190
-0.092406 0.952357 0.290649
0.571761 0.765048 0.296297
0.964874 0.120029 0.233690
0.720145 -0.607249 0.335617
0.930512 -0.282910 0.232615
0.747835 0.541848 0.383593
-0.929334 -0.115677 0.350652
0.255132 0.936923 0.238921
-0.340424 0.861794 0.376063
-0.231479 -0.916014 0.327621
-0.051437 -0.321330 0.945569
-0.076388 0.297945 0.951522
-0.262592 -0.036543 0.964215
0.270035 0.188646 0.944190
0.263151 -0.197024 0.944422
37
1 5 0 6 0 0 0 1
1 16 0 8 1 1 1 1
1 14 0 15 2 2 2 1
1 2 0 3 3 3 3 1
1 12 0 13 4 4 4 1
1 10 0 11 5 5 5 1
1 9 0 10 6 6 6 1
1 11 0 12 7 7 7 1
1 13 0 14 8 8 8 1
1 15 0 16 9 9 9 1
1 3 0 4 10 10 10 1
1 4 0 5 11 11 11 1
1 6 0 7 12 12 12 1
1 7 0 9 13 13 13 1
1 8 0 1 14 14 14 1
1 1 0 2 15 15 15 1
1 1 2 20 16 16 16 1
1 8 1 20 17 17 17 1
1 7 9 19 18 18 18 1
1 6 7 19 19 19 19 1
1 4 5 21 20 20 20 1
1 3 4 21 21 21 21 1
1 15 16 17 22 22 22 1
1 13 14 17 23 23 23 1
1 11 12 18 24 24 24 1
1 9 10 18 19 25 25 25 1
1 10 11 18 26 26 26 1
1 12 13 17 18 27 27 27 1
1 2 3 21 20 28 28 28 1
1 14 15 17 29 29 29 1
1 16 8 20 17 30 30 30 1
1 5 6 19 21 31 31 31 1
1 21 19 22 32 32 32 1
1 17 20 22 33 33 33 1
1 20 21 22 34 34 34 1
1 18 17 22 35 35 35 1
1 19 18 22 36 36 36 1
"gunCockpit" 0 8
84
0 0.00665 3.35782 1.84415 -0.44363 1.48619 -1
0 0.0041 3.08994 3.34856 -0.4199 2.3355 -1
0 -0.00029 3.21985 3.10182 -0.44313 2.21881 -1
0 0.088 3.48551 2.36097 -0.44171 2.21654 -1
0 0.05703 3.24211 3.10812 -0.44054 2.21432 -1
0 0.14195 3.4196 2.36106 -0.43967 2.21222 -1
0 -0.00515 3.51882 2.67123 -0.43914 2.21033 -1
0 -0.05288 3.45368 2.85592 -0.43895 2.20873 -1
0 0.15096 3.31396 2.64095 -0.43913 2.20747 -1
0 0.05738 3.27991 3.12441 -0.43965 2.20659 -1
0 0.15296 3.34954 2.36088 -0.44051 2.20614 -1
0 0.13137 3.35858 2.83005 -0.44166 2.20612 -1
0 0.00672 3.24585 2.37552 -0.44306 2.20655 -1
0 0.02187 3.31508 3.12841 -0.44466 2.20739 -1
0 0.14184 3.30799 2.36127 -0.4464 2.20863 -1
0 -0.09078 3.42368 2.84777 -0.44821 2.2102 -1
0 -0.10924 3.30058 2.81416 -0.45003 2.21206 -1
0 0.00638 3.25001 2.77767 -0.45178 2.21413 -1
0 0.12834 3.44517 2.36097 -0.45339 2.21634 -1
0 -0.03269 3.30626 3.12747 -0.45481 2.21859 -1
0 0.11026 3.46714 2.39014 -0.45599 2.22081 -1
0 0.08606 3.44044 2.85231 -0.45687 2.22291 -1
0 -0.05354 3.2555 3.1117 -0.45742 2.2248 -1
0 -0.13653 3.39269 2.39007 -0.45762 2.22642 -1
0 0.16451 3.38839 2.65272 -0.45746 2.22771 -1
0 -0.03271 3.47941 2.81728 -0.45694 2.2286 -1
0 0.0353 3.50734 2.39009 -0.45609 2.22907 -1
0 -0.13944 3.36394 2.36097 -0.45494 2.22909 -1
0 -0.07892 3.45556 2.81077 -0.45353 2.22868 -1
0 -0.1172 3.30653 2.76923 -0.45192 2.22783 -1
0 -0.13663 3.33551 2.3612 -0.44999 2.22672 -1
0 -0.07446 3.48551 2.36097 -0.44834 2.22499 -1
0 -0.11871 3.33453 2.82426 -0.44651 2.22312 -1
0 -0.02175 3.50734 2.36097 -0.44475 2.22103 -1
0 0.12834 3.44517 2.39009 -0.45416 2.08018 -1
0 -0.1256 3.3779 2.79042 -0.458 2.0846 -1
0 0.0353 3.50734 2.36097 -0.46199 2.08861 -1
0 0.12982 3.30609 2.76989 -0.46559 2.09235 -1
0 0.15293 3.36371 2.39014 -0.46979 2.09478 -1
0 0.13996 3.34279 2.77981 -0.47329 2.09669 -1
0 -0.10585 3.46162 2.66392 -0.47634 2.09772 -1
0 -0.1148 3.44517 2.36097 -0.47882 2.09781 -1
0 -0.11215 3.41647 2.80009 -0.48063 2.09697 -1
0 0.0696 3.46972 2.81457 -0.48171 2.09525 -1
0 -0.12713 3.34089 2.78015 -0.48201 2.0927 -1
0 -0.12818 3.42006 2.36098 -0.48153 2.08943 -1
0 -0.13662 3.3924 2.36104 -0.4803 2.08557 -1
0 0.14182 3.30803 2.39023 -0.47836 2.08128 -1
0 -0.11391 3.38199 2.83634 -0.47578 2.07671 -1
0 -0.09644 3.46743 2.36101 -0.47268 2.07204 -1
0 -0.12278 3.43318 2.39017 -0.46917 2.06745 -1
0 -0.07452 3.48535 2.39023 -0.46539 2.06312 -1
0 0.06289 3.4989 2.36103 -0.46147 2.05919 -1
0 -0.04898 3.49905 2.36103 -0.45756 2.05582 -1
0 0.14188 3.41967 2.39014 -0.45381 2.05313 -1
0 0.15018 3.39246 2.39009 -0.45036 2.05123 -1
0 -0.04895 3.49906 2.39011 -0.44734 2.05019 -1
0 0.15018 3.33541 2.39009 -0.44486 2.05004 -1
0 -0.02175 3.50734 2.39009 -0.44302 2.0508 -1
0 0.00697 3.5101 2.36103 -0.44189 2.05244 -1
0 0.00698 3.51009 2.39012 -0.44152 2.05491 -1
0 0.12901 3.32319 2.82042 -0.44192 2.05811 -1
0 0.11715 3.40386 2.84236 -0.44309 2.06192 -1
0 -0.09655 3.46735 2.39009 -0.44498 2.0662 -1
0 0.04283 3.46275 2.85838 -0.44752 2.07079 -1
0 -0.11218 3.37638 1.84328 -0.45062 2.07551 -1
0 0.06289 3.49889 2.39013 -0.45118 2.05443 -1
0 0.12189 3.3006 2.81412 -0.44786 2.04941 -1
0 -0.13663 3.33565 2.39006 -0.44514 2.04454 -1
0 -0.07966 3.42653 1.84327 -0.44312 2.04 -1
0 -0.1283 3.308 2.36117 -0.44187 2.03597 -1
0 0.088 3.48551 2.39009 -0.44144 2.03259 -1
0 -0.12822 3.30798 2.39022 -0.44184 2.03 -1
0 0.01599 3.45852 1.84327 -0.44305 2.02828 -1
0 -0.13944 3.36394 2.39009 -0.44501 2.0275 -1
0 0.08705 3.42849 1.84328 -0.44766 2.02769 -1
0 0.11012 3.43766 2.80578 -0.45089 2.02882 -1
0 0.12702 3.37784 1.84327 -0.45458 2.03087 -1
0 0.01945 3.48439 2.81861 -0.45858 2.03374 -1
0 -0.00596 3.4674 2.85965 -0.46276 2.03734 -1
0 0.15017 3.39237 2.3612 -0.46695 2.04152 -1
0 0.10712 3.48849 2.66685 -0.471 2.04614 -1
0 0.13482 3.39309 2.79357 -0.47475 2.05101 -1
0 0.11027 3.46714 2.36101 -0.47807 2.05597 -1
100
-0.562588 -0.735630 -0.377284
0.004077 -0.019973 -0.999792
0.975977 -0.093782 0.196656
-0.888900 0.244649 0.387302
-0.618694 0.670257 0.409845
-0.469853 0.870546 0.146249
-0.009620 -0.013806 -0.999858
-0.281661 0.834338 0.473865
-0.017870 -0.012909 -0.999757
-0.125028 0.698674 0.704430
0.633510 0.730949 0.253728
0.977857 0.043884 0.204622
-0.972110 0.039294 0.231209
0.597800 0.535845 0.596243
-0.858868 0.383608 0.339397
0.008964 -0.012836 -0.999877
0.289577 0.937569 0.192639
-0.906389 0.271638 0.323531
0.982927 -0.080411 0.165495
0.006338 -0.003653 -0.999973
0.366801 -0.820472 -0.438500
0.006673 -0.004368 -0.999968
0.009792 0.014889 0.999841
-0.098225 0.965305 0.241946
0.052831 -0.002712 -0.998600
0.002999 -0.008982 -0.999955
-0.836819 0.542770 -0.071654
0.018615 0.003563 0.999820
0.880890 0.441380 0.170928
-0.003505 -0.008379 -0.999959
-0.002048 0.009082 0.999957
-0.006453 -0.005024 -0.999967
0.414256 -0.910076 0.012372
0.417192 -0.908766 0.009735
0.409747 -0.912175 0.006622
0.980180 -0.195646 -0.031139
0.984233 -0.174809 -0.026975
0.368363 -0.926353 -0.078602
0.944720 -0.298006 0.136733
0.979226 0.193269 -0.061354
0.458221 0.764387 0.453592
0.016366 0.010942 0.999806
-0.955177 0.291055 -0.054076
0.832243 0.554383 -0.005672
0.865418 0.500224 -0.028768
0.973549 -0.195771 0.117793
-0.922260 -0.278967 -0.267607
0.555806 0.829309 -0.057678
-0.773269 0.611680 0.167041
-0.496856 0.858558 0.126539
0.005802 -0.000172 0.999983
0.196501 0.980489 0.005433
0.260111 0.965396 -0.018763
0.422456 -0.902264 -0.086317
-0.963678 -0.000491 -0.267067
-0.193421 0.980348 -0.038798
-0.004171 -0.020352 -0.999784
-0.910040 -0.328832 0.252384
0.750733 0.531301 0.392581
-0.472261 0.881383 0.011609
-0.494840 0.868783 0.018684
-0.566087 -0.818649 -0.096738
-0.026914 -0.260642 0.965060
-0.632769 0.774323 -0.005292
-0.947124 0.315085 0.060650
-0.881375 0.471992 -0.020054
-0.423404 -0.901199 -0.092567
-0.828619 0.555327 -0.070728
-0.958867 0.281489 0.036582
-0.999624 0.001613 0.027357
-0.116134 0.270066 -0.955812
0.002538 0.013814 0.999901
-0.990841 -0.128700 0.040870
-0.956533 -0.290399 0.026696
0.095490 0.870227 0.483309
-0.417397 -0.908683 0.008660
-0.416416 -0.909129 0.009038
0.393677 -0.899487 -0.189584
0.034544 -0.005168 0.999390
0.960818 -0.095122 -0.260348
-0.393830 -0.899444 -0.189471
0.920991 0.276806 -0.274144
0.164158 -0.983610 0.074590
0.830292 0.553096 -0.068547
0.866330 0.474816 0.154990
-0.146606 0.854006 0.499180
0.782423 0.617432 -0.081192
0.554637 0.827567 -0.086665
-0.154477 -0.987723 0.023260
0.658533 0.615733 0.432673
0.387145 0.915849 -0.106485
0.195579 0.976188 -0.093836
0.932454 0.213523 0.291440
-0.050200 0.004169 -0.998730
0.263139 0.948260 0.177656
-0.192764 0.976076 -0.100589
0.960325 -0.207989 0.185785
0.011220 -0.006283 0.999917
-0.315166 0.942249 -0.113301
-0.552496 0.829331 -0.083423
100
1 22 2 1 0 0 0 1
1 59 53 33 1 1 1 1
1 67 9 4 2 2 2 1
1 19 22 1 3 3 3 1
1 7 15 19 4 4 4 1
1 6 28 25 5 5 5 1
1 83 52 3 6 6 6 1
1 79 7 19 7 7 7 1
1 5 83 18 8 8 8 1
1 13 19 1 9 9 9 1
1 81 43 76 10 10 10 1
1 24 82 39 11 11 11 1
1 48 32 22 12 12 12 1
1 9 13 1 13 13 13 1
1 15 48 19 14 14 14 1
1 53 49 31 15 15 15 1
1 81 78 43 16 16 16 1
1 48 22 19 17 17 17 1
1 4 9 1 18 18 18 1
1 49 45 41 19 19 19 1
1 2 4 1 20 20 20 1
1 69 0 65 21 21 21 1
1 66 20 71 22 22 22 1
1 6 25 78 23 23 23 1
1 46 30 27 24 24 24 1
1 73 0 69 25 25 25 1
1 45 69 65 26 26 26 1
1 54 38 55 27 27 27 1
1 24 76 82 28 28 28 1
1 75 0 73 29 29 29 1
1 56 60 58 30 30 30 1
1 77 0 75 31 31 31 1
1 17 8 37 32 32 32 1
1 17 12 47 33 33 33 1
1 17 47 8 34 34 34 1
1 8 47 38 35 35 35 1
1 8 38 24 36 36 36 1
1 17 4 2 37 37 37 1
1 8 39 37 38 38 38 1
1 24 38 54 39 39 39 1
1 21 64 13 40 40 40 1
1 20 54 34 41 41 41 1
1 46 45 65 42 42 42 1
1 24 54 20 43 43 43 1
1 24 20 81 44 44 44 1
1 8 24 39 45 45 45 1
1 30 0 70 46 46 46 1
1 81 20 66 47 47 47 1
1 40 42 28 48 48 48 1
1 6 40 28 49 49 49 1
1 68 23 74 50 50 50 1
1 81 66 60 51 51 51 1
1 81 60 6 52 52 52 1
1 17 67 4 53 53 53 1
1 46 0 30 54 54 54 1
1 6 60 56 55 55 55 1
1 52 59 36 56 56 56 1
1 32 16 2 57 57 57 1
1 62 21 9 58 58 58 1
1 6 56 51 59 59 59 1
1 6 51 40 60 60 60 1
1 32 2 22 61 61 61 1
1 11 67 61 62 62 62 1
1 40 51 63 63 63 63 1
1 40 35 42 64 64 64 1
1 40 63 23 65 65 65 1
1 16 17 2 66 66 66 1
1 45 49 69 67 67 67 1
1 40 23 35 68 68 68 1
1 35 23 68 69 69 69 1
1 35 29 44 70 70 70 1
1 60 66 26 71 71 71 1
1 35 68 29 72 72 72 1
1 29 68 72 73 73 73 1
1 64 79 13 74 74 74 1
1 29 72 12 75 75 75 1
1 29 12 17 76 76 76 1
1 12 0 14 77 77 77 1
1 38 47 57 78 78 78 1
1 14 0 80 79 79 79 1
1 70 0 12 80 80 80 1
1 80 0 5 81 81 81 1
1 5 0 77 82 82 82 1
1 83 5 77 83 83 83 1
1 24 81 76 84 84 84 1
1 79 19 13 85 85 85 1
1 83 77 75 86 86 86 1
1 52 83 75 87 87 87 1
1 65 0 46 88 88 88 1
1 21 13 9 89 89 89 1
1 52 75 73 90 90 90 1
1 59 52 73 91 91 91 1
1 11 62 9 92 92 92 1
1 14 80 10 93 93 93 1
1 81 6 78 94 94 94 1
1 53 59 73 95 95 95 1
1 67 11 9 96 96 96 1
1 23 63 50 97 97 97 1
1 53 73 69 98 98 98 1
1 49 53 69 99 99 99 1
"gunFWheel" 0 9
51
0 -0.04747 2.67966 1.82471 -0.35121 1.59552 -1
0 -0.04357 2.73147 1.87668 -0.35164 1.6215 -1
0 -0.04725 2.6105 1.97451 -0.33906 1.63979 -1
0 0.02266 2.6267 1.85766 -0.3398 1.57364 -1
0 0.02246 2.68793 1.94323 -0.3504 1.60373 -1
0 0.02276 2.62499 1.97705 -0.33973 1.63297 -1
0 0.01211 2.63072 1.91774 -0.33987 1.59879 -1
0 -0.04726 2.57125 1.93182 -0.3324 1.61858 -1
0 -0.04682 2.63512 1.85887 -0.34228 1.61203 -1
0 -0.0447 2.6769 1.95997 -0.34739 1.63708 -1
0 -0.01494 2.71924 1.9867 -0.34772 1.62408 -1
0 0.02262 2.67476 1.87533 -0.34785 1.58226 -1
0 -0.0472 2.59005 1.87061 -0.33544 1.58793 -1
0 0.02768 2.6491 1.99558 -0.34265 1.61185 -1
0 -0.0475 2.67276 1.86799 -0.34388 1.58169 -1
0 0.02276 2.57702 1.88659 -0.33157 1.58817 -1
0 0.02272 2.57841 1.94876 -0.33191 1.61907 -1
0 -0.00601 2.63056 1.91719 -0.32934 1.57388 -1
0 0.02079 2.63854 1.97976 -0.34726 1.62418 -1
0 0.01334 2.5625 2.00349 -0.33563 1.55405 -1
0 -0.04738 2.6544 2.02014 -0.34404 1.63025 -1
0 -0.04215 2.55761 1.99883 -0.33416 1.65727 -1
0 -0.01893 2.54245 1.84596 -0.33077 1.63486 -1
0 -0.05145 2.63405 1.98027 -0.35841 1.58946 -1
0 0.02187 2.66487 1.86872 -0.34621 1.57909 -1
0 0.01663 2.70876 1.9884 -0.34966 1.61349 -1
0 0.02121 2.56982 1.92479 -0.3323 1.61818 -1
0 -0.05178 2.55911 1.84937 -0.32828 1.59143 -1
0 -0.03476 2.73987 1.93297 -0.35966 1.61997 -1
0 -0.04738 2.71388 1.97735 -0.33088 1.59957 -1
0 0.02789 2.63504 1.83568 -0.35423 1.63055 -1
0 -0.05104 2.5771 1.953 -0.33069 1.64581 -1
0 -0.04565 2.57445 1.89225 -0.356 1.6433 -1
0 0.02067 2.60723 1.86254 -0.33458 1.58027 -1
0 0.0282 2.54976 1.92249 -0.32922 1.62025 -1
0 -0.01417 2.61683 1.80537 -0.34242 1.5527 -1
0 0.02136 2.69144 1.91947 -0.34999 1.59632 -1
0 -0.04603 2.68914 1.89836 -0.33051 1.57812 -1
0 0.01558 2.63784 2.02319 -0.33971 1.65531 -1
0 -0.01511 2.64265 2.02944 -0.34701 1.66003 -1
0 0.02793 2.70869 1.91058 -0.35343 1.59907 -1
0 -0.05277 2.71642 1.916 -0.35786 1.63302 -1
0 -0.0472 2.52331 1.91868 -0.32557 1.59726 -1
0 0.01762 2.60691 1.81159 -0.33031 1.56245 -1
0 0.01686 2.52314 1.9022 -0.34588 1.65424 -1
0 -0.05228 2.61331 1.81963 -0.34374 1.57088 -1
0 0.01714 2.70198 1.83934 -0.32726 1.64263 -1
0 -0.01463 2.51857 1.93 -0.35988 1.61238 -1
0 0.01689 2.73604 1.91184 -0.35754 1.58908 -1
0 -0.01305 2.70008 1.82855 -0.35562 1.57205 -1
0 -0.04684 2.66858 1.96164 -0.34876 1.63311 -1
96
0.980457 0.196695 -0.003820
0.086387 0.995621 -0.035729
-0.999726 0.022607 0.006042
0.978194 -0.094760 -0.184816
-0.856126 0.513570 0.057391
0.982139 -0.064350 0.176812
-0.318454 -0.458251 -0.829815
0.096337 -0.995100 0.022253
-0.088287 -0.733367 0.674075
-0.166016 -0.031779 -0.985611
-0.235443 0.606196 -0.759667
0.981236 0.098500 0.165755
-0.171339 0.984436 -0.039095
0.921181 0.365566 0.133367
-0.079989 0.216071 0.973096
0.103165 -0.500374 -0.859641
-0.999528 -0.002683 0.030614
0.946893 -0.240036 -0.213953
0.980933 0.100338 -0.166442
-0.999055 0.032035 -0.029390
0.154457 -0.254241 0.954728
0.150821 0.478709 0.864922
0.979909 -0.195351 0.040205
-0.984229 -0.087092 0.153977
0.076236 -0.517546 0.852252
-0.008039 0.981673 -0.190404
0.140397 0.469137 0.871894
-0.110296 -0.950069 -0.291895
0.088069 0.343879 -0.934875
-0.313916 0.554503 0.770703
0.963462 -0.189366 -0.189423
0.021771 -0.479975 -0.877012
-0.277002 -0.446548 -0.850803
0.023472 -0.476938 -0.878624
0.825328 0.162014 -0.540912
-0.052100 0.268524 -0.961863
0.309183 0.267858 -0.912501
-0.851573 -0.330645 0.406814
-0.264893 -0.880385 0.393387
-0.033171 0.431482 -0.901511
-0.330898 0.680613 -0.653661
0.175730 0.891245 -0.418093
-0.995792 0.053558 0.074364
-0.987681 -0.073276 0.138262
-0.872684 -0.421824 -0.245940
0.244110 0.424147 0.872072
0.818199 -0.525715 0.232755
-0.992878 0.078759 -0.089386
-0.800914 0.590891 -0.096871
0.127756 -0.943773 -0.304912
-0.966782 -0.141432 0.212907
-0.884844 0.067878 -0.460916
-0.448727 -0.805787 -0.386460
0.969379 -0.142276 0.200154
-0.886214 0.406699 -0.221859
-0.980503 -0.150579 0.126252
-0.996131 -0.085114 0.021896
-0.356607 0.097074 -0.929197
-0.343022 -0.219663 0.913282
-0.965742 0.216396 -0.143230
-0.867560 0.377859 0.323362
-0.096754 -0.104117 0.989848
0.972761 0.165027 -0.162794
0.553290 -0.613961 -0.562957
-0.050847 -0.323879 0.944731
-0.073976 0.486078 0.870779
0.859081 0.215054 0.464469
0.926290 -0.120817 0.356917
-0.654492 -0.517957 0.550782
0.838146 0.326039 -0.437276
-0.994496 0.054055 0.089749
0.422698 -0.839662 0.341020
-0.724408 0.683203 0.092016
-0.992558 0.043382 0.113785
-0.114001 -0.880661 0.459826
0.282422 0.903338 0.322828
0.188413 0.938093 0.290659
0.845543 0.382359 0.372637
0.119883 0.864640 -0.487879
0.139221 -0.585676 0.798499
0.261937 0.255601 -0.930622
0.033895 -0.863477 0.503249
0.910523 0.375441 -0.173183
0.012149 0.988694 -0.149456
-0.045811 -0.961543 -0.270806
-0.097072 -0.958691 -0.267373
0.871732 -0.349593 0.343320
0.113908 0.483923 0.867666
-0.266499 0.862822 0.429553
-0.990961 0.057506 0.121197
0.789443 -0.369659 -0.490032
0.970323 0.196687 0.140665
0.871794 -0.402310 -0.279501
-0.978285 -0.193133 -0.075227
-0.188543 0.841001 0.507118
-0.154807 -0.741869 -0.652430
96
1 15 6 16 0 0 0 1
1 26 32 31 1 1 1 1
1 7 9 12 2 2 2 1
1 5 6 4 3 3 3 1
1 29 28 1 4 4 4 1
1 11 6 3 5 5 5 1
1 22 27 45 6 6 6 1
1 16 7 15 7 7 7 1
1 16 2 7 8 8 8 1
1 3 12 14 9 9 9 1
1 18 26 31 10 10 10 1
1 3 6 15 11 11 11 1
1 4 14 9 12 12 12 1
1 25 40 48 13 13 13 1
1 5 9 2 14 14 14 1
1 15 12 3 15 15 15 1
1 9 14 12 16 16 16 1
1 43 34 44 17 17 17 1
1 16 6 5 18 18 18 1
1 2 9 7 19 19 19 1
1 19 38 39 20 20 20 1
1 33 8 32 21 21 21 1
1 4 6 11 22 22 22 1
1 31 21 20 23 23 23 1
1 5 2 16 24 24 24 1
1 11 14 4 25 25 25 1
1 4 9 5 26 26 26 1
1 15 7 12 27 27 27 1
1 3 14 11 28 28 28 1
1 20 10 29 29 29 29 1
1 43 30 34 30 30 30 1
1 35 43 22 31 31 31 1
1 45 35 22 32 32 32 1
1 18 23 50 33 33 33 1
1 46 30 43 34 34 34 1
1 0 49 35 35 35 35 1
1 49 46 43 36 36 36 1
1 17 26 18 37 37 37 1
1 42 47 21 38 38 38 1
1 18 31 23 39 39 39 1
1 49 0 1 40 40 40 1
1 1 48 46 41 41 41 1
1 23 20 29 42 42 42 1
1 31 20 23 43 43 43 1
1 17 33 26 44 44 44 1
1 39 38 25 45 45 45 1
1 44 34 19 46 46 46 1
1 41 0 45 47 47 47 1
1 32 27 31 48 48 48 1
1 36 50 37 49 49 49 1
1 37 45 8 50 50 50 1
1 17 24 33 51 51 51 1
1 27 22 42 52 52 52 1
1 19 34 13 53 53 53 1
1 17 36 24 54 54 54 1
1 31 42 21 55 55 55 1
1 27 42 31 56 56 56 1
1 0 35 45 57 57 57 1
1 21 39 20 58 58 58 1
1 1 0 41 59 59 59 1
1 17 18 36 60 60 60 1
1 33 24 8 61 61 61 1
1 46 40 30 62 62 62 1
1 22 43 44 63 63 63 1
1 21 19 39 64 64 64 1
1 20 39 10 65 65 65 1
1 38 13 25 66 66 66 1
1 19 13 38 67 67 67 1
1 37 41 45 68 68 68 1
1 17 13 34 69 69 69 1
1 23 29 41 70 70 70 1
1 47 44 19 71 71 71 1
1 41 29 1 72 72 72 1
1 8 45 32 73 73 73 1
1 24 36 37 74 74 74 1
1 10 25 48 75 75 75 1
1 10 48 28 76 76 76 1
1 17 34 30 77 77 77 1
1 1 46 49 78 78 78 1
1 24 37 8 79 79 79 1
1 49 43 35 80 80 80 1
1 47 19 21 81 81 81 1
1 48 40 46 82 82 82 1
1 28 48 1 83 83 83 1
1 42 22 47 84 84 84 1
1 22 44 47 85 85 85 1
1 17 30 40 86 86 86 1
1 39 25 10 87 87 87 1
1 29 10 28 88 88 88 1
1 32 45 27 89 89 89 1
1 50 23 41 90 90 90 1
1 25 13 40 91 91 91 1
1 17 40 13 92 92 92 1
1 50 41 37 93 93 93 1
1 26 33 32 94 94 94 1
1 36 18 50 95 95 95 1
"gunRRWheel" 0 10
53
0 -0.39112 2.69115 -0.03613 -0.34048 0.64669 -1
0 -0.39315 2.67613 0.10731 -0.36195 0.71233 -1
0 -0.46824 2.78457 -0.01296 -0.34799 0.62776 -1
0 -0.38443 2.65306 0.04966 -0.35808 0.71961 -1
0 -0.46658 2.5817 0.12956 -0.34629 0.74667 -1
0 -0.47898 2.767 0.03291 -0.34222 0.71897 -1
0 -0.39773 2.54148 0.01682 -0.37544 0.66528 -1
0 -0.39188 2.70686 -0.02225 -0.36068 0.65835 -1
0 -0.38185 2.66797 0.01085 -0.36484 0.69951 -1
0 -0.39265 2.59595 0.04317 -0.34398 0.70517 -1
0 -0.47744 2.67089 0.1079 -0.33914 0.67368 -1
0 -0.45796 2.79437 0.05271 -0.37694 0.70186 -1
0 -0.40184 2.58741 0.13501 -0.34227 0.68291 -1
0 -0.47248 2.61956 -0.02005 -0.37043 0.71374 -1
0 -0.47204 2.67214 -0.03374 -0.34205 0.73798 -1
0 -0.39085 2.66032 0.10415 -0.37255 0.72986 -1
0 -0.39328 2.63961 -0.02946 -0.34672 0.65976 -1
0 -0.38451 2.57254 0.04049 -0.34027 0.7082 -1
0 -0.43448 2.53616 0.04925 -0.35613 0.62641 -1
0 -0.39248 2.73785 0.03697 -0.36523 0.67893 -1
0 -0.39627 2.67647 0.03818 -0.3419 0.6512 -1
0 -0.39923 2.67531 0.15799 -0.35289 0.74928 -1
0 -0.43503 2.68093 0.16528 -0.3617 0.75234 -1
0 -0.38482 2.75798 0.02659 -0.36935 0.68277 -1
0 -0.46956 2.72089 0.08423 -0.37474 0.71993 -1
0 -0.47248 2.54169 0.03604 -0.33596 0.67446 -1
0 -0.39684 2.63922 -0.08891 -0.3416 0.63808 -1
0 -0.47283 2.71606 -0.0231 -0.3603 0.74775 -1
0 -0.4784 2.64669 -0.07953 -0.35782 0.64221 -1
0 -0.47279 2.72411 -0.0736 -0.33796 0.73152 -1
0 -0.39119 2.73376 0.06469 -0.37717 0.69518 -1
0 -0.3977 2.7899 0.02807 -0.37431 0.66966 -1
0 -0.43263 2.74794 -0.06912 -0.37204 0.64687 -1
0 -0.47206 2.71118 0.08617 -0.36385 0.71734 -1
0 -0.47111 2.73517 0.01233 -0.36527 0.63065 -1
0 -0.47268 2.76404 0.1045 -0.37381 0.71699 -1
0 -0.43394 2.65081 -0.09617 -0.35694 0.62335 -1
0 -0.398 2.75807 0.1174 -0.3553 0.72583 -1
0 -0.47254 2.59762 0.05137 -0.34831 0.62607 -1
0 -0.42441 2.66682 0.0343 -0.35479 0.68878 -1
0 -0.47269 2.69463 0.15443 -0.3407 0.6384 -1
0 -0.47696 2.60444 0.07608 -0.34721 0.71385 -1
0 -0.4395 2.56401 -0.0488 -0.33527 0.65846 -1
0 -0.43483 2.77029 0.11541 -0.36931 0.74 -1
0 -0.47254 2.64341 0.10119 -0.33284 0.6832 -1
0 -0.47067 2.60135 0.0052 -0.34432 0.68841 -1
0 -0.3851 2.68845 0.12577 -0.35046 0.7207 -1
0 -0.47783 2.58345 -0.04483 -0.34266 0.66423 -1
0 -0.40328 2.66701 0.03494 -0.3398 0.73138 -1
0 -0.3974 2.75016 -0.05653 -0.34832 0.66441 -1
0 -0.39085 2.60435 -0.0014 -0.35067 0.73204 -1
0 -0.39089 2.60597 0.07115 -0.33787 0.72741 -1
0 -0.38486 2.67205 -0.0608 -0.36092 0.64721 -1
96
-0.804847 -0.534108 -0.258747
0.021770 -0.479979 -0.877010
-0.277005 -0.446549 -0.850801
0.150824 0.478712 0.864920
-0.171341 0.984436 -0.039097
-0.052096 0.268525 -0.961863
-0.343024 -0.219665 0.913281
-0.851573 -0.330645 0.406813
-0.079985 0.216070 0.973096
-0.154803 -0.741864 -0.652436
-0.992878 0.078759 -0.089386
-0.110296 -0.950069 -0.291895
-0.266490 0.862824 0.429556
0.119881 0.864641 -0.487877
-0.872685 -0.421824 -0.245938
0.244107 0.424148 0.872072
0.154452 -0.254242 0.954728
0.076237 -0.517545 0.852253
0.175729 0.891246 -0.418090
0.980457 0.196695 -0.003821
0.971751 -0.217152 0.092441
-0.884844 0.067879 -0.460916
0.127762 -0.943771 -0.304915
0.969378 -0.142279 0.200157
-0.886213 0.406700 -0.221858
-0.980502 -0.150581 0.126256
-0.096755 -0.104120 0.989847
-0.264888 -0.880389 0.393383
-0.088285 -0.733366 0.674078
0.213695 0.899907 -0.380134
-0.867559 0.377857 0.323366
-0.996131 -0.085112 0.021895
0.139221 -0.585680 0.798497
-0.330899 0.680612 -0.653661
-0.654513 -0.517944 0.550769
-0.073973 0.486077 0.870780
-0.999055 0.032035 -0.029389
0.946893 -0.240036 -0.213955
0.096338 -0.995100 0.022255
0.838146 0.326041 -0.437273
-0.994497 0.054053 0.089746
0.422689 -0.839666 0.341021
-0.987682 -0.073274 0.138259
0.825329 0.162013 -0.540910
0.977516 0.080979 0.194693
0.910523 0.375441 -0.173181
0.188417 0.938091 0.290660
0.845544 0.382358 0.372637
0.804847 0.534108 0.258747
-0.966781 -0.141434 0.212909
0.261933 0.255603 -0.930622
-0.999726 0.022608 0.006042
-0.356606 0.097074 -0.929198
0.012149 0.988695 -0.149451
-0.965743 0.216394 -0.143229
-0.097080 -0.958692 -0.267367
0.871731 -0.349594 0.343320
0.141548 -0.367393 -0.919231
-0.984228 -0.087096 0.153981
-0.990962 0.057504 0.121196
0.978194 -0.094761 -0.184818
0.970324 0.196686 0.140665
0.871793 -0.402312 -0.279504
-0.978284 -0.193133 -0.075228
0.980933 0.100339 -0.166443
0.140400 0.469135 0.871895
0.921180 0.365569 0.133367
-0.800907 0.590901 -0.096873
0.023474 -0.476936 -0.878624
0.553284 -0.613963 -0.562961
-0.992558 0.043382 0.113785
0.818202 -0.525710 0.232754
-0.856116 0.513587 0.057394
-0.724420 0.683190 0.092012
0.972762 0.165026 -0.162793
0.282421 0.903339 0.322826
-0.033166 0.431482 -0.901512
-0.999528 -0.002683 0.030614
-0.318443 -0.458249 -0.829820
-0.235439 0.606197 -0.759667
-0.313920 0.554507 0.770698
0.309178 0.267860 -0.912502
-0.113999 -0.880661 0.459826
0.926289 -0.120820 0.356918
0.086386 0.995621 -0.035731
-0.166900 -0.031779 -0.985462
0.033897 -0.863480 0.503243
0.859083 0.215053 0.464466
0.963462 -0.189367 -0.189425
-0.995792 0.053556 0.074363
-0.448731 -0.805786 -0.386457
-0.050850 -0.323878 0.944731
-0.045810 -0.961545 -0.270802
-0.188542 0.841003 0.507115
0.113913 0.483921 0.867666
0.789448 -0.369656 -0.490027
96
1 3 20 8 0 0 0 1
1 36 26 42 1 1 1 1
1 28 36 42 2 2 2 1
1 16 14 45 3 3 3 1
1 30 27 24 4 4 4 1
1 29 32 36 5 5 5 1
1 4 22 40 6 6 6 1
1 39 9 1 7 7 7 1
1 15 24 44 8 8 8 1
1 19 1 33 9 9 9 1
1 5 29 28 10 10 10 1
1 50 38 13 11 11 11 1
1 35 43 11 12 12 12 1
1 2 49 32 13 13 13 1
1 39 16 9 14 14 14 1
1 22 21 37 15 15 15 1
1 12 21 22 16 16 16 1
1 15 44 51 17 17 17 1
1 2 31 49 18 18 18 1
1 50 48 51 19 19 19 1
1 48 0 30 20 20 20 1
1 39 7 16 21 21 21 1
1 19 33 34 22 22 22 1
1 12 17 46 23 23 23 1
1 39 19 7 24 24 24 1
1 41 25 4 25 25 25 1
1 16 7 14 26 26 26 1
1 25 18 4 27 27 27 1
1 51 44 38 28 28 28 1
1 0 27 30 29 29 29 1
1 39 1 19 30 30 30 1
1 47 25 41 31 31 31 1
1 7 34 14 32 32 32 1
1 2 32 29 33 33 33 1
1 34 5 28 34 34 34 1
1 40 22 43 35 35 35 1
1 44 24 38 36 36 36 1
1 26 17 6 37 37 37 1
1 51 38 50 38 38 38 1
1 39 46 17 39 39 39 1
1 10 35 5 40 40 40 1
1 18 6 12 41 41 41 1
1 41 40 10 42 42 42 1
1 49 52 26 43 43 43 1
1 0 48 50 44 44 44 1
1 31 23 49 45 45 45 1
1 43 31 11 46 46 46 1
1 39 17 52 47 47 47 1
1 8 20 3 48 48 48 1
1 34 28 14 49 49 49 1
1 32 26 36 50 50 50 1
1 38 24 13 51 51 51 1
1 29 36 28 52 52 52 1
1 11 31 2 53 53 53 1
1 5 2 29 54 54 54 1
1 42 6 18 55 55 55 1
1 39 52 23 56 56 56 1
1 13 0 50 57 57 57 1
1 41 4 40 58 58 58 1
1 45 28 47 59 59 59 1
1 15 48 30 60 60 60 1
1 37 46 23 61 61 61 1
1 39 23 46 62 62 62 1
1 33 5 34 63 63 63 1
1 51 48 15 64 64 64 1
1 30 24 15 65 65 65 1
1 37 23 31 66 66 66 1
1 45 47 41 67 67 67 1
1 1 10 33 68 68 68 1
1 42 26 6 69 69 69 1
1 14 28 45 70 70 70 1
1 6 17 12 71 71 71 1
1 35 11 2 72 72 72 1
1 5 35 2 73 73 73 1
1 49 23 52 74 74 74 1
1 43 37 31 75 75 75 1
1 1 41 10 76 76 76 1
1 24 27 13 77 77 77 1
1 42 47 28 78 78 78 1
1 1 9 41 79 79 79 1
1 40 43 35 80 80 80 1
1 32 49 26 81 81 81 1
1 7 19 34 82 82 82 1
1 12 46 21 83 83 83 1
1 9 45 41 84 84 84 1
1 0 13 27 85 85 85 1
1 18 12 4 86 86 86 1
1 21 46 37 87 87 87 1
1 26 52 17 88 88 88 1
1 10 40 35 89 89 89 1
1 47 42 25 90 90 90 1
1 4 12 22 91 91 91 1
1 25 42 18 92 92 92 1
1 9 16 45 93 93 93 1
1 22 37 43 94 94 94 1
1 33 10 5 95 95 95 1
"gunLRWheel" 0 11
51
0 0.41656 2.63728 0.15012 -0.33243 0.714 -1
0 0.49603 2.73606 0.00608 -0.32614 0.70865 -1
0 0.41773 2.67008 -0.03451 -0.33859 0.62623 -1
0 0.45972 2.60927 0.15329 -0.32656 0.69239 -1
0 0.49801 2.60125 0.05235 -0.31295 0.65557 -1
0 0.49688 2.61996 0.15101 -0.33022 0.70969 -1
0 0.49828 2.65824 0.10881 -0.33551 0.59671 -1
0 0.48383 2.6661 -0.09137 -0.33236 0.59382 -1
0 0.46114 2.7965 -0.00117 -0.35137 0.62454 -1
0 0.41779 2.61568 -0.00168 -0.32514 0.63718 -1
0 0.41633 2.58235 -0.04038 -0.32071 0.61303 -1
0 0.49782 2.73349 0.07285 -0.32708 0.60023 -1
0 0.42884 2.67141 0.03607 -0.32554 0.67528 -1
0 0.42144 2.72808 0.14635 -0.34677 0.69978 -1
0 0.4933 2.61619 -0.07709 -0.34818 0.67888 -1
0 0.50075 2.70765 0.10286 -0.31349 0.63576 -1
0 0.41634 2.69466 0.10297 -0.33896 0.59483 -1
0 0.41794 2.66236 0.10602 -0.33054 0.68629 -1
0 0.44969 2.67114 0.03726 -0.32133 0.70037 -1
0 0.41839 2.60523 0.05807 -0.31468 0.65111 -1
0 0.42228 2.68609 -0.08861 -0.34792 0.67166 -1
0 0.4589 2.70885 0.16312 -0.33603 0.68746 -1
0 0.49837 2.74717 -0.05831 -0.31936 0.69313 -1
0 0.49045 2.78635 0.09759 -0.3531 0.67156 -1
0 0.41774 2.72787 0.07967 -0.34094 0.68126 -1
0 0.41636 2.59953 0.03297 -0.33935 0.71141 -1
0 0.41032 2.73418 -0.03061 -0.35381 0.64755 -1
0 0.502 2.59863 0.0517 -0.31789 0.66587 -1
0 0.41787 2.73371 0.00891 -0.34484 0.64978 -1
0 0.4923 2.66589 0.03087 -0.34206 0.68717 -1
0 0.41654 2.70976 -0.02514 -0.35371 0.66013 -1
0 0.50404 2.58635 -0.03751 -0.34669 0.63836 -1
0 0.42423 2.56253 0.09713 -0.33931 0.62771 -1
0 0.41629 2.74038 0.05562 -0.32302 0.60115 -1
0 0.42366 2.79109 0.06765 -0.35247 0.67539 -1
0 0.4605 2.73262 -0.07884 -0.34615 0.60603 -1
0 0.50238 2.67644 -0.03595 -0.33132 0.62018 -1
0 0.50341 2.78456 0.01654 -0.33473 0.60813 -1
0 0.49739 2.54504 0.04076 -0.3149 0.67725 -1
0 0.49829 2.72758 -0.00734 -0.31632 0.62848 -1
0 0.4974 2.61934 -0.0071 -0.32389 0.63164 -1
0 0.42322 2.77983 -0.02184 -0.33152 0.62336 -1
0 0.41441 2.55961 0.03065 -0.31981 0.65686 -1
0 0.45872 2.5535 -0.02211 -0.31693 0.61524 -1
0 0.41646 2.63533 -0.02281 -0.32138 0.65538 -1
0 0.49522 2.73283 0.14429 -0.31319 0.63658 -1
0 0.41604 2.63417 0.09871 -0.34107 0.60171 -1
0 0.45842 2.54573 0.07801 -0.31248 0.66059 -1
0 0.50254 2.6334 0.10151 -0.32526 0.67751 -1
0 0.41 2.73888 0.10368 -0.31492 0.6836 -1
0 0.49791 2.63719 -0.02873 -0.34902 0.61726 -1
96
0.878695 0.267715 -0.395252
-0.136188 -0.098465 0.985778
0.993629 -0.097192 0.057061
-0.040935 0.654806 0.754688
0.992612 0.021819 0.119350
0.978428 0.138318 0.153452
0.889051 -0.235758 -0.392437
-0.346394 0.930966 -0.115385
0.088559 -0.097150 0.991322
0.860318 -0.229252 0.455297
0.888852 -0.449747 -0.087578
0.968955 0.022043 -0.246254
-0.959915 0.062850 0.273153
0.995042 -0.092907 0.035489
-0.961692 0.273874 -0.011911
0.977481 0.198286 -0.072206
0.879670 -0.301727 0.367615
-0.047437 0.016983 -0.998730
-0.155627 -0.949847 -0.271241
0.464469 -0.731517 0.499150
0.979953 -0.174268 0.096555
-0.966544 -0.206741 0.151823
0.884967 0.176054 0.431090
0.882495 0.033098 -0.469156
-0.020044 -0.841364 -0.540096
0.114770 -0.908129 -0.402654
-0.995453 -0.064563 0.070041
0.987485 -0.131667 -0.086818
0.883181 0.467316 0.040094
-0.071766 -0.031170 -0.996934
-0.993725 0.029682 -0.107842
-0.247194 -0.396751 -0.884016
0.028574 0.995176 0.093847
-0.101582 -0.069301 0.992410
-0.971195 0.236975 -0.024951
-0.888038 -0.064424 0.455234
-0.828539 0.448322 0.335456
0.126555 0.428291 0.894735
0.996143 0.030465 -0.082281
-0.449165 0.521282 -0.725614
-0.993759 -0.102393 -0.044257
-0.952315 0.297110 0.069442
-0.091290 -0.992818 -0.077319
0.981672 -0.018123 0.189715
0.166085 -0.367489 -0.915078
0.989792 0.132964 0.051311
-0.934297 0.306334 -0.182340
-0.093285 -0.626919 -0.773480
-0.138828 -0.296676 -0.944833
0.027087 -0.996260 -0.082047
0.176736 0.633616 -0.753190
-0.918783 -0.211680 -0.333211
-0.217458 0.764972 0.606242
0.980603 -0.165718 -0.104668
-0.995953 0.089020 -0.012386
0.980051 0.014554 0.198214
0.006650 0.772223 -0.635317
0.992625 0.021767 0.119257
-0.224544 -0.971491 -0.076058
0.251385 -0.741733 0.621803
-0.855754 -0.517135 0.016037
0.365467 0.294622 -0.882968
0.118021 -0.699207 0.705110
-0.453386 -0.845245 -0.282847
-0.091485 -0.881149 0.463903
0.046802 -0.563142 0.825033
0.427961 0.060076 0.901798
0.099216 0.992415 -0.072582
0.056796 -0.571196 0.818846
-0.412857 -0.554540 0.722519
-0.838823 0.321332 -0.439457
0.979468 -0.007368 -0.201464
0.018004 0.191292 -0.981368
0.263792 0.964354 0.020876
-0.996316 0.031944 0.079581
-0.008435 0.647659 0.761883
-0.018793 0.452158 0.891740
0.308041 -0.717660 -0.624560
-0.394077 -0.913794 0.098407
0.034569 0.516432 0.855630
0.047824 0.771190 -0.634806
0.159780 0.226707 -0.960768
-0.382478 0.058784 0.922093
0.451864 -0.804227 -0.386053
-0.020550 0.942531 0.333485
0.090432 0.981153 0.170766
-0.014745 -0.763926 0.645136
-0.983257 -0.027283 -0.180173
0.407841 0.805542 -0.429846
0.979064 -0.008770 -0.203364
-0.125539 0.927501 -0.352110
-0.085691 0.716605 0.692195
0.021124 0.819686 -0.572423
0.980930 0.140299 0.134512
0.979333 0.202182 -0.005484
0.990056 -0.114216 0.082123
96
1 18 2 28 0 0 0 1
1 21 0 3 1 1 1 1
1 48 38 27 2 2 2 1
1 45 23 21 3 3 3 1
1 15 5 48 4 4 4 1
1 37 23 15 5 5 5 1
1 18 9 2 6 6 6 1
1 8 41 34 7 7 7 1
1 5 21 3 8 8 8 1
1 1 36 37 9 9 9 1
1 18 19 9 10 10 10 1
1 31 14 36 11 11 11 1
1 49 0 13 12 12 12 1
1 27 38 31 13 13 13 1
1 41 26 49 14 14 14 1
1 33 12 30 15 15 15 1
1 18 17 19 16 16 16 1
1 17 15 48 17 17 17 1
1 24 1 15 18 18 18 1
1 5 47 38 19 19 19 1
1 46 25 12 20 20 20 1
1 32 0 42 21 21 21 1
1 18 24 17 22 22 22 1
1 14 7 22 23 23 23 1
1 44 50 25 24 24 24 1
1 25 50 4 25 25 25 1
1 4 6 29 26 26 26 1
1 1 37 15 27 27 27 1
1 18 28 24 28 28 28 1
1 30 50 44 29 29 29 1
1 39 50 29 30 30 30 1
1 14 10 20 31 31 31 1
1 8 34 23 32 32 32 1
1 46 6 16 33 33 33 1
1 41 49 34 34 34 34 1
1 18 26 10 35 35 35 1
1 34 49 13 36 36 36 1
1 16 6 11 37 37 37 1
1 36 22 37 38 38 38 1
1 35 20 41 39 39 39 1
1 50 4 29 40 40 40 1
1 18 10 42 41 41 41 1
1 38 47 43 42 42 42 1
1 16 46 12 43 43 43 1
1 17 24 15 44 44 44 1
1 15 23 45 45 45 45 1
1 42 0 18 46 46 46 1
1 43 10 14 47 47 47 1
1 14 20 7 48 48 48 1
1 24 28 1 49 49 49 1
1 19 17 48 50 50 50 1
1 18 0 49 51 51 51 1
1 23 34 13 52 52 52 1
1 25 44 12 53 53 53 1
1 11 39 29 54 54 54 1
1 40 31 36 55 55 55 1
1 35 41 8 56 56 56 1
1 15 45 5 57 57 57 1
1 47 42 43 58 58 58 1
1 5 3 47 59 59 59 1
1 18 49 26 60 60 60 1
1 7 35 22 61 61 61 1
1 46 4 6 62 62 62 1
1 43 42 10 63 63 63 1
1 25 4 46 64 64 64 1
1 28 2 1 65 65 65 1
1 45 21 5 66 66 66 1
1 33 11 39 67 67 67 1
1 2 36 1 68 68 68 1
1 3 0 32 69 69 69 1
1 20 26 41 70 70 70 1
1 44 30 12 71 71 71 1
1 7 20 35 72 72 72 1
1 37 8 23 73 73 73 1
1 6 11 29 74 74 74 1
1 23 13 21 75 75 75 1
1 2 40 36 76 76 76 1
1 31 43 14 77 77 77 1
1 47 32 42 78 78 78 1
1 2 9 40 79 79 79 1
1 22 35 8 80 80 80 1
1 30 39 50 81 81 81 1
1 13 0 21 82 82 82 1
1 38 43 31 83 83 83 1
1 9 27 40 84 84 84 1
1 9 19 27 85 85 85 1
1 3 32 47 86 86 86 1
1 20 10 26 87 87 87 1
1 22 8 37 88 88 88 1
1 36 14 22 89 89 89 1
1 33 39 30 90 90 90 1
1 16 11 33 91 91 91 1
1 19 48 27 92 92 92 1
1 33 16 12 93 93 93 1
1 27 31 40 94 94 94 1
1 48 5 38 95 95 95 1
"gunAileron" 0 12
10
0 0.03864 4.16126 -2.75178 -0.58955 -0.36258 -1
0 -0.66268 4.16019 -2.51882 -0.58426 -0.35997 -1
0 0.02424 4.18886 -2.14271 -0.58512 -0.35296 -1
0 0.74699 4.16122 -2.24134 -0.58874 -0.35553 -1
0 0.02854 4.16751 -2.03094 -0.58771 -0.36101 -1
0 0.02221 4.14241 -2.0259 -0.58244 -0.3584 -1
0 0.74688 4.15948 -2.53321 -0.5833 -0.35142 -1
0 -0.66267 4.15318 -2.26154 -0.58691 -0.35398 -1
0 0.01428 4.13361 -2.3736 -0.58125 -0.43627 -1
0 -0.66269 4.16614 -2.26531 -0.59004 -0.40063 -1
16
0.019608 -0.997238 -0.071638
-0.066260 0.979607 0.189681
-0.309948 0.265269 0.912997
-0.028873 0.999308 -0.023450
-0.016691 0.998818 -0.045661
-0.033383 -0.999072 -0.027216
0.279965 0.120562 0.952410
-0.999998 -0.001761 -0.000030
-0.023184 -0.996961 -0.074375
-0.310366 0.261820 0.913851
0.036584 -0.999313 0.005945
0.062739 0.980747 0.184929
-0.024609 -0.999363 0.025839
0.004348 0.999973 -0.005965
0.032111 0.998493 -0.044492
0.033226 -0.999147 0.024515
16
1 8 0 6 0 0 0 1
1 4 2 9 1 1 1 1
1 5 9 7 2 2 2 1
1 2 1 9 3 3 3 1
1 2 0 1 4 4 4 1
1 8 7 1 5 5 5 1
1 4 5 3 6 6 6 1
1 7 9 1 7 7 7 1
1 0 8 1 8 8 8 1
1 5 4 9 9 9 9 1
1 8 6 3 10 10 10 1
1 2 4 3 11 11 11 1
1 8 5 7 12 12 12 1
1 0 3 6 13 13 13 1
1 0 2 3 14 14 14 1
1 5 8 3 15 15 15 1
"gunLTank" 0 13
32
0 1.08475 3.00831 0.83564 -0.40941 0.11795 -1
0 1.09827 3.00756 -1.10599 -0.3686 0.10797 -1
0 1.09672 3.0081 -0.86305 -0.36902 0.21867 -1
0 1.19754 3.29135 -0.92942 -0.40968 0.18703 -1
0 1.19754 3.29135 -1.08207 -0.40925 0.11795 -1
0 1.02442 2.9572 -0.63299 -0.36836 0.10798 -1
0 1.09982 3.00702 -0.86305 -0.36878 0.21866 -1
0 1.05277 2.94266 0.57728 -0.40952 0.18702 -1
0 1.17044 3.05795 -0.68229 -0.3907 0.11825 -1
0 1.10074 3.00495 -1.10599 -0.36779 0.108 -1
0 1.1002 3.0034 -0.86305 -0.36821 0.21867 -1
0 0.81695 3.10422 -0.92942 -0.39098 0.1892 -1
0 0.81695 3.10422 -1.08207 -0.39099 0.11825 -1
0 1.10009 3.00769 -1.0716 -0.36824 0.10799 -1
0 1.10129 3.0065 -0.86305 -0.36866 0.21865 -1
0 1.00573 3.01255 0.35105 -0.39127 0.18919 -1
0 1.01864 3.04368 -0.6751 -0.3463 0.1195 -1
0 1.09884 3.00465 -1.10599 -0.36824 0.10798 -1
0 1.09939 3.0062 -0.86305 -0.36867 0.21867 -1
0 1.38263 2.90539 -0.92942 -0.34655 0.18768 -1
0 1.38263 2.90539 -1.08207 -0.34602 0.1195 -1
0 1.10976 3.00555 0.84232 -0.3678 0.10799 -1
0 1.0983 3.0031 -0.86305 -0.36822 0.21868 -1
0 1.08666 2.9187 -0.65279 -0.34628 0.18769 -1
0 1.09039 3.09207 -0.68094 -0.36621 0.1259 -1
0 1.17478 2.954 -0.66611 -0.35862 0.24789 -1
0 1.12601 3.0849 0.54422 -0.38449 0.76165 -1
0 1.04605 3.03409 0.68805 -0.37043 0.12581 -1
0 1.0555 3.08795 0.33381 -0.38491 0.76324 -1
0 1.10198 2.91224 0.33988 -0.3685 0.98654 -1
0 1.14605 2.9421 0.58327 -0.38316 0.7647 -1
0 1.18557 3.01751 0.534 -0.36964 0.24937 -1
48
-0.943722 0.330670 -0.006767
-0.942102 0.335325 -0.000000
0.945713 -0.325003 0.000000
0.944078 -0.329653 -0.006766
-0.970370 -0.155096 -0.185278
0.382590 0.905004 -0.185989
-0.559602 0.807101 -0.188241
-0.330160 -0.943925 -0.000008
0.071163 0.203453 0.976495
0.999139 0.039970 -0.011095
-0.964821 -0.228504 0.130029
0.392001 0.919945 -0.006013
-0.330670 -0.943722 -0.006767
-0.335326 -0.942102 -0.000000
0.325003 0.945713 0.000000
0.329653 0.944078 -0.006766
-0.517405 -0.855737 0.002416
0.028201 0.999590 0.005029
-0.833923 0.551845 0.006251
0.943925 -0.330160 -0.000009
-0.203453 0.071163 0.976495
0.370327 -0.928827 -0.011762
-0.013911 -0.992152 0.124264
-0.826242 0.559772 0.063077
0.330670 0.943722 -0.006766
0.335325 0.942103 -0.000000
-0.325003 -0.945713 0.000000
-0.329653 -0.944078 -0.006766
0.983679 0.013124 -0.179450
-0.352332 0.926591 0.131495
-0.559940 0.828381 -0.015892
-0.943917 0.330182 -0.000009
0.203451 -0.071167 0.976495
-0.020905 -0.971752 0.235079
-0.175077 -0.948836 0.262788
-0.525582 -0.850740 0.002094
-0.559419 -0.806953 -0.189413
-0.933853 -0.301598 0.192241
0.341257 -0.921610 -0.184875
-0.997159 -0.073860 -0.014783
0.915709 -0.341419 0.211921
0.037428 0.965163 0.258960
-0.208071 0.952828 0.220965
-0.849299 -0.527737 0.013557
0.543776 -0.839218 0.004510
0.889924 -0.455823 0.016122
0.750214 0.661074 0.012654
0.748324 0.629737 0.208429
48
1 4 1 2 0 0 0 1
1 4 2 3 1 1 1 1
1 4 3 6 2 2 2 1
1 4 6 1 3 3 3 1
1 5 16 13 4 4 4 1
1 24 8 13 5 5 5 1
1 16 24 13 6 6 6 1
1 1 6 2 7 7 7 1
1 2 6 3 8 8 8 1
1 31 25 8 9 9 9 1
1 15 7 27 10 10 10 1
1 26 8 24 11 11 11 1
1 12 9 10 12 12 12 1
1 12 10 11 13 13 13 1
1 12 11 14 14 14 14 1
1 12 14 9 15 15 15 1
1 7 23 29 16 16 16 1
1 26 24 28 17 17 17 1
1 28 16 15 18 18 18 1
1 9 14 10 19 19 19 1
1 10 14 11 20 20 20 1
1 29 23 25 21 21 21 1
1 29 30 7 22 22 22 1
1 28 15 27 23 23 23 1
1 20 17 18 24 24 24 1
1 20 18 19 25 25 25 1
1 20 19 22 26 26 26 1
1 20 22 17 27 27 27 1
1 8 25 13 28 28 28 1
1 28 27 26 29 29 29 1
1 28 24 16 30 30 30 1
1 17 22 18 31 31 31 1
1 18 22 19 32 32 32 1
1 7 30 21 33 33 33 1
1 21 0 7 34 34 34 1
1 7 5 23 35 35 35 1
1 23 5 13 36 36 36 1
1 7 0 27 37 37 37 1
1 23 13 25 38 38 38 1
1 15 16 5 39 39 39 1
1 30 31 21 40 40 40 1
1 26 0 21 41 41 41 1
1 27 0 26 42 42 42 1
1 15 5 7 43 43 43 1
1 29 25 30 44 44 44 1
1 30 25 31 45 45 45 1
1 31 8 26 46 46 46 1
1 31 26 21 47 47 47 1
"base" 0 14
8
0 0.05274 0.05527 -0.04545 0.0906 0.63889 -1
0 0.05274 -0.04986 -0.04545 0.108 0.63928 -1
0 -0.05239 -0.04986 -0.04545 0.10895 0.64334 -1
0 -0.05239 0.05527 -0.04545 0.09142 0.64295 -1
0 0.05274 0.05527 0.05968 0.09048 0.69066 -1
0 0.05274 -0.04986 0.05968 0.10788 0.69105 -1
0 -0.05239 -0.04986 0.05968 0.10883 0.69552 -1
0 -0.05239 0.05527 0.05968 0.09129 0.69513 -1
6
0.000000 0.000000 -1.000000
0.000000 -0.000000 1.000000
1.000000 -0.000000 0.000000
-0.000000 -1.000000 -0.000000
-1.000000 0.000000 -0.000000
0.000000 1.000000 0.000000
6
1 0 1 2 3 0 0 0 1
1 4 7 6 5 1 1 1 1
1 0 4 5 1 2 2 2 1
1 1 5 6 2 3 3 3 1
1 2 6 7 3 4 4 4 1
1 4 0 3 7 5 5 5 1
"turret" 0 15
8
0 -0.02033 2.50391 0.06288 -0.31709 0.68644 -1
0 0.00291 2.50391 0.06288 -0.31655 0.68546 -1
0 0.00291 2.52715 0.06288 -0.32042 0.68537 -1
0 -0.02033 2.52715 0.06288 -0.32097 0.68635 -1
0 -0.02033 2.50391 0.03964 -0.31705 0.67491 -1
0 0.00291 2.50391 0.03964 -0.31651 0.67396 -1
0 0.00291 2.52715 0.03964 -0.32038 0.67387 -1
0 -0.02033 2.52715 0.03964 -0.32093 0.67483 -1
6
-0.000000 -0.000000 1.000000
0.000000 0.000000 -1.000000
-0.000000 -1.000000 0.000000
1.000000 0.000000 0.000000
-0.000000 1.000000 0.000000
-1.000000 -0.000000 -0.000000
6
1 0 1 2 3 0 0 0 1
1 4 7 6 5 1 1 1 1
1 0 4 5 1 2 2 2 1
1 1 5 6 2 3 3 3 1
1 2 6 7 3 4 4 4 1
1 4 0 3 7 5 5 5 1
"turretpivot" 0 16
8
0 -0.01834 -0.01649 0.02096 0.10294 0.67491 -1
0 0.02838 -0.01649 0.02096 0.10254 0.67299 -1
0 0.02838 0.03024 0.02096 0.09479 0.67282 -1
0 -0.01834 0.03024 0.02096 0.09517 0.67474 -1
0 -0.01834 -0.01649 -0.02576 0.103 0.65177 -1
0 0.02838 -0.01649 -0.02576 0.1026 0.64993 -1
0 0.02838 0.03024 -0.02576 0.09485 0.64976 -1
0 -0.01834 0.03024 -0.02576 0.09522 0.6516 -1
12
0.000000 0.000000 1.000000
0.000000 -0.000000 1.000000
-0.000000 -0.000000 -1.000000
-0.000000 0.000000 -1.000000
0.000000 -1.000000 0.000000
-0.000000 -1.000000 -0.000000
1.000000 0.000000 0.000000
1.000000 0.000000 -0.000000
0.000000 1.000000 0.000000
-0.000000 1.000000 0.000000
-1.000000 -0.000000 -0.000000
-1.000000 -0.000000 -0.000000
12
1 3 0 2 0 0 0 1
1 2 0 1 1 1 1 1
1 4 7 6 2 2 2 1
1 4 6 5 3 3 3 1
1 0 4 5 4 4 4 1
1 0 5 1 5 5 5 1
1 1 5 6 6 6 6 1
1 1 6 2 7 7 7 1
1 2 6 7 8 8 8 1
1 2 7 3 9 9 9 1
1 3 7 4 10 10 10 1
1 4 0 3 11 11 11 1
"gunpivot" 0 17
8
0 -0.07437 2.15652 -0.01239 -0.26005 0.65255 -1
0 0.07047 2.15652 -0.01239 -0.25732 0.64685 -1
0 0.07047 2.30136 -0.01239 -0.28131 0.64632 -1
0 -0.07437 2.30136 -0.01239 -0.2843 0.65201 -1
0 -0.07437 2.15652 -0.15724 -0.2598 0.58047 -1
0 0.07047 2.15652 -0.15724 -0.25707 0.57557 -1
0 0.07047 2.30136 -0.15724 -0.28106 0.57503 -1
0 -0.07437 2.30136 -0.15724 -0.28404 0.57993 -1
12
0.000000 0.000000 1.000000
-0.000000 0.000000 1.000000
-0.000000 -0.000000 -1.000000
-0.000000 0.000000 -1.000000
0.000000 -1.000000 0.000000
-0.000000 -1.000000 -0.000000
1.000000 0.000000 0.000000
1.000000 0.000000 0.000000
0.000000 1.000000 0.000000
-0.000000 1.000000 0.000000
-1.000000 -0.000000 -0.000000
-1.000000 -0.000000 -0.000000
12
1 0 1 2 0 0 0 1
1 0 2 3 1 1 1 1
1 4 7 6 2 2 2 1
1 4 6 5 3 3 3 1
1 0 4 5 4 4 4 1
1 0 5 1 5 5 5 1
1 1 5 6 6 6 6 1
1 1 6 2 7 7 7 1
1 2 6 7 8 8 8 1
1 2 7 3 9 9 9 1
1 4 0 3 10 10 10 1
1 4 3 7 11 11 11 1
"gun" 0 18
228
0 -0.19914 3.13994 -0.6366 -0.42751 0.34036 -1
0 -1.01595 3.00857 0.09436 -0.43337 0.74675 -1
0 -0.25302 3.17003 0.4694 -0.43659 0.89931 -1
0 -0.20196 3.15254 -0.63803 -0.42973 0.33964 -1
0 -1.01877 3.02117 0.09294 -0.43574 0.74608 -1
0 -0.25584 3.18263 0.46798 -0.43882 0.89871 -1
0 -0.02573 2.95904 0.03613 -0.43508 0.49286 -1
0 -1.02742 3.01487 -0.37894 -0.43271 0.49359 -1
0 0.22312 3.13994 -0.65746 -0.41434 0.32367 -1
0 1.03993 3.00857 0.07351 -0.37216 0.6482 -1
0 0.277 3.17003 0.44855 -0.41974 0.85891 -1
0 0.22594 3.15254 -0.65888 -0.41631 0.32289 -1
0 1.04276 3.02117 0.07209 -0.37403 0.6474 -1
0 0.27982 3.18263 0.44713 -0.42171 0.85802 -1
0 1.05281 3.02117 -0.4005 -0.37295 0.43053 -1
0 1.04999 3.00857 -0.39908 -0.37108 0.43128 -1
0 0.16004 3.47572 -2.25942 -0.46565 -0.45658 -1
0 0.02531 2.82346 1.92159 -0.45952 -0.4553 -1
0 0.21191 3.41118 -2.25952 -0.4529 -0.45429 -1
0 0.23092 3.35431 -2.2599 -0.44603 -0.45361 -1
0 -0.37061 2.70725 0.05441 -0.43917 -0.45326 -1
0 0.2347 3.2901 -2.25959 -0.43257 -0.45327 -1
0 0.29081 2.73819 0.05613 -0.42648 -0.45363 -1
0 0.20986 3.21111 -2.2596 -0.42111 -0.45434 -1
0 -0.26918 2.90867 0.28433 -0.41666 -0.45536 -1
0 0.15668 3.14762 -2.25959 -0.41332 -0.45666 -1
0 -0.26543 2.73384 0.01544 -0.41121 -0.4582 -1
0 0.08324 3.10932 -2.25957 -0.41042 -0.45991 -1
0 -0.15605 3.00525 0.27745 -0.41099 -0.46174 -1
0 0.00072 3.10203 -2.25954 -0.41291 -0.46362 -1
0 0.40005 2.65965 0.0469 -0.41613 -0.46546 -1
0 -0.07831 3.12689 -2.25948 -0.42053 -0.46721 -1
0 0.18452 2.97718 -0.22965 -0.42593 -0.46879 -1
0 -0.14179 3.18009 -2.25941 -0.43215 -0.47013 -1
0 -0.23919 2.94746 0.28236 -0.43893 -0.47119 -1
0 -0.18008 3.25353 -2.25931 -0.446 -0.47191 -1
0 -0.18762 3.31309 -2.2599 -0.45308 -0.47227 -1
0 0.00426 2.83972 1.94178 -0.45988 -0.47226 -1
0 -0.1788 3.37674 -2.25912 -0.46614 -0.47187 -1
0 -0.19081 2.96658 -0.23487 -0.4716 -0.47112 -1
0 -0.139 3.44936 -2.25901 -0.47604 -0.47004 -1
0 -0.23444 2.76196 0.05033 -0.4793 -0.46868 -1
0 -0.07444 3.50123 -2.25897 -0.48125 -0.46709 -1
0 -0.29375 2.85519 0.28617 -0.48184 -0.46534 -1
0 0.00506 3.52446 -2.25906 -0.48105 -0.46349 -1
0 -0.2012 2.97989 0.28005 -0.47891 -0.46162 -1
0 0.0874 3.51551 -2.25925 -0.47554 -0.4598 -1
0 0.28728 2.72941 0.02744 -0.47106 -0.4581 -1
0 0.02368 3.17009 0.10137 -0.42693 0.70115 -1
0 0.05111 2.96339 0.03544 -0.46143 0.00717 -1
0 0.10059 3.45914 -1.30569 -0.467 0.00665 -1
0 -0.23697 2.94086 -0.23213 -0.4712 0.00612 -1
0 -0.00255 3.46927 -1.30784 -0.47384 0.0056 -1
0 0.25982 2.76631 0.02124 -0.47481 0.00513 -1
0 -0.10162 3.43931 -1.31276 -0.47405 0.00471 -1
0 -0.08151 2.7436 1.92079 -0.47157 0.00436 -1
0 -0.1634 3.39179 -1.30618 -0.46744 0.0041 -1
0 -0.20669 3.3365 -1.43654 -0.46183 0.00393 -1
0 -0.15485 2.99695 -0.238 -0.45494 0.00387 -1
0 -0.2358 3.25633 -1.30618 -0.44706 0.00393 -1
0 -0.24071 3.17949 -1.31223 -0.43848 0.00408 -1
0 -0.26619 2.90363 -0.22988 -0.42958 0.00434 -1
0 -0.21073 3.07958 -1.30795 -0.4207 0.00469 -1
0 0.00295 2.88164 1.893 -0.4122 0.00511 -1
0 -0.14481 2.99919 -1.30692 -0.40444 0.0056 -1
0 0.39599 2.7116 0.01716 -0.39771 0.00612 -1
0 -0.05331 2.95033 -1.30659 -0.39227 0.00666 -1
0 -0.19951 2.97231 -0.23486 -0.38832 0.00719 -1
0 0.04977 2.94021 -1.3064 -0.386 0.0077 -1
0 -0.02672 2.76049 1.91448 -0.38539 0.00816 -1
0 0.14886 2.97021 -1.30611 -0.38647 0.00857 -1
0 -0.07404 2.62725 1.90894 -0.3892 0.00889 -1
0 0.22903 3.03584 -1.30545 -0.39345 0.00914 -1
0 0.19475 2.98276 0.28563 -0.39906 0.00928 -1
0 0.2781 3.12725 -1.30367 -0.40581 0.00933 -1
0 0.34655 2.83302 -0.22794 -0.41344 0.00927 -1
0 0.28852 3.23037 -1.29601 -0.42169 0.00912 -1
0 -0.28986 2.85266 -0.22787 -0.43025 0.00887 -1
0 0.26035 3.32606 -1.22324 -0.43881 0.00854 -1
0 0.24109 2.96367 0.28675 -0.44706 0.00814 -1
0 0.19234 3.41002 -1.29959 -0.45469 0.00768 -1
0 0.23006 3.36784 1.72803 -0.45613 1.48539 -1
0 0.26636 3.32481 1.72803 -0.44787 1.48186 -1
0 0.29333 3.27573 1.72803 -0.43897 1.47931 -1
0 0.30994 3.22247 1.72803 -0.42975 1.47782 -1
0 0.31555 3.16708 1.72803 -0.42054 1.47744 -1
0 0.30994 3.11169 1.72803 -0.41167 1.47819 -1
0 0.29333 3.05843 1.72803 -0.40347 1.48003 -1
0 0.26636 3.00935 1.72803 -0.39622 1.48291 -1
0 0.23006 2.96633 1.72803 -0.3902 1.48672 -1
0 0.18583 2.93102 1.72803 -0.38565 1.49134 -1
0 0.13537 2.90478 1.72803 -0.38274 1.4966 -1
0 0.08062 2.88863 1.72803 -0.3816 1.50231 -1
0 0.02368 2.88317 1.72803 -0.38229 1.50826 -1
0 -0.03326 2.88863 1.72803 -0.38482 1.51423 -1
0 -0.08802 2.90478 1.72803 -0.38911 1.51998 -1
0 -0.13848 2.93102 1.72803 -0.39501 1.52528 -1
0 -0.18271 2.96633 1.72803 -0.4023 1.52992 -1
0 -0.219 3.00935 1.72803 -0.41071 1.5337 -1
0 -0.24598 3.05843 1.72803 -0.4199 1.53647 -1
0 -0.26258 3.11169 1.72803 -0.42951 1.5381 -1
0 -0.26819 3.16708 1.72803 -0.43914 1.53852 -1
0 -0.26258 3.22247 1.72803 -0.4484 1.53772 -1
0 -0.24597 3.27573 1.72803 -0.4569 1.53573 -1
0 -0.219 3.32481 1.72803 -0.46431 1.53262 -1
0 -0.18271 3.36784 1.72803 -0.47033 1.52855 -1
0 -0.13848 3.40315 1.72803 -0.47473 1.52367 -1
0 -0.08802 3.42938 1.72803 -0.47734 1.5182 -1
0 -0.03326 3.44554 1.72803 -0.4781 1.51234 -1
0 0.02368 3.45099 1.72803 -0.47699 1.50635 -1
0 0.08062 3.44554 1.72803 -0.47407 1.50044 -1
0 0.13537 3.42938 1.72803 -0.46948 1.49484 -1
0 0.18583 3.40315 1.72803 -0.46342 1.48976 -1
0 0.14451 3.34358 2.58854 -0.45381 1.91342 -1
0 -0.25756 2.89785 -0.22988 -0.4591 1.91929 -1
0 0.04867 3.37184 2.58834 -0.46308 1.92575 -1
0 -0.06556 2.73721 1.91975 -0.4656 1.93254 -1
0 -0.051 3.3623 2.58764 -0.46653 1.93942 -1
0 -0.20826 2.76807 0.01698 -0.46583 1.94612 -1
0 -0.1393 3.31639 2.58675 -0.4635 1.95236 -1
0 0.32646 2.90679 0.28741 -0.45961 1.9579 -1
0 -0.20275 3.24113 2.58602 -0.45432 1.96252 -1
0 -0.34704 2.67458 0.05538 -0.44783 1.96601 -1
0 -0.23176 3.14802 2.58555 -0.44038 1.96823 -1
0 -0.14622 2.99119 -0.238 -0.43229 1.96909 -1
0 -0.22696 3.07524 2.58419 -0.42387 1.96855 -1
0 -0.20271 3.00601 2.58527 -0.41548 1.96663 -1
0 0.30158 2.89901 -0.22676 -0.40744 1.96341 -1
0 -0.1392 2.93071 2.58526 -0.40009 1.95904 -1
0 0.07489 2.98537 0.04258 -0.39372 1.95369 -1
0 -0.05082 2.88475 2.58535 -0.38856 1.94759 -1
0 -0.28093 2.84717 -0.22789 -0.3848 1.94099 -1
0 0.04896 2.87522 2.58552 -0.38258 1.93414 -1
0 0.01571 2.82968 1.89027 -0.38197 1.92731 -1
0 0.14485 2.9036 2.58579 -0.38297 1.92076 -1
0 -0.00046 2.75485 1.92633 -0.38553 1.91473 -1
0 0.22221 2.96548 2.58616 -0.38953 1.90945 -1
0 0.33628 2.86568 -0.22714 -0.39482 1.90509 -1
0 0.26927 3.05138 2.58665 -0.40119 1.90183 -1
0 -0.22833 2.93508 -0.23213 -0.4084 1.89976 -1
0 0.27923 3.12373 2.58419 -0.4162 1.89896 -1
0 0.26912 3.1961 2.58759 -0.42429 1.89945 -1
0 -0.04951 2.98101 0.02899 -0.43239 1.90123 -1
0 0.22191 3.28186 2.5882 -0.4402 1.90422 -1
0 -0.02661 2.87766 1.92361 -0.44743 1.90833 -1
0 0.14432 3.24808 3.21098 -0.4393 2.22478 -1
0 0.33906 2.8603 0.2869 -0.43387 2.22111 -1
0 0.19255 3.19209 3.2109 -0.42799 2.21843 -1
0 -0.37467 2.6553 0.02466 -0.42189 2.21683 -1
0 0.21508 3.12244 3.2109 -0.41579 2.21636 -1
0 0.23738 2.75719 0.01786 -0.40991 2.21705 -1
0 0.20853 3.04972 3.2109 -0.40448 2.21886 -1
0 0.28122 2.9381 -0.22706 -0.39968 2.22174 -1
0 0.17387 2.98493 3.21091 -0.39571 2.22558 -1
0 -0.08607 2.8232 1.99195 -0.39272 2.23025 -1
0 0.11632 2.93793 3.2109 -0.39081 2.23557 -1
0 -0.05602 2.63852 1.9145 -0.39008 2.24134 -1
0 0.04463 2.91594 3.21084 -0.39057 2.24736 -1
0 0.19602 2.98293 -0.22965 -0.39225 2.25339 -1
0 -0.03027 2.92233 3.21083 -0.39508 2.2592 -1
0 0.26969 2.93236 -0.22706 -0.39896 2.26456 -1
0 -0.09695 2.95614 3.21093 -0.40374 2.26926 -1
0 0.29357 2.74205 0.01286 -0.40924 2.2731 -1
0 -0.14519 3.01217 3.21103 -0.41524 2.27593 -1
0 0.00581 2.76353 1.90175 -0.42151 2.27762 -1
0 -0.16771 3.0818 3.21104 -0.42779 2.27812 -1
0 0.33504 2.82726 -0.22794 -0.43383 2.2774 -1
0 -0.16117 3.1545 3.21099 -0.4394 2.27548 -1
0 0.39622 2.70638 0.0582 -0.44426 2.27246 -1
0 -0.12652 3.21929 3.21099 -0.44824 2.26844 -1
0 -0.02806 2.82525 1.94161 -0.45117 2.2636 -1
0 -0.06896 3.26629 3.21102 -0.45294 2.25814 -1
0 -0.37084 2.70203 0.01337 -0.45351 2.25227 -1
0 0.00277 3.28829 3.21105 -0.45284 2.24622 -1
0 0.24182 2.96445 -0.22803 -0.45099 2.24022 -1
0 0.07768 3.28188 3.21105 -0.44803 2.23451 -1
0 -0.0847 2.82076 1.54978 -0.44408 2.2293 -1
0 0.02778 3.08676 4.01105 -0.42029 2.6444 -1
0 0.20619 2.98848 0.28563 -0.42072 2.64543 -1
0 0.01669 3.0856 4.01105 -0.42081 2.6465 -1
0 0.25265 2.96933 0.28675 -0.42053 2.64746 -1
0 0.00969 3.07721 4.01105 -0.41993 2.64815 -1
0 0.08296 2.88495 1.99341 -0.41911 2.64848 -1
0 0.01077 3.06642 4.01106 -0.41817 2.64839 -1
0 0.35057 2.86605 0.2869 -0.41729 2.6479 -1
0 0.01948 3.05948 4.01106 -0.41658 2.64708 -1
0 0.28176 2.93608 0.28735 -0.41615 2.64606 -1
0 0.03078 3.06068 4.01106 -0.41606 2.64497 -1
0 0.08024 2.88624 1.55096 -0.41634 2.64402 -1
0 0.03773 3.06926 4.01105 -0.41693 2.64332 -1
0 0.36132 2.83216 0.28613 -0.41775 2.64299 -1
0 0.03647 3.07997 4.01105 -0.41868 2.64308 -1
0 0.29334 2.94173 0.28735 -0.41957 2.64357 -1
0 0.02076 4.16864 -2.53424 -0.41945 2.90474 -1
0 0.31486 2.90118 0.28741 -0.58742 -0.60098 -1
0 0.02865 3.42713 -0.90795 -0.44834 0.1333 -1
0 0.02756 4.2603 -2.00154 -0.46852 0.19644 -1
0 -0.26414 2.72839 0.04871 -0.6035 -0.33948 -1
0 0.03437 4.2319 -1.90061 -0.48275 -0.59273 -1
0 -0.06024 2.89228 1.54808 -0.59871 -0.28955 -1
0 0.02076 3.62848 -1.27081 -0.60025 -0.47137 -1
0 0.03437 4.16691 -2.53418 -0.50046 0.02236 -1
0 0.02076 4.22864 -1.89485 -0.58654 -0.60019 -1
0 0.03437 3.63854 -1.28479 -0.59879 -0.28714 -1
0 0.02767 3.54278 -2.47538 -0.5016 0.01556 -1
0 0.02756 4.10752 -2.41157 -0.48917 -0.54859 -1
0 0.02832 4.24943 -2.25119 -0.57726 -0.54017 -1
0 -0.06882 2.75049 1.90521 -0.60393 -0.40021 -1
0 0.34981 2.82641 0.28613 -0.46212 1.85866 -1
0 0.23365 2.77242 0.05459 -0.45723 1.85875 -1
0 0.31311 2.90474 -0.22676 -0.45729 1.87334 -1
0 -0.16468 3.01101 0.27745 -0.46218 1.87324 -1
0 0.00434 3.25224 1.6448 -0.45504 1.83158 -1
0 -0.24783 2.95322 0.28236 -0.45023 1.83167 -1
0 -0.27782 2.91443 0.28432 -0.45029 1.84603 -1
0 -0.30218 2.86147 0.28616 -0.4551 1.84593 -1
0 0.2303 2.95871 -0.22803 -0.4612 1.84581 -1
0 -0.20984 2.98565 0.28005 -0.46114 1.83146 -1
0 -0.07562 2.65237 1.92412 -0.46837 1.87312 -1
0 0.32478 2.85991 -0.22714 -0.46831 1.85854 -1
0 -0.06239 2.89588 1.99118 -0.47285 1.85809 -1
0 0.09897 2.81361 1.54983 -0.4729 1.87187 -1
0 -0.06999 2.64893 1.90578 -0.466 1.83249 -1
0 0.37242 2.67894 0.01619 -0.46605 1.84607 -1
0 -0.02437 2.82833 1.8889 -0.47343 1.84692 -1
0 0.00277 2.89256 1.92616 -0.47338 1.83558 -1
0 0.10136 2.81131 1.99196 -0.47923 1.86843 -1
0 -0.212 2.75284 0.05371 -0.47918 1.85695 -1
400
-0.167587 0.985806 -0.010095
-0.189969 0.981132 -0.035946
0.144217 -0.989406 -0.016666
0.189969 -0.981132 0.035946
-0.441609 0.002668 0.897204
-0.441606 0.002655 0.897205
0.974021 0.222642 0.041387
0.974020 0.222646 0.041387
-0.976150 -0.216103 0.020769
-0.494622 -0.836752 -0.234937
0.447179 -0.894330 -0.014343
-0.269677 -0.167607 -0.948252
0.155900 0.987767 0.003317
0.189969 0.981132 -0.035946
-0.155900 -0.987767 -0.003317
-0.189969 -0.981132 0.035946
0.441610 0.002676 0.897203
0.441607 0.002657 0.897205
-0.974021 0.222642 0.041387
-0.974021 0.222642 0.041387
0.976153 -0.216086 0.020769
0.976150 -0.216100 0.020770
0.269677 -0.167610 -0.948252
0.269677 -0.167607 -0.948252
-0.773468 -0.621363 -0.125119
-0.150256 0.324767 0.933782
-0.943144 -0.314583 -0.107319
-0.994021 -0.059038 -0.091847
-0.588556 0.739610 -0.326465
-0.951610 0.299267 -0.069843
0.017663 0.026529 0.999492
-0.765640 0.641382 -0.049233
-0.597395 -0.801947 -0.000564
-0.462217 0.886097 -0.034468
0.908678 -0.416469 0.029304
-0.087925 0.995738 -0.027848
-0.218741 0.270789 0.937457
0.299866 0.953497 -0.030401
-0.997563 0.003688 -0.069669
0.641714 0.765808 -0.041734
0.946391 -0.096310 0.308333
0.885112 0.461483 -0.060084
-0.146727 0.726367 0.671462
0.988923 0.124402 -0.080960
0.986075 -0.135477 -0.096444
-0.318366 -0.324796 -0.890590
0.871065 -0.477153 -0.116491
-0.447290 0.894389 -0.000812
0.620718 -0.772467 -0.134177
-0.020128 -0.030114 -0.999344
0.277345 -0.949799 -0.144782
0.561371 0.827439 0.014413
-0.107278 -0.983334 -0.146783
-0.597838 -0.794175 -0.108971
-0.475906 -0.868298 -0.139901
0.004658 -0.009536 0.999944
0.439489 0.865971 0.238627
0.082739 0.966989 0.241011
-0.284680 0.928070 0.240091
-0.614764 0.752636 0.235807
-0.858648 0.459201 0.227723
-0.972422 0.087660 0.216130
-0.931828 -0.301420 0.202093
-0.744017 -0.641017 0.188509
-0.444891 -0.877700 0.178087
-0.083733 -0.981288 0.173388
0.288661 -0.941256 0.175247
0.621796 -0.761433 0.183276
0.864682 -0.462561 0.195862
0.973757 -0.087750 0.209992
0.927501 0.300041 0.222972
0.737028 0.634544 0.232688
-0.165438 -0.178044 -0.970016
-0.374581 -0.927042 0.016781
0.479996 0.876176 0.043821
0.469121 0.881954 0.045645
-0.446751 -0.353540 0.821842
-0.427913 0.849518 0.308561
0.108074 0.992498 0.057174
0.096431 0.993624 0.058418
-0.561371 -0.827329 0.019734
-0.953479 -0.300258 0.026900
-0.279999 0.958516 0.053367
-0.291532 0.955029 0.054121
0.586043 0.809795 0.028038
-0.643993 0.764363 -0.031955
-0.626007 0.779119 0.033004
-0.607246 0.793852 0.032419
0.534356 0.510882 0.673397
-0.804413 0.593873 0.015288
-0.876939 0.480562 -0.006230
-0.510352 0.845307 0.158106
-0.033005 -0.240057 0.970197
-0.948202 0.317232 -0.016636
-0.989596 0.137668 -0.041802
-0.996656 0.067300 -0.046347
-0.989327 -0.126000 -0.073186
0.968300 0.249759 -0.003945
-0.020680 -0.029719 -0.999344
-0.953461 -0.289671 -0.083685
-0.881196 -0.459206 -0.112355
0.553694 0.093843 -0.827416
0.348354 -0.066396 0.935008
-0.766726 -0.630250 -0.122129
-0.635522 -0.758152 -0.146006
-0.038400 -0.057614 -0.997600
-0.381184 -0.924332 0.017575
-0.465298 -0.872447 -0.149443
-0.295937 -0.940583 -0.166510
0.031128 0.046692 0.998424
0.019655 -0.039307 -0.999034
-0.096170 -0.982127 -0.161797
0.086579 -0.981445 -0.171086
0.507516 0.813026 -0.285336
0.019589 -0.039401 -0.999031
0.286640 -0.944988 -0.157593
0.456559 -0.875347 -0.159127
0.081500 0.041636 0.995803
-0.522850 -0.852425 0.000249
0.628091 -0.765920 -0.137360
0.759834 -0.636535 -0.132192
-0.997926 -0.064322 0.002491
0.017962 0.026320 0.999492
0.877176 -0.468827 -0.103744
0.949721 -0.298655 -0.093995
-0.903733 0.427650 -0.019523
-0.259797 0.246953 0.933552
0.993496 -0.095873 -0.061436
0.996929 0.058497 -0.052058
-0.484639 0.874088 -0.033098
0.948254 0.317115 -0.015894
0.954820 0.296491 -0.020286
-0.058239 0.217550 0.974310
0.554596 0.832032 -0.012126
0.779419 0.626323 0.015006
0.768904 0.639115 0.017872
0.777623 0.628730 -0.001318
0.764315 0.644843 -0.000539
0.554823 0.831880 -0.012112
0.876402 0.481578 -0.001581
0.958031 0.286601 -0.006037
0.954642 0.297705 -0.005590
-0.946189 0.323533 -0.007228
0.994890 0.100735 -0.006783
0.994950 -0.099770 -0.010962
0.994853 -0.100731 -0.010999
0.151151 -0.943589 -0.294607
0.954593 -0.297689 -0.011554
0.881111 -0.472672 -0.014970
0.876299 -0.481524 -0.015333
0.650234 -0.754091 0.092423
0.764230 -0.644769 -0.015035
0.633412 -0.773612 -0.017713
0.623782 -0.781388 -0.018119
0.952648 0.302901 -0.026695
0.461241 -0.887111 -0.017081
0.289839 -0.956883 -0.019212
0.282957 -0.958936 -0.019422
0.597027 0.801873 -0.023638
0.095353 -0.995283 -0.017888
-0.097704 -0.995023 -0.019587
-0.095350 -0.995252 -0.019527
0.031129 0.046690 0.998424
-0.282967 -0.958968 -0.017630
-0.470875 -0.881999 -0.018829
-0.461228 -0.887087 -0.018590
-0.038408 -0.057604 -0.997600
-0.623805 -0.781411 -0.016250
-0.773068 -0.634101 -0.016776
-0.764210 -0.644755 -0.016523
0.561493 0.827262 -0.019078
-0.876323 -0.481534 -0.013527
-0.957570 -0.287892 -0.013310
-0.954574 -0.297682 -0.013155
-0.490954 0.870583 -0.032404
-0.994869 -0.100733 -0.009404
-0.997894 0.064367 -0.008090
-0.994876 0.100735 -0.008582
-0.942676 0.333668 -0.005294
-0.954643 0.297708 -0.005104
0.026978 -0.109089 -0.993666
-0.876400 0.481580 -0.001631
-0.787164 0.616744 -0.000141
-0.764316 0.644842 -0.000592
-0.609599 0.792707 0.002039
-0.623883 0.781515 0.002199
-0.650023 0.759210 -0.032709
-0.461299 0.887231 0.004961
-0.289699 0.957107 0.004553
-0.283008 0.959108 0.004398
-0.006295 0.012597 0.999901
-0.095366 0.995419 0.006818
0.097698 0.995203 0.005105
0.095371 0.995428 0.005170
-0.100101 -0.207751 0.973047
0.283005 0.959099 0.006163
0.471814 0.881693 0.003016
0.461309 0.887233 0.003414
0.494623 -0.836752 0.234937
0.623881 0.781514 0.003115
0.621692 0.778772 0.083740
0.621498 0.778924 0.083769
0.459709 0.884156 0.083284
0.002996 -0.006075 -0.999977
0.281804 0.955028 0.092240
0.281467 0.955124 0.092276
0.094999 0.991538 0.088471
0.022304 0.033494 0.999190
-0.094947 0.991040 0.093944
-0.095523 0.990980 0.093994
-0.281945 0.955504 0.086712
0.970125 0.242550 -0.005257
-0.459484 0.883740 0.088756
-0.460188 0.883368 0.088810
-0.621978 0.779128 0.078124
0.100101 -0.207751 -0.973047
-0.762044 0.642925 0.077043
-0.762580 0.642284 0.077087
-0.874636 0.480611 0.063440
-0.267794 0.942690 0.199052
-0.952937 0.297176 0.059988
-0.953117 0.296590 0.060013
-0.993929 0.100639 0.044468
0.908144 -0.417641 0.029170
-0.994117 -0.100656 0.040002
-0.997041 -0.066452 0.038658
-0.954308 -0.297599 0.027037
-0.943539 -0.330124 0.027436
-0.876307 -0.481526 0.014784
-0.725571 -0.687796 0.022007
-0.764260 -0.644797 0.012019
-0.764374 -0.644661 0.012010
-0.623887 -0.781514 -0.000806
-0.032280 -0.048306 -0.998311
-0.461308 -0.887240 -0.000707
-0.461362 -0.887211 -0.000712
-0.282996 -0.959068 -0.010129
0.447164 -0.894337 -0.014342
-0.095366 -0.995421 -0.006451
-0.095062 -0.995451 -0.006424
0.095361 -0.995370 -0.012037
-0.860145 -0.509467 0.024363
0.283008 -0.959107 -0.004541
0.283720 -0.958897 -0.004462
0.461299 -0.887222 -0.006326
-0.177783 0.957779 -0.225949
0.623878 -0.781507 0.004821
0.624704 -0.780846 0.004952
0.764301 -0.644829 0.006363
-0.788144 -0.204968 0.580360
0.876218 -0.481479 0.020471
0.876745 -0.480514 0.020619
0.954375 -0.297621 0.024298
0.058238 0.217547 -0.974311
0.994116 -0.100656 0.040016
0.990216 -0.135035 0.035173
0.993801 0.100625 0.047258
0.989418 0.135778 0.051154
0.953243 0.297269 0.054391
0.032028 0.060223 -0.997671
0.874306 0.480426 0.069136
0.874127 0.480745 0.069185
0.762357 0.643192 0.071521
0.026596 0.039892 0.998850
0.026584 0.039914 0.998849
0.751451 0.647113 0.128711
0.871026 0.478746 0.110076
-0.650234 -0.754091 -0.092423
-0.685223 0.398065 -0.609930
0.944803 0.305643 0.118026
0.985945 0.132945 0.101186
-0.013262 0.026531 0.999560
0.986561 -0.132475 0.095647
0.990847 -0.089298 0.101230
0.009898 -0.019801 0.999755
0.165438 -0.178044 0.970016
0.873790 -0.479250 0.082527
0.878623 -0.470025 0.084247
0.003010 -0.006068 -0.999977
-0.997554 0.008392 -0.069393
0.622931 -0.779027 0.071229
0.630831 -0.772493 0.072856
0.745186 -0.652902 -0.135707
0.009895 -0.019801 0.999755
0.282961 -0.956976 0.064268
0.292653 -0.953955 0.065762
-0.026469 -0.039579 -0.998866
0.725628 0.687749 -0.021586
-0.094996 -0.993494 0.062806
-0.084825 -0.994328 0.064158
0.973132 -0.012476 -0.229909
0.484636 -0.874090 0.033099
-0.460377 -0.885186 0.067074
-0.451196 -0.889809 0.068278
0.932299 -0.342202 0.117120
0.788144 -0.204967 -0.580360
-0.762192 -0.642829 0.076382
-0.755430 -0.650634 0.077463
-0.556221 -0.830815 0.019067
0.588555 0.739611 0.326465
-0.940180 -0.327938 0.092296
-0.947591 -0.306513 0.090116
-0.993243 -0.067247 0.094583
-0.165533 0.042565 0.985285
0.010497 -0.021153 -0.999721
-0.989836 0.089160 0.110793
-0.949710 0.295309 0.104130
0.263745 -0.597891 0.756944
-0.032291 -0.048287 -0.998311
-0.875109 0.468005 0.123105
-0.759960 0.639704 0.115060
-0.859632 -0.510338 0.024260
-0.003789 0.007622 -0.999964
-0.627013 0.767701 0.132249
-0.458812 0.880074 0.122314
0.259798 0.246955 -0.933552
0.975952 0.086758 0.199977
-0.290437 0.946968 0.137467
-0.095413 0.987500 0.125459
-0.809527 0.581818 0.078449
0.022305 0.033492 0.999190
0.084431 0.986741 0.138616
0.280416 0.951779 0.124434
0.374618 0.927016 -0.017378
-0.000454 0.001023 0.999999
0.448288 0.883530 0.135690
0.619335 0.776019 0.119245
0.809529 0.581816 -0.078448
-0.950790 0.309802 -0.004659
0.597608 0.764639 0.241228
0.381265 0.924313 -0.016790
0.057201 -0.513662 0.856084
0.039892 -0.977635 -0.206490
-0.100568 0.964039 0.245999
-0.000607 0.000942 0.999999
-0.717947 0.665868 0.202907
0.203247 0.096565 -0.974354
-0.745399 0.622872 0.237508
0.787118 -0.616036 0.030756
0.859633 0.510335 -0.024260
0.791516 -0.610342 0.031395
-0.971744 -0.097588 0.214918
-0.010514 0.021027 -0.999724
0.123927 -0.061760 -0.990367
0.644026 -0.764335 0.031987
-0.612111 -0.768036 0.188256
-0.561372 0.827438 -0.014412
-0.006424 0.012484 0.999901
0.490955 -0.870582 0.032405
0.103722 -0.978409 0.178765
-0.625437 0.002831 -0.780270
0.403575 -0.205354 -0.891604
0.650026 -0.759207 0.032738
0.761956 -0.617659 0.194730
0.010503 -0.021148 -0.999721
-0.952649 -0.302900 0.026687
-0.013917 -0.039785 -0.999111
0.968216 0.114774 0.222226
-0.003801 0.007610 -0.999964
0.860157 0.509446 -0.024365
-0.026465 -0.039585 -0.998866
-0.999034 -0.043866 -0.002612
0.717946 0.665868 -0.202912
0.999470 -0.032426 -0.003017
-0.995599 -0.093304 0.008757
0.556244 0.830788 -0.019584
-0.111641 0.954614 0.276132
-0.142722 0.864133 0.482603
-0.010529 0.021015 -0.999724
-0.986807 0.161195 -0.015128
0.121838 0.953561 -0.275458
0.997288 0.073597 -0.000159
0.953439 0.300384 -0.026898
0.984764 0.172986 -0.017745
-0.992468 0.122219 -0.008349
-0.413382 0.864213 -0.286795
-0.999970 -0.005556 -0.005343
-0.999908 0.001336 -0.013485
0.999983 0.000831 -0.005695
0.999883 -0.011036 -0.010633
-0.110947 -0.891977 -0.438255
0.995511 -0.094149 0.009658
0.176637 0.709424 0.682288
0.120578 0.714858 0.688795
-0.026978 -0.109088 0.993666
0.013917 -0.039785 0.999111
0.967579 0.241467 -0.074063
-0.013283 0.026502 0.999560
-0.907049 0.420030 -0.028933
-0.908492 0.416874 -0.029291
0.004750 -0.009511 0.999943
-0.778389 0.013921 -0.627628
-0.446908 0.894579 -0.000811
0.254559 -0.684872 -0.682752
0.722759 0.690753 -0.021913
-0.203247 0.096565 0.974354
-0.787093 0.616069 -0.030728
-0.791516 0.610343 -0.031371
-0.722753 -0.690770 0.021579
0.494589 0.812154 -0.309495
400
1 3 7 4 0 0 0 1
1 3 4 5 1 1 1 1
1 0 1 7 2 2 2 1
1 0 2 1 3 3 3 1
1 1 5 4 4 4 4 1
1 1 2 5 5 5 5 1
1 2 0 3 6 6 6 1
1 3 5 2 7 7 7 1
1 4 7 1 8 8 8 1
1 53 22 209 9 9 9 1
1 190 166 75 10 10 10 1
1 0 7 3 11 11 11 1
1 11 12 14 12 12 12 1
1 11 13 12 13 13 13 1
1 8 15 9 14 14 14 1
1 8 9 10 15 15 15 1
1 9 12 13 16 16 16 1
1 9 13 10 17 17 17 1
1 11 8 10 18 18 18 1
1 11 10 13 19 19 19 1
1 12 9 15 20 20 20 1
1 12 15 14 21 21 21 1
1 8 14 15 22 22 22 1
1 8 11 14 23 23 23 1
1 48 16 18 24 24 24 1
1 37 144 170 25 25 25 1
1 48 18 19 26 26 26 1
1 48 19 21 27 27 27 1
1 122 41 118 28 28 28 1
1 48 21 23 29 29 29 1
1 215 24 214 30 30 30 1
1 48 23 25 31 31 31 1
1 77 43 215 32 32 32 1
1 48 25 27 33 33 33 1
1 43 114 24 34 34 34 1
1 48 27 29 35 35 35 1
1 37 225 144 36 36 36 1
1 48 29 31 37 37 37 1
1 170 144 224 38 38 38 1
1 48 31 33 39 39 39 1
1 116 218 222 40 40 40 1
1 48 33 35 41 41 41 1
1 69 55 135 42 42 42 1
1 48 35 36 43 43 43 1
1 48 36 38 44 44 44 1
1 224 164 69 45 45 45 1
1 48 38 40 46 46 46 1
1 158 32 73 47 47 47 1
1 48 40 42 48 48 48 1
1 61 114 77 49 49 49 1
1 48 42 44 50 50 50 1
1 223 209 30 51 51 51 1
1 48 44 46 52 52 52 1
1 53 162 22 53 53 53 1
1 48 46 16 54 54 54 1
1 120 194 146 55 55 55 1
1 175 177 145 56 56 56 1
1 173 177 175 57 57 57 1
1 171 179 173 58 58 58 1
1 169 179 171 59 59 59 1
1 167 181 169 60 60 60 1
1 165 181 167 61 61 61 1
1 163 183 165 62 62 62 1
1 161 183 163 63 63 63 1
1 159 185 161 64 64 64 1
1 157 185 159 65 65 65 1
1 155 187 157 66 66 66 1
1 153 187 155 67 67 67 1
1 151 189 153 68 68 68 1
1 149 189 151 69 69 69 1
1 147 191 149 70 70 70 1
1 145 191 147 71 71 71 1
1 30 209 129 72 72 72 1
1 79 32 216 73 73 73 1
1 46 80 16 74 74 74 1
1 46 50 80 75 75 75 1
1 170 69 135 76 76 76 1
1 118 197 227 77 77 77 1
1 44 50 46 78 78 78 1
1 44 52 50 79 79 79 1
1 186 79 216 80 80 80 1
1 208 219 166 81 81 81 1
1 42 52 44 82 82 82 1
1 42 54 52 83 83 83 1
1 218 156 222 84 84 84 1
1 213 67 51 85 85 85 1
1 40 54 42 86 86 86 1
1 40 56 54 87 87 87 1
1 47 162 53 88 88 88 1
1 40 57 56 89 89 89 1
1 38 57 40 90 90 90 1
1 118 26 197 91 91 91 1
1 135 55 116 92 92 92 1
1 38 59 57 93 93 93 1
1 36 59 38 94 94 94 1
1 36 60 59 95 95 95 1
1 35 60 36 96 96 96 1
1 221 188 226 97 97 97 1
1 77 114 131 98 98 98 1
1 35 62 60 99 99 99 1
1 33 62 35 100 100 100 1
1 17 164 224 101 101 101 1
1 170 135 17 102 102 102 1
1 33 64 62 103 103 103 1
1 31 64 33 104 104 104 1
1 58 39 67 105 105 105 1
1 79 73 32 106 106 106 1
1 31 66 64 107 107 107 1
1 29 66 31 108 108 108 1
1 217 28 211 109 109 109 1
1 158 216 32 110 110 110 1
1 29 68 66 111 111 111 1
1 27 68 29 112 112 112 1
1 209 47 150 113 113 113 1
1 174 216 158 114 114 114 1
1 27 70 68 115 115 115 1
1 25 70 27 116 116 116 1
1 55 218 116 117 117 117 1
1 77 131 43 118 118 118 1
1 25 72 70 119 119 119 1
1 23 72 25 120 120 120 1
1 55 71 218 121 121 121 1
1 215 43 24 122 122 122 1
1 23 74 72 123 123 123 1
1 21 74 23 124 124 124 1
1 162 47 22 125 125 125 1
1 148 142 172 126 126 126 1
1 21 76 74 127 127 127 1
1 19 76 21 128 128 128 1
1 211 58 67 129 129 129 1
1 18 76 19 130 130 130 1
1 18 78 76 131 131 131 1
1 20 227 41 132 132 132 1
1 211 124 58 133 133 133 1
1 16 78 18 134 134 134 1
1 16 80 78 135 135 135 1
1 80 82 78 136 136 136 1
1 80 81 82 137 137 137 1
1 211 28 124 138 138 138 1
1 78 82 83 139 139 139 1
1 78 84 76 140 140 140 1
1 78 83 84 141 141 141 1
1 199 176 220 142 142 142 1
1 76 84 85 143 143 143 1
1 76 86 74 144 144 144 1
1 76 85 86 145 145 145 1
1 135 207 164 146 146 146 1
1 74 86 87 147 147 147 1
1 74 88 72 148 148 148 1
1 74 87 88 149 149 149 1
1 172 142 20 150 150 150 1
1 72 88 89 151 151 151 1
1 72 90 70 152 152 152 1
1 72 89 90 153 153 153 1
1 137 184 190 154 154 154 1
1 70 90 91 155 155 155 1
1 70 92 68 156 156 156 1
1 70 91 92 157 157 157 1
1 17 133 37 158 158 158 1
1 68 92 93 159 159 159 1
1 68 94 66 160 160 160 1
1 68 93 94 161 161 161 1
1 217 45 28 162 162 162 1
1 66 94 95 163 163 163 1
1 66 96 64 164 164 164 1
1 66 95 96 165 165 165 1
1 58 124 39 166 166 166 1
1 64 96 97 167 167 167 1
1 64 98 62 168 168 168 1
1 64 97 98 169 169 169 1
1 180 192 152 170 170 170 1
1 62 98 99 171 171 171 1
1 62 100 60 172 172 172 1
1 62 99 100 173 173 173 1
1 67 217 211 174 174 174 1
1 60 100 101 175 175 175 1
1 60 102 59 176 176 176 1
1 60 101 102 177 177 177 1
1 59 103 57 178 178 178 1
1 59 102 103 179 179 179 1
1 20 6 227 180 180 180 1
1 57 103 104 181 181 181 1
1 57 105 56 182 182 182 1
1 57 104 105 183 183 183 1
1 56 106 54 184 184 184 1
1 56 105 106 185 185 185 1
1 213 217 67 186 186 186 1
1 54 106 107 187 187 187 1
1 54 108 52 188 188 188 1
1 54 107 108 189 189 189 1
1 180 186 192 190 190 190 1
1 52 108 109 191 191 191 1
1 52 110 50 192 192 192 1
1 52 109 110 193 193 193 1
1 65 129 49 194 194 194 1
1 50 110 111 195 195 195 1
1 50 112 80 196 196 196 1
1 50 111 112 197 197 197 1
1 41 26 118 198 198 198 1
1 80 112 81 199 199 199 1
1 112 143 81 200 200 200 1
1 112 113 143 201 201 201 1
1 111 113 112 202 202 202 1
1 152 127 160 203 203 203 1
1 110 113 111 204 204 204 1
1 110 115 113 205 205 205 1
1 109 115 110 206 206 206 1
1 214 34 213 207 207 207 1
1 108 115 109 208 208 208 1
1 108 117 115 209 209 209 1
1 107 117 108 210 210 210 1
1 182 226 188 211 211 211 1
1 106 117 107 212 212 212 1
1 106 119 117 213 213 213 1
1 105 119 106 214 214 214 1
1 20 142 6 215 215 215 1
1 104 119 105 216 216 216 1
1 104 121 119 217 217 217 1
1 103 121 104 218 218 218 1
1 69 207 55 219 219 219 1
1 102 121 103 220 220 220 1
1 102 123 121 221 221 221 1
1 101 123 102 222 222 222 1
1 43 131 114 223 223 223 1
1 100 123 101 224 224 224 1
1 100 125 123 225 225 225 1
1 99 125 100 226 226 226 1
1 99 126 125 227 227 227 1
1 98 126 99 228 228 228 1
1 194 186 160 229 229 229 1
1 97 126 98 230 230 230 1
1 97 128 126 231 231 231 1
1 96 128 97 232 232 232 1
1 67 39 51 233 233 233 1
1 95 128 96 234 234 234 1
1 95 130 128 235 235 235 1
1 94 130 95 236 236 236 1
1 190 208 166 237 237 237 1
1 93 130 94 238 238 238 1
1 93 132 130 239 239 239 1
1 92 132 93 240 240 240 1
1 146 194 127 241 241 241 1
1 91 132 92 242 242 242 1
1 91 134 132 243 243 243 1
1 90 134 91 244 244 244 1
1 164 207 69 245 245 245 1
1 89 134 90 246 246 246 1
1 89 136 134 247 247 247 1
1 88 136 89 248 248 248 1
1 223 30 168 249 249 249 1
1 87 136 88 250 250 250 1
1 87 138 136 251 251 251 1
1 86 138 87 252 252 252 1
1 65 150 53 253 253 253 1
1 85 138 86 254 254 254 1
1 85 140 138 255 255 255 1
1 84 140 85 256 256 256 1
1 84 141 140 257 257 257 1
1 83 141 84 258 258 258 1
1 224 63 133 259 259 259 1
1 82 141 83 260 260 260 1
1 82 143 141 261 261 261 1
1 81 143 82 262 262 262 1
1 213 45 217 263 263 263 1
1 213 34 45 264 264 264 1
1 143 145 147 265 265 265 1
1 143 147 141 266 266 266 1
1 168 129 65 267 267 267 1
1 144 63 224 268 268 268 1
1 141 147 149 269 269 269 1
1 141 149 140 270 270 270 1
1 178 73 79 271 271 271 1
1 140 151 138 272 272 272 1
1 140 149 151 273 273 273 1
1 184 208 190 274 274 274 1
1 148 118 142 275 275 275 1
1 138 153 136 276 276 276 1
1 138 151 153 277 277 277 1
1 210 127 152 278 278 278 1
1 224 69 170 279 279 279 1
1 136 155 134 280 280 280 1
1 136 153 155 281 281 281 1
1 41 197 26 282 282 282 1
1 184 146 208 283 283 283 1
1 134 157 132 284 284 284 1
1 134 155 157 285 285 285 1
1 61 139 114 286 286 286 1
1 192 120 210 287 287 287 1
1 132 159 130 288 288 288 1
1 132 157 159 289 289 289 1
1 116 222 207 290 290 290 1
1 28 39 124 291 291 291 1
1 130 161 128 292 292 292 1
1 130 159 161 293 293 293 1
1 17 135 164 294 294 294 1
1 122 148 172 295 295 295 1
1 128 163 126 296 296 296 1
1 128 161 163 297 297 297 1
1 186 216 160 298 298 298 1
1 223 53 209 299 299 299 1
1 126 165 125 300 300 300 1
1 126 163 165 301 301 301 1
1 125 165 123 302 302 302 1
1 150 47 53 303 303 303 1
1 152 160 174 304 304 304 1
1 123 165 167 305 305 305 1
1 123 167 121 306 306 306 1
1 17 37 170 307 307 307 1
1 51 39 139 308 308 308 1
1 121 167 169 309 309 309 1
1 121 169 119 310 310 310 1
1 146 127 219 311 311 311 1
1 137 127 210 312 312 312 1
1 119 169 171 313 313 313 1
1 119 171 117 314 314 314 1
1 30 129 168 315 315 315 1
1 133 225 37 316 316 316 1
1 117 171 173 317 317 317 1
1 117 173 115 318 318 318 1
1 168 65 223 319 319 319 1
1 214 24 34 320 320 320 1
1 115 173 175 321 321 321 1
1 115 175 113 322 322 322 1
1 178 174 158 323 323 323 1
1 192 194 120 324 324 324 1
1 113 175 145 325 325 325 1
1 113 145 143 326 326 326 1
1 172 20 122 327 327 327 1
1 220 176 154 328 328 328 1
1 145 177 191 329 329 329 1
1 178 180 174 330 330 330 1
1 71 156 218 331 331 331 1
1 224 133 17 332 332 332 1
1 173 179 177 333 333 333 1
1 192 186 194 334 334 334 1
1 227 6 118 335 335 335 1
1 209 49 129 336 336 336 1
1 169 181 179 337 337 337 1
1 24 114 139 338 338 338 1
1 184 137 210 339 339 339 1
1 24 139 34 340 340 340 1
1 165 183 181 341 341 341 1
1 75 166 219 342 342 342 1
1 227 197 41 343 343 343 1
1 34 139 39 344 344 344 1
1 161 185 183 345 345 345 1
1 122 118 148 346 346 346 1
1 180 79 186 347 347 347 1
1 39 28 45 348 348 348 1
1 157 187 185 349 349 349 1
1 207 222 71 350 350 350 1
1 222 156 71 351 351 351 1
1 34 39 45 352 352 352 1
1 153 189 187 353 353 353 1
1 174 160 216 354 354 354 1
1 219 208 146 355 355 355 1
1 20 41 122 356 356 356 1
1 149 191 189 357 357 357 1
1 137 219 127 358 358 358 1
1 184 210 120 359 359 359 1
1 51 139 61 360 360 360 1
1 195 200 204 361 361 361 1
1 150 49 209 362 362 362 1
1 195 204 203 363 363 363 1
1 202 193 205 364 364 364 1
1 180 152 174 365 365 365 1
1 198 196 202 366 366 366 1
1 195 203 200 367 367 367 1
1 219 137 75 368 368 368 1
1 193 202 196 369 369 369 1
1 193 206 201 370 370 370 1
1 196 201 206 371 371 371 1
1 137 190 75 372 372 372 1
1 198 201 196 373 373 373 1
1 193 196 206 374 374 374 1
1 225 63 144 375 375 375 1
1 204 200 202 376 376 376 1
1 204 202 205 377 377 377 1
1 203 204 205 378 378 378 1
1 203 205 198 379 379 379 1
1 205 193 201 380 380 380 1
1 198 205 201 381 381 381 1
1 203 202 200 382 382 382 1
1 203 198 202 383 383 383 1
1 65 49 150 384 384 384 1
1 65 53 223 385 385 385 1
1 133 63 225 386 386 386 1
1 178 79 180 387 387 387 1
1 215 61 77 388 388 388 1
1 215 214 61 389 389 389 1
1 120 146 184 390 390 390 1
1 207 71 55 391 391 391 1
1 158 73 178 392 392 392 1
1 135 116 207 393 393 393 1
1 192 210 152 394 394 394 1
1 118 6 142 395 395 395 1
1 214 51 61 396 396 396 1
1 214 213 51 397 397 397 1
1 194 160 127 398 398 398 1
1 209 22 47 399 399 399 1

Materials: 19

"black"
0.800000011921 0.800000011921 0.800000011921 1.0
0.0 0.0 0.0 1.0
0.5 0.5 0.5 1.0
0.00000 0.000000 0.000000 1.0
50
1.0
".\black.bmp"
""


"red.001"
0.899682402611 0.899682402611 0.899682402611 1.0
0.800000011921 0.800000011921 0.800000011921 1.0
0.984171569347 0.984171569347 0.984171569347 1.0
0.00000 0.000000 0.000000 1.0
50
1.0
".\red.bmp"
""


"black"
0.800000011921 0.800000011921 0.800000011921 1.0
0.0 0.0 0.0 1.0
0.5 0.5 0.5 1.0
0.00000 0.000000 0.000000 1.0
50
1.0
".\black.bmp"
""


"red"
0.899682402611 0.899682402611 0.899682402611 1.0
0.800000011921 0.800000011921 0.800000011921 1.0
0.984171569347 0.984171569347 0.984171569347 1.0
0.00000 0.000000 0.000000 1.0
50
1.0
".\red.bmp"
""


"engine"
1.0 1.0 1.0 1.0
0.800000011921 0.800000011921 0.800000011921 1.0
1.52530443668 1.52530443668 1.52530443668 1.0
0.00000 0.000000 0.000000 1.0
50
1.0
".\engine.bmp"
""


"black"
0.800000011921 0.800000011921 0.800000011921 1.0
0.0 0.0 0.0 1.0
0.5 0.5 0.5 1.0
0.00000 0.000000 0.000000 1.0
50
1.0
".\black.bmp"
""


"black"
0.800000011921 0.800000011921 0.800000011921 1.0
0.0 0.0 0.0 1.0
0.5 0.5 0.5 1.0
0.00000 0.000000 0.000000 1.0
50
1.0
".\black.bmp"
""


"engine"
1.0 1.0 1.0 1.0
0.800000011921 0.800000011921 0.800000011921 1.0
1.52530443668 1.52530443668 1.52530443668 1.0
0.00000 0.000000 0.000000 1.0
50
1.0
".\engine.bmp"
""


"engine"
1.0 1.0 1.0 1.0
0.800000011921 0.800000011921 0.800000011921 1.0
1.52530443668 1.52530443668 1.52530443668 1.0
0.00000 0.000000 0.000000 1.0
50
1.0
".\engine.bmp"
""


"black"
0.800000011921 0.800000011921 0.800000011921 1.0
0.0 0.0 0.0 1.0
0.5 0.5 0.5 1.0
0.00000 0.000000 0.000000 1.0
50
1.0
".\black.bmp"
""


"black"
0.800000011921 0.800000011921 0.800000011921 1.0
0.0 0.0 0.0 1.0
0.5 0.5 0.5 1.0
0.00000 0.000000 0.000000 1.0
50
1.0
".\black.bmp"
""


"black"
0.800000011921 0.800000011921 0.800000011921 1.0
0.0 0.0 0.0 1.0
0.5 0.5 0.5 1.0
0.00000 0.000000 0.000000 1.0
50
1.0
".\black.bmp"
""


"red"
0.899682402611 0.899682402611 0.899682402611 1.0
0.800000011921 0.800000011921 0.800000011921 1.0
0.984171569347 0.984171569347 0.984171569347 1.0
0.00000 0.000000 0.000000 1.0
50
1.0
".\red.bmp"
""


"red"
0.899682402611 0.899682402611 0.899682402611 1.0
0.800000011921 0.800000011921 0.800000011921 1.0
0.984171569347 0.984171569347 0.984171569347 1.0
0.00000 0.000000 0.000000 1.0
50
1.0
".\red.bmp"
""


"base"
0.800000011921 0.800000011921 0.800000011921 0.0
0.800000011921 0.800000011921 0.800000011921 0.0
0.5 0.5 0.5 0.0
0.00000 0.000000 0.000000 0.0
50
0.0
".\seams.bmp"
""


"base"
0.800000011921 0.800000011921 0.800000011921 0.0
0.800000011921 0.800000011921 0.800000011921 0.0
0.5 0.5 0.5 0.0
0.00000 0.000000 0.000000 0.0
50
0.0
".\seams.bmp"
""


"skin"
0.800000011921 0.800000011921 0.800000011921 1.0
0.800000011921 0.800000011921 0.800000011921 1.0
2.0 2.0 2.0 1.0
0.00000 0.000000 0.000000 1.0
50
1.0
".\seams.bmp"
""


"skin"
0.800000011921 0.800000011921 0.800000011921 1.0
0.800000011921 0.800000011921 0.800000011921 1.0
2.0 2.0 2.0 1.0
0.00000 0.000000 0.000000 1.0
50
1.0
".\seams.bmp"
""


"skin"
0.800000011921 0.800000011921 0.800000011921 1.0
0.800000011921 0.800000011921 0.800000011921 1.0
2.0 2.0 2.0 1.0
0.00000 0.000000 0.000000 1.0
50
1.0
".\seams.bmp"
""

Bones: 0
