// MilkShape 3D ASCII

Frames: 30
Frame: 1

Meshes: 6
"mid" 0 0
90
0 2.202687 12.150223 -0.000347 0.000000 0.000000 -1
0 1.907943 12.150223 1.099654 0.000000 0.000000 -1
0 0.002687 12.150223 -0.000347 0.000000 0.000000 -1
0 2.202687 0.253784 -0.000347 0.000000 0.000000 -1
0 0.002687 0.253784 -0.000347 0.000000 0.000000 -1
0 1.907943 0.253784 1.099654 0.000000 0.000000 -1
0 2.202687 12.150223 -0.000347 0.000000 1.000000 -1
0 2.202687 13.937165 -0.000347 0.000000 0.833333 -1
0 1.907943 13.937165 1.099654 0.083333 0.833333 -1
0 1.907943 12.150223 1.099654 0.083333 1.000000 -1
0 1.784687 14.696326 -0.000347 0.000000 0.666667 -1
0 1.545944 14.696326 0.890654 0.083333 0.666667 -1
0 2.202687 -19.299547 -0.000347 0.000000 0.166667 -1
0 1.907943 -19.299547 1.099654 0.083333 0.166667 -1
0 1.907943 0.253784 1.099654 0.083333 0.000000 -1
0 1.102687 12.150223 1.904910 0.000000 0.000000 -1
0 1.102687 0.253784 1.904910 0.000000 0.000000 -1
0 1.102687 12.150223 1.904910 0.166667 1.000000 -1
0 1.102687 13.937165 1.904910 0.166667 0.833333 -1
0 0.893687 14.696326 1.542911 0.166667 0.666667 -1
0 1.102687 0.253784 1.904910 0.166667 0.000000 -1
0 1.102687 -19.299547 1.904910 0.166667 0.166667 -1
0 0.002687 12.150223 2.199654 0.000000 0.000000 -1
0 0.002687 0.253784 2.199654 0.000000 0.000000 -1
0 0.002687 13.937165 2.199654 0.250000 0.833333 -1
0 0.002687 12.150223 2.199654 0.250000 1.000000 -1
0 0.002687 14.696326 1.781654 0.250000 0.666667 -1
0 0.002687 -19.299547 2.199654 0.250000 0.166667 -1
0 0.002687 0.253784 2.199654 0.250000 0.000000 -1
0 -1.097313 12.150223 1.904910 0.000000 0.000000 -1
0 -1.097313 0.253784 1.904910 0.000000 0.000000 -1
0 -1.097313 12.150223 1.904910 0.333333 1.000000 -1
0 -1.097313 13.937165 1.904910 0.333333 0.833333 -1
0 -0.888313 14.696326 1.542911 0.333333 0.666667 -1
0 -1.097313 0.253784 1.904910 0.333333 0.000000 -1
0 -1.097313 -19.299547 1.904910 0.333333 0.166667 -1
0 -1.902569 12.150223 1.099654 0.000000 0.000000 -1
0 -1.902569 0.253784 1.099654 0.000000 0.000000 -1
0 -1.902569 13.937165 1.099654 0.416667 0.833333 -1
0 -1.902569 12.150223 1.099654 0.416667 1.000000 -1
0 -1.540570 14.696326 0.890654 0.416667 0.666667 -1
0 -1.902569 -19.299547 1.099654 0.416667 0.166667 -1
0 -1.902569 0.253784 1.099654 0.416667 0.000000 -1
0 -2.197313 12.150223 -0.000347 0.000000 0.000000 -1
0 -2.197313 0.253784 -0.000347 0.000000 0.000000 -1
0 -2.197313 12.150223 -0.000347 0.500000 1.000000 -1
0 -2.197313 13.937165 -0.000347 0.500000 0.833333 -1
0 -1.779313 14.696326 -0.000347 0.500000 0.666667 -1
0 -2.197313 0.253784 -0.000347 0.500000 0.000000 -1
0 -2.197313 -19.299547 -0.000347 0.500000 0.166667 -1
0 -1.902569 12.150223 -1.100346 0.000000 0.000000 -1
0 -1.902569 0.253784 -1.100346 0.000000 0.000000 -1
0 -1.902569 13.937165 -1.100346 0.583333 0.833333 -1
0 -1.902569 12.150223 -1.100346 0.583333 1.000000 -1
0 -1.540570 14.696326 -0.891346 0.583333 0.666667 -1
0 -1.902569 -19.299547 -1.100346 0.583333 0.166667 -1
0 -1.902569 0.253784 -1.100346 0.583333 0.000000 -1
0 -1.097313 12.150223 -1.905604 0.000000 0.000000 -1
0 -1.097313 0.253784 -1.905604 0.000000 0.000000 -1
0 -1.097313 12.150223 -1.905604 0.666667 1.000000 -1
0 -1.097313 13.937165 -1.905604 0.666667 0.833333 -1
0 -0.888313 14.696326 -1.543605 0.666667 0.666667 -1
0 -1.097313 0.253784 -1.905604 0.666667 0.000000 -1
0 -1.097313 -19.299547 -1.905604 0.666667 0.166667 -1
0 0.002687 12.150223 -2.200348 0.000000 0.000000 -1
0 0.002687 0.253784 -2.200348 0.000000 0.000000 -1
0 0.002687 13.937165 -2.200348 0.750000 0.833333 -1
0 0.002687 12.150223 -2.200348 0.750000 1.000000 -1
0 0.002687 14.696326 -1.782348 0.750000 0.666667 -1
0 0.002687 -19.299547 -2.200348 0.750000 0.166667 -1
0 0.002687 0.253784 -2.200348 0.750000 0.000000 -1
0 1.102687 12.150223 -1.905604 0.000000 0.000000 -1
0 1.102687 0.253784 -1.905604 0.000000 0.000000 -1
0 1.102687 12.150223 -1.905604 0.833333 1.000000 -1
0 1.102687 13.937165 -1.905604 0.833333 0.833333 -1
0 0.893687 14.696326 -1.543605 0.833333 0.666667 -1
0 1.102687 0.253784 -1.905604 0.833333 0.000000 -1
0 1.102687 -19.299547 -1.905604 0.833333 0.166667 -1
0 1.907943 12.150223 -1.100346 0.000000 0.000000 -1
0 1.907943 0.253784 -1.100346 0.000000 0.000000 -1
0 1.907943 13.937165 -1.100346 0.916667 0.833333 -1
0 1.907943 12.150223 -1.100346 0.916667 1.000000 -1
0 1.545944 14.696326 -0.891346 0.916667 0.666667 -1
0 1.907943 -19.299547 -1.100346 0.916667 0.166667 -1
0 1.907943 0.253784 -1.100346 0.916667 0.000000 -1
0 2.202687 12.150223 -0.000347 1.000000 1.000000 -1
0 2.202687 13.937165 -0.000347 1.000000 0.833333 -1
0 1.784687 14.696326 -0.000347 1.000000 0.666667 -1
0 2.202687 0.253784 -0.000347 1.000000 0.000000 -1
0 2.202687 -19.299547 -0.000347 1.000000 0.166667 -1
53
0.000000 -1.000000 0.000000
0.000000 1.000000 0.000000
1.000000 0.000000 -0.000000
0.968250 0.249985 -0.000000
0.838529 0.249985 0.484125
0.866025 0.000000 0.500000
0.875991 0.482328 -0.000000
0.758630 0.482328 0.437995
1.000000 0.000000 -0.000000
0.500000 0.000000 0.866025
0.484125 0.249985 0.838529
0.437996 0.482328 0.758630
0.500000 -0.000000 0.866025
0.500000 0.000000 0.866025
0.000000 0.249985 0.968250
0.000000 0.000000 1.000000
0.000000 0.482328 0.875991
0.000000 -0.000000 1.000000
0.000000 -0.000000 1.000000
-0.500000 0.000000 0.866025
-0.484125 0.249985 0.838529
-0.437996 0.482328 0.758630
-0.500000 -0.000000 0.866025
-0.500000 0.000000 0.866025
-0.838529 0.249985 0.484125
-0.866025 0.000000 0.500000
-0.758630 0.482328 0.437995
-0.866025 0.000000 0.500000
-1.000000 0.000000 -0.000000
-0.968250 0.249985 -0.000000
-0.875991 0.482328 -0.000000
-1.000000 0.000000 -0.000000
-0.838529 0.249985 -0.484125
-0.866026 0.000000 -0.500000
-0.758631 0.482328 -0.437995
-0.500001 0.000000 -0.866025
-0.484125 0.249985 -0.838529
-0.437996 0.482328 -0.758630
-0.500001 0.000000 -0.866025
-0.500001 0.000000 -0.866025
0.000000 0.249985 -0.968250
0.000000 0.000000 -1.000000
-0.000000 0.482328 -0.875991
0.000000 0.000000 -1.000000
0.000000 0.000000 -1.000000
0.500001 0.000000 -0.866025
0.484125 0.249985 -0.838529
0.437996 0.482328 -0.758630
0.500001 0.000000 -0.866025
0.500001 0.000000 -0.866025
0.838529 0.249985 -0.484125
0.866026 0.000000 -0.500000
0.758631 0.482328 -0.437995
96
0 0 1 2 0 0 0 2
0 3 4 5 1 1 1 2
0 6 7 8 2 3 4 1
0 6 8 9 2 4 5 1
0 7 10 8 3 6 4 1
0 10 11 8 6 7 4 1
0 12 3 13 8 8 5 1
0 3 14 13 8 5 5 1
0 1 15 2 0 0 0 2
0 5 4 16 1 1 1 2
0 9 8 17 5 4 9 1
0 8 18 17 4 10 9 1
0 8 11 19 4 7 11 1
0 8 19 18 4 11 10 1
0 13 14 20 5 5 12 1
0 13 20 21 5 12 13 1
0 15 22 2 0 0 0 2
0 16 4 23 1 1 1 2
0 17 18 24 9 10 14 1
0 17 24 25 9 14 15 1
0 18 19 24 10 11 14 1
0 19 26 24 11 16 14 1
0 21 20 27 13 12 17 1
0 20 28 27 12 18 17 1
0 22 29 2 0 0 0 2
0 23 4 30 1 1 1 2
0 25 24 31 15 14 19 1
0 24 32 31 14 20 19 1
0 24 26 33 14 16 21 1
0 24 33 32 14 21 20 1
0 27 28 34 17 18 22 1
0 27 34 35 17 22 23 1
0 29 36 2 0 0 0 2
0 30 4 37 1 1 1 2
0 31 32 38 19 20 24 1
0 31 38 39 19 24 25 1
0 32 33 38 20 21 24 1
0 33 40 38 21 26 24 1
0 35 34 41 23 22 27 1
0 34 42 41 22 27 27 1
0 36 43 2 0 0 0 2
0 37 4 44 1 1 1 2
0 39 38 45 25 24 28 1
0 38 46 45 24 29 28 1
0 38 40 47 24 26 30 1
0 38 47 46 24 30 29 1
0 41 42 48 27 27 31 1
0 41 48 49 27 31 31 1
0 43 50 2 0 0 0 2
0 44 4 51 1 1 1 2
0 45 46 52 28 29 32 1
0 45 52 53 28 32 33 1
0 46 47 52 29 30 32 1
0 47 54 52 30 34 32 1
0 49 48 55 31 31 33 1
0 48 56 55 31 33 33 1
0 50 57 2 0 0 0 2
0 51 4 58 1 1 1 2
0 53 52 59 33 32 35 1
0 52 60 59 32 36 35 1
0 52 54 61 32 34 37 1
0 52 61 60 32 37 36 1
0 55 56 62 33 33 38 1
0 55 62 63 33 38 39 1
0 57 64 2 0 0 0 2
0 58 4 65 1 1 1 2
0 59 60 66 35 36 40 1
0 59 66 67 35 40 41 1
0 60 61 66 36 37 40 1
0 61 68 66 37 42 40 1
0 63 62 69 39 38 43 1
0 62 70 69 38 44 43 1
0 64 71 2 0 0 0 2
0 65 4 72 1 1 1 2
0 67 66 73 41 40 45 1
0 66 74 73 40 46 45 1
0 66 68 75 40 42 47 1
0 66 75 74 40 47 46 1
0 69 70 76 43 44 48 1
0 69 76 77 43 48 49 1
0 71 78 2 0 0 0 2
0 72 4 79 1 1 1 2
0 73 74 80 45 46 50 1
0 73 80 81 45 50 51 1
0 74 75 80 46 47 50 1
0 75 82 80 47 52 50 1
0 77 76 83 49 48 51 1
0 76 84 83 48 51 51 1
0 78 0 2 0 0 0 2
0 79 4 3 1 1 1 2
0 81 80 85 51 50 2 1
0 80 86 85 50 3 2 1
0 80 82 87 50 52 6 1
0 80 87 86 50 6 3 1
0 83 84 88 51 51 8 1
0 83 88 89 51 8 8 1
"capsal" 0 3
138
0 -0.002218 1.271912 0.303620 0.000000 0.666667 -1
0 -0.002239 2.437129 0.300625 0.000000 0.500000 -1
0 -0.002239 2.437129 0.813086 0.083333 0.500000 -1
0 -0.002239 3.584955 0.300625 0.000000 0.333333 -1
0 -0.002239 3.584955 0.813086 0.083333 0.333333 -1
0 -0.002218 9.789392 0.303620 0.000000 0.166667 -1
0 -0.002218 9.789392 0.821258 0.083333 0.166667 -1
0 -0.258470 2.437129 1.256892 0.166667 0.500000 -1
0 -0.261037 1.271912 1.269546 0.166667 0.666667 -1
0 -0.258470 3.584955 1.256892 0.166667 0.333333 -1
0 -0.261037 9.789392 1.269546 0.166667 0.166667 -1
0 -0.702275 2.437129 1.513123 0.250000 0.500000 -1
0 -0.702275 3.584955 1.513123 0.250000 0.333333 -1
0 -0.709325 9.789392 1.528365 0.250000 0.166667 -1
0 -1.214737 2.437129 1.513123 0.333333 0.500000 -1
0 -1.226964 1.271912 1.528365 0.333333 0.666667 -1
0 -1.214737 3.584955 1.513123 0.333333 0.333333 -1
0 -1.226964 9.789392 1.528365 0.333333 0.166667 -1
0 -1.658542 2.437129 1.256891 0.416667 0.500000 -1
0 -1.658542 3.584955 1.256891 0.416667 0.333333 -1
0 -1.675252 9.789392 1.269546 0.416667 0.166667 -1
0 -1.914773 2.437129 0.813086 0.500000 0.500000 -1
0 -1.934071 1.271912 0.821258 0.500000 0.666667 -1
0 -1.914773 3.584955 0.813086 0.500000 0.333333 -1
0 -1.934071 9.789392 0.821258 0.500000 0.166667 -1
0 -1.914773 2.437129 0.300625 0.583333 0.500000 -1
0 -1.914773 3.584955 0.300625 0.583333 0.333333 -1
0 -1.934071 9.789392 0.303620 0.583333 0.166667 -1
0 -1.658542 2.437129 -0.143180 0.666667 0.500000 -1
0 -1.675251 1.271912 -0.144668 0.666667 0.666667 -1
0 -1.658542 3.584955 -0.143180 0.666667 0.333333 -1
0 -1.675251 9.789392 -0.144668 0.666667 0.166667 -1
0 -1.214737 2.437129 -0.399411 0.750000 0.500000 -1
0 -1.214737 3.584955 -0.399411 0.750000 0.333333 -1
0 -1.226963 9.789392 -0.403487 0.750000 0.166667 -1
0 -0.702275 2.437129 -0.399411 0.833333 0.500000 -1
0 -0.709325 1.271912 -0.403487 0.833333 0.666667 -1
0 -0.702275 3.584955 -0.399411 0.833333 0.333333 -1
0 -0.709325 9.789392 -0.403487 0.833333 0.166667 -1
0 -0.258470 2.437129 -0.143180 0.916667 0.500000 -1
0 -0.258470 3.584955 -0.143180 0.916667 0.333333 -1
0 -0.261037 9.789392 -0.144668 0.916667 0.166667 -1
0 -0.002239 2.437129 0.300625 1.000000 0.500000 -1
0 -0.002218 1.271912 0.303620 1.000000 0.666667 -1
0 -0.002239 3.584955 0.300625 1.000000 0.333333 -1
0 -0.002218 9.789392 0.303620 1.000000 0.166667 -1
0 0.960502 1.271912 -1.370633 0.000000 0.666667 -1
0 0.950854 2.437129 -1.356885 0.000000 0.500000 -1
0 0.950855 2.437129 -0.844423 0.083333 0.500000 -1
0 0.950854 3.584955 -1.356885 0.000000 0.333333 -1
0 0.950855 3.584955 -0.844423 0.083333 0.333333 -1
0 0.960502 9.789392 -1.370633 0.000000 0.166667 -1
0 0.960503 9.789392 -0.852994 0.083333 0.166667 -1
0 0.694624 2.437129 -0.400618 0.166667 0.500000 -1
0 0.701683 1.271912 -0.404706 0.166667 0.666667 -1
0 0.694624 3.584955 -0.400618 0.166667 0.333333 -1
0 0.701683 9.789392 -0.404706 0.166667 0.166667 -1
0 0.250818 2.437129 -0.144387 0.250000 0.500000 -1
0 0.250818 3.584955 -0.144387 0.250000 0.333333 -1
0 0.253395 9.789392 -0.145887 0.250000 0.166667 -1
0 -0.261644 2.437129 -0.144386 0.333333 0.500000 -1
0 -0.264244 1.271912 -0.145887 0.333333 0.666667 -1
0 -0.261644 3.584955 -0.144386 0.333333 0.333333 -1
0 -0.264244 9.789392 -0.145887 0.333333 0.166667 -1
0 -0.705450 2.437129 -0.400617 0.416667 0.500000 -1
0 -0.705450 3.584955 -0.400617 0.416667 0.333333 -1
0 -0.712532 9.789392 -0.404706 0.416667 0.166667 -1
0 -0.961681 2.437129 -0.844423 0.500000 0.500000 -1
0 -0.971351 1.271912 -0.852994 0.500000 0.666667 -1
0 -0.961681 3.584955 -0.844423 0.500000 0.333333 -1
0 -0.971351 9.789392 -0.852994 0.500000 0.166667 -1
0 -0.961681 2.437129 -1.356884 0.583333 0.500000 -1
0 -0.961681 3.584955 -1.356884 0.583333 0.333333 -1
0 -0.971351 9.789392 -1.370632 0.583333 0.166667 -1
0 -0.705449 2.437129 -1.800689 0.666667 0.500000 -1
0 -0.712531 1.271912 -1.818920 0.666667 0.666667 -1
0 -0.705449 3.584955 -1.800689 0.666667 0.333333 -1
0 -0.712531 9.789392 -1.818920 0.666667 0.166667 -1
0 -0.261644 2.437129 -2.056920 0.750000 0.500000 -1
0 -0.261644 3.584955 -2.056920 0.750000 0.333333 -1
0 -0.264243 9.789392 -2.077738 0.750000 0.166667 -1
0 0.250818 2.437129 -2.056921 0.833333 0.500000 -1
0 0.253395 1.271912 -2.077738 0.833333 0.666667 -1
0 0.250818 3.584955 -2.056921 0.833333 0.333333 -1
0 0.253395 9.789392 -2.077738 0.833333 0.166667 -1
0 0.694624 2.437129 -1.800689 0.916667 0.500000 -1
0 0.694624 3.584955 -1.800689 0.916667 0.333333 -1
0 0.701684 9.789392 -1.818920 0.916667 0.166667 -1
0 0.950854 2.437129 -1.356885 1.000000 0.500000 -1
0 0.960502 1.271912 -1.370633 1.000000 0.666667 -1
0 0.950854 3.584955 -1.356885 1.000000 0.333333 -1
0 0.960502 9.789392 -1.370633 1.000000 0.166667 -1
0 1.926560 1.271912 0.302901 0.000000 0.666667 -1
0 1.907252 2.437129 0.299913 0.000000 0.500000 -1
0 1.907253 2.437129 0.812375 0.083333 0.500000 -1
0 1.907252 3.584955 0.299913 0.000000 0.333333 -1
0 1.907253 3.584955 0.812375 0.083333 0.333333 -1
0 1.926560 9.789392 0.302901 0.000000 0.166667 -1
0 1.926561 9.789392 0.820539 0.083333 0.166667 -1
0 1.651022 2.437129 1.256179 0.166667 0.500000 -1
0 1.667743 1.271912 1.268826 0.166667 0.666667 -1
0 1.651022 3.584955 1.256179 0.166667 0.333333 -1
0 1.667743 9.789392 1.268826 0.166667 0.166667 -1
0 1.207218 2.437129 1.512410 0.250000 0.500000 -1
0 1.207218 3.584955 1.512410 0.250000 0.333333 -1
0 1.219455 9.789392 1.527646 0.250000 0.166667 -1
0 0.694755 2.437129 1.512410 0.333333 0.500000 -1
0 0.701816 1.271912 1.527646 0.333333 0.666667 -1
0 0.694755 3.584955 1.512410 0.333333 0.333333 -1
0 0.701816 9.789392 1.527646 0.333333 0.166667 -1
0 0.250950 2.437129 1.256180 0.416667 0.500000 -1
0 0.250950 3.584955 1.256180 0.416667 0.333333 -1
0 0.253528 9.789392 1.268827 0.416667 0.166667 -1
0 -0.005281 2.437129 0.812375 0.500000 0.500000 -1
0 -0.005291 1.271912 0.820539 0.500000 0.666667 -1
0 -0.005281 3.584955 0.812375 0.500000 0.333333 -1
0 -0.005291 9.789392 0.820539 0.500000 0.166667 -1
0 -0.005281 2.437129 0.299913 0.583333 0.500000 -1
0 -0.005281 3.584955 0.299913 0.583333 0.333333 -1
0 -0.005291 9.789392 0.302901 0.583333 0.166667 -1
0 0.250950 2.437129 -0.143892 0.666667 0.500000 -1
0 0.253528 1.271912 -0.145387 0.666667 0.666667 -1
0 0.250950 3.584955 -0.143892 0.666667 0.333333 -1
0 0.253528 9.789392 -0.145387 0.666667 0.166667 -1
0 0.694755 2.437129 -0.400123 0.750000 0.500000 -1
0 0.694755 3.584955 -0.400123 0.750000 0.333333 -1
0 0.701817 9.789392 -0.404206 0.750000 0.166667 -1
0 1.207217 2.437129 -0.400124 0.833333 0.500000 -1
0 1.219455 1.271912 -0.404207 0.833333 0.666667 -1
0 1.207217 3.584955 -0.400124 0.833333 0.333333 -1
0 1.219455 9.789392 -0.404207 0.833333 0.166667 -1
0 1.651022 2.437129 -0.143892 0.916667 0.500000 -1
0 1.651022 3.584955 -0.143892 0.916667 0.333333 -1
0 1.667743 9.789392 -0.145387 0.916667 0.166667 -1
0 1.907252 2.437129 0.299913 1.000000 0.500000 -1
0 1.926560 1.271912 0.302901 1.000000 0.666667 -1
0 1.907252 3.584955 0.299913 1.000000 0.333333 -1
0 1.926560 9.789392 0.302901 1.000000 0.166667 -1
126
0.965926 -0.000648 -0.258819
0.965926 -0.000324 -0.258819
0.965926 0.000611 0.258818
0.965926 0.000061 -0.258819
0.965926 -0.000172 0.258819
0.965926 0.000122 -0.258819
0.965926 -0.000344 0.258819
0.707105 0.003061 0.707102
0.707096 0.006121 0.707091
0.707107 -0.000575 0.707107
0.707106 -0.001150 0.707106
0.258820 0.003689 0.965919
0.258819 -0.001039 0.965925
0.258819 -0.002079 0.965924
-0.258808 0.007674 0.965898
-0.258782 0.015348 0.965814
-0.258818 -0.001441 0.965925
-0.258817 -0.002883 0.965922
-0.707094 0.005939 0.707094
-0.707106 -0.001673 0.707105
-0.707103 -0.003346 0.707103
-0.965888 0.008905 0.258807
-0.965773 0.017810 0.258775
-0.965925 -0.001673 0.258818
-0.965921 -0.003345 0.258817
-0.965913 0.005110 -0.258818
-0.965925 -0.001440 -0.258819
-0.965922 -0.002879 -0.258819
-0.707093 0.005521 -0.707099
-0.707058 0.011042 -0.707069
-0.707106 -0.001037 -0.707107
-0.707105 -0.002074 -0.707106
-0.258817 0.002031 -0.965924
-0.258819 -0.000572 -0.965926
-0.258819 -0.001145 -0.965925
0.258819 0.000906 -0.965925
0.258819 0.001813 -0.965924
0.258819 -0.000170 -0.965926
0.258819 -0.000340 -0.965926
0.707107 -0.000218 -0.707107
0.707107 0.000062 -0.707107
0.707107 0.000123 -0.707107
0.965868 0.011051 -0.258797
0.965912 0.005525 -0.258812
0.965924 0.002031 0.258819
0.965925 -0.001038 -0.258819
0.965926 -0.000572 0.258819
0.965924 -0.002075 -0.258819
0.965925 -0.001144 0.258818
0.707106 0.000902 0.707107
0.707105 0.001803 0.707106
0.707107 -0.000169 0.707107
0.707106 -0.000339 0.707107
0.258819 -0.000224 0.965926
0.258819 0.000063 0.965926
0.258819 0.000126 0.965926
-0.258819 -0.000333 0.965926
-0.258819 -0.000666 0.965926
-0.258819 0.000063 0.965926
-0.258819 0.000125 0.965926
-0.707107 0.000606 0.707107
-0.707107 -0.000171 0.707107
-0.707107 -0.000341 0.707107
-0.965921 0.003056 0.258819
-0.965907 0.006113 0.258818
-0.965926 -0.000574 0.258819
-0.965925 -0.001148 0.258819
-0.965920 0.003690 -0.258815
-0.965925 -0.001039 -0.258819
-0.965924 -0.002079 -0.258819
-0.707088 0.007680 -0.707084
-0.707028 0.015359 -0.707019
-0.707105 -0.001442 -0.707107
-0.707103 -0.002885 -0.707105
-0.258816 0.005944 -0.965908
-0.258819 -0.001675 -0.965924
-0.258817 -0.003349 -0.965920
0.258810 0.008914 -0.965887
0.258780 0.017827 -0.965772
0.258818 -0.001674 -0.965925
0.258816 -0.003348 -0.965921
0.707099 0.005115 -0.707096
0.707106 -0.001441 -0.707106
0.707104 -0.002882 -0.707104
0.965810 0.015340 -0.258795
0.965897 0.007670 -0.258815
0.965909 0.005939 0.258813
0.965925 -0.001441 -0.258819
0.965925 -0.001673 0.258818
0.965922 -0.002881 -0.258817
0.965921 -0.003347 0.258817
0.707078 0.008910 0.707080
0.706993 0.017819 0.706997
0.707106 -0.001673 0.707106
0.707103 -0.003347 0.707102
0.258814 0.005116 0.965914
0.258819 -0.001441 0.965925
0.258818 -0.002882 0.965922
-0.258817 0.005530 0.965910
-0.258809 0.011061 0.965865
-0.258818 -0.001039 0.965925
-0.258818 -0.002077 0.965924
-0.707106 0.002037 0.707105
-0.707106 -0.000574 0.707107
-0.707106 -0.001147 0.707107
-0.965926 0.000911 0.258818
-0.965925 0.001822 0.258818
-0.965926 -0.000171 0.258819
-0.965926 -0.000342 0.258819
-0.965926 -0.000219 -0.258819
-0.965926 0.000062 -0.258819
-0.965926 0.000123 -0.258819
-0.707106 -0.000329 -0.707107
-0.707106 -0.000657 -0.707107
-0.707106 0.000062 -0.707107
-0.707106 0.000123 -0.707107
-0.258820 0.000605 -0.965925
-0.258819 -0.000171 -0.965926
-0.258819 -0.000341 -0.965926
0.258816 0.003051 -0.965922
0.258810 0.006103 -0.965909
0.258819 -0.000573 -0.965926
0.258818 -0.001146 -0.965925
0.707101 0.003684 -0.707103
0.707107 -0.001038 -0.707106
0.707106 -0.002076 -0.707104
180
0 0 1 2 0 1 2 1
0 1 3 2 1 3 2 1
0 3 4 2 3 4 2 1
0 3 5 6 3 5 6 1
0 3 6 4 3 6 4 1
0 2 7 8 2 7 8 1
0 2 4 9 2 4 9 1
0 2 9 7 2 9 7 1
0 4 6 9 4 6 9 1
0 6 10 9 6 10 9 1
0 8 7 11 8 7 11 1
0 7 9 11 7 9 11 1
0 9 12 11 9 12 11 1
0 9 10 13 9 10 13 1
0 9 13 12 9 13 12 1
0 11 14 15 11 14 15 1
0 11 12 16 11 12 16 1
0 11 16 14 11 16 14 1
0 12 13 16 12 13 16 1
0 13 17 16 13 17 16 1
0 15 14 18 15 14 18 1
0 14 16 18 14 16 18 1
0 16 19 18 16 19 18 1
0 16 17 20 16 17 20 1
0 16 20 19 16 20 19 1
0 18 21 22 18 21 22 1
0 18 19 23 18 19 23 1
0 18 23 21 18 23 21 1
0 19 20 23 19 20 23 1
0 20 24 23 20 24 23 1
0 22 21 25 22 21 25 1
0 21 23 25 21 23 25 1
0 23 26 25 23 26 25 1
0 23 24 27 23 24 27 1
0 23 27 26 23 27 26 1
0 25 28 29 25 28 29 1
0 25 26 30 25 26 30 1
0 25 30 28 25 30 28 1
0 26 27 30 26 27 30 1
0 27 31 30 27 31 30 1
0 29 28 32 29 28 32 1
0 28 30 32 28 30 32 1
0 30 33 32 30 33 32 1
0 30 31 34 30 31 34 1
0 30 34 33 30 34 33 1
0 32 35 36 32 35 36 1
0 32 33 37 32 33 37 1
0 32 37 35 32 37 35 1
0 33 34 37 33 34 37 1
0 34 38 37 34 38 37 1
0 36 35 39 36 35 39 1
0 35 37 39 35 37 39 1
0 37 40 39 37 40 39 1
0 37 38 41 37 38 41 1
0 37 41 40 37 41 40 1
0 39 42 43 39 1 0 1
0 39 40 44 39 40 3 1
0 39 44 42 39 3 1 1
0 40 41 44 40 41 3 1
0 41 45 44 41 5 3 1
0 46 47 48 42 43 44 1
0 47 49 48 43 45 44 1
0 49 50 48 45 46 44 1
0 49 51 52 45 47 48 1
0 49 52 50 45 48 46 1
0 48 53 54 44 49 50 1
0 48 50 55 44 46 51 1
0 48 55 53 44 51 49 1
0 50 52 55 46 48 51 1
0 52 56 55 48 52 51 1
0 54 53 57 50 49 53 1
0 53 55 57 49 51 53 1
0 55 58 57 51 54 53 1
0 55 56 59 51 52 55 1
0 55 59 58 51 55 54 1
0 57 60 61 53 56 57 1
0 57 58 62 53 54 58 1
0 57 62 60 53 58 56 1
0 58 59 62 54 55 58 1
0 59 63 62 55 59 58 1
0 61 60 64 57 56 60 1
0 60 62 64 56 58 60 1
0 62 65 64 58 61 60 1
0 62 63 66 58 59 62 1
0 62 66 65 58 62 61 1
0 64 67 68 60 63 64 1
0 64 65 69 60 61 65 1
0 64 69 67 60 65 63 1
0 65 66 69 61 62 65 1
0 66 70 69 62 66 65 1
0 68 67 71 64 63 67 1
0 67 69 71 63 65 67 1
0 69 72 71 65 68 67 1
0 69 70 73 65 66 69 1
0 69 73 72 65 69 68 1
0 71 74 75 67 70 71 1
0 71 72 76 67 68 72 1
0 71 76 74 67 72 70 1
0 72 73 76 68 69 72 1
0 73 77 76 69 73 72 1
0 75 74 78 71 70 74 1
0 74 76 78 70 72 74 1
0 76 79 78 72 75 74 1
0 76 77 80 72 73 76 1
0 76 80 79 72 76 75 1
0 78 81 82 74 77 78 1
0 78 79 83 74 75 79 1
0 78 83 81 74 79 77 1
0 79 80 83 75 76 79 1
0 80 84 83 76 80 79 1
0 82 81 85 78 77 81 1
0 81 83 85 77 79 81 1
0 83 86 85 79 82 81 1
0 83 84 87 79 80 83 1
0 83 87 86 79 83 82 1
0 85 88 89 81 43 42 1
0 85 86 90 81 82 45 1
0 85 90 88 81 45 43 1
0 86 87 90 82 83 45 1
0 87 91 90 83 47 45 1
0 92 93 94 84 85 86 1
0 93 95 94 85 87 86 1
0 95 96 94 87 88 86 1
0 95 97 98 87 89 90 1
0 95 98 96 87 90 88 1
0 94 99 100 86 91 92 1
0 94 96 101 86 88 93 1
0 94 101 99 86 93 91 1
0 96 98 101 88 90 93 1
0 98 102 101 90 94 93 1
0 100 99 103 92 91 95 1
0 99 101 103 91 93 95 1
0 101 104 103 93 96 95 1
0 101 102 105 93 94 97 1
0 101 105 104 93 97 96 1
0 103 106 107 95 98 99 1
0 103 104 108 95 96 100 1
0 103 108 106 95 100 98 1
0 104 105 108 96 97 100 1
0 105 109 108 97 101 100 1
0 107 106 110 99 98 102 1
0 106 108 110 98 100 102 1
0 108 111 110 100 103 102 1
0 108 109 112 100 101 104 1
0 108 112 111 100 104 103 1
0 110 113 114 102 105 106 1
0 110 111 115 102 103 107 1
0 110 115 113 102 107 105 1
0 111 112 115 103 104 107 1
0 112 116 115 104 108 107 1
0 114 113 117 106 105 109 1
0 113 115 117 105 107 109 1
0 115 118 117 107 110 109 1
0 115 116 119 107 108 111 1
0 115 119 118 107 111 110 1
0 117 120 121 109 112 113 1
0 117 118 122 109 110 114 1
0 117 122 120 109 114 112 1
0 118 119 122 110 111 114 1
0 119 123 122 111 115 114 1
0 121 120 124 113 112 116 1
0 120 122 124 112 114 116 1
0 122 125 124 114 117 116 1
0 122 123 126 114 115 118 1
0 122 126 125 114 118 117 1
0 124 127 128 116 119 120 1
0 124 125 129 116 117 121 1
0 124 129 127 116 121 119 1
0 125 126 129 117 118 121 1
0 126 130 129 118 122 121 1
0 128 127 131 120 119 123 1
0 127 129 131 119 121 123 1
0 129 132 131 121 124 123 1
0 129 130 133 121 122 125 1
0 129 133 132 121 125 124 1
0 131 134 135 123 85 84 1
0 131 132 136 123 124 87 1
0 131 136 134 123 87 85 1
0 132 133 136 124 125 87 1
0 133 137 136 125 89 87 1
"fins" 0 1
302
0 1.301765 -22.759260 -0.000347 0.000000 0.333333 -1
0 2.202687 -19.299547 -0.000347 0.000000 0.166667 -1
0 1.907943 -19.299547 1.099654 0.083333 0.166667 -1
0 1.127721 -22.759260 0.649193 0.083333 0.333333 -1
0 0.652226 -22.759260 1.124688 0.166667 0.333333 -1
0 1.102687 -19.299547 1.904910 0.166667 0.166667 -1
0 0.002687 -19.299547 2.199654 0.250000 0.166667 -1
0 0.002687 -22.759260 1.298732 0.250000 0.333333 -1
0 -0.646852 -22.759260 1.124688 0.333333 0.333333 -1
0 -1.097313 -19.299547 1.904910 0.333333 0.166667 -1
0 -1.902569 -19.299547 1.099654 0.416667 0.166667 -1
0 -1.122348 -22.759260 0.649193 0.416667 0.333333 -1
0 -1.296391 -22.759260 -0.000347 0.500000 0.333333 -1
0 -2.197313 -19.299547 -0.000347 0.500000 0.166667 -1
0 -1.902569 -19.299547 -1.100346 0.583333 0.166667 -1
0 -1.122348 -22.759260 -0.649885 0.583333 0.333333 -1
0 -0.646852 -22.759260 -1.125382 0.666667 0.333333 -1
0 -1.097313 -19.299547 -1.905604 0.666667 0.166667 -1
0 0.002687 -19.299547 -2.200348 0.750000 0.166667 -1
0 0.002687 -22.759260 -1.299425 0.750000 0.333333 -1
0 0.652226 -22.759260 -1.125382 0.833333 0.333333 -1
0 1.102687 -19.299547 -1.905604 0.833333 0.166667 -1
0 1.907943 -19.299547 -1.100346 0.916667 0.166667 -1
0 1.127721 -22.759260 -0.649885 0.916667 0.333333 -1
0 1.301765 -22.759260 -0.000347 1.000000 0.333333 -1
0 2.202687 -19.299547 -0.000347 1.000000 0.166667 -1
0 1.794138 14.104354 0.001418 0.000000 0.000000 -1
0 1.553769 14.104354 0.898487 0.000000 0.000000 -1
0 0.000000 14.104354 0.001418 0.000000 0.000000 -1
0 1.059420 26.302090 -0.051213 0.000000 0.000000 -1
0 -0.000000 26.302090 -0.051213 0.000000 0.000000 -1
0 0.917485 26.302090 0.478497 0.000000 0.000000 -1
0 1.794138 14.104354 0.001418 0.000000 1.000000 -1
0 1.794138 15.196139 0.001418 0.000000 0.833333 -1
0 1.553769 15.196139 0.898487 0.083333 0.833333 -1
0 1.553769 14.104354 0.898487 0.083333 1.000000 -1
0 1.794138 17.611431 0.001418 0.000000 0.666667 -1
0 1.553769 17.611431 0.898487 0.083333 0.666667 -1
0 1.794138 20.765625 -0.051213 0.000000 0.500000 -1
0 1.553769 20.765625 0.845856 0.083333 0.500000 -1
0 1.307926 23.899151 -0.051213 0.000000 0.333333 -1
0 1.132697 23.899151 0.602750 0.083333 0.333333 -1
0 1.059420 24.773693 -0.051213 0.000000 0.166667 -1
0 0.917485 24.773693 0.478497 0.083333 0.166667 -1
0 0.917485 26.302090 0.478497 0.083333 0.000000 -1
0 0.897069 14.104354 1.555187 0.000000 0.000000 -1
0 0.529710 26.302090 0.866272 0.000000 0.000000 -1
0 0.897069 14.104354 1.555187 0.166667 1.000000 -1
0 0.897069 15.196139 1.555187 0.166667 0.833333 -1
0 0.897069 17.611431 1.555187 0.166667 0.666667 -1
0 0.897069 20.765625 1.502556 0.166667 0.500000 -1
0 0.653963 23.899151 1.081484 0.166667 0.333333 -1
0 0.529710 24.773693 0.866272 0.166667 0.166667 -1
0 0.529710 26.302090 0.866272 0.166667 0.000000 -1
0 0.000000 14.104354 1.795556 0.000000 0.000000 -1
0 0.000000 26.302090 1.008207 0.000000 0.000000 -1
0 0.000000 15.196139 1.795556 0.250000 0.833333 -1
0 0.000000 14.104354 1.795556 0.250000 1.000000 -1
0 0.000000 17.611431 1.795556 0.250000 0.666667 -1
0 0.000000 20.765625 1.742925 0.250000 0.500000 -1
0 0.000000 23.899151 1.256713 0.250000 0.333333 -1
0 0.000000 24.773693 1.008207 0.250000 0.166667 -1
0 0.000000 26.302090 1.008207 0.250000 0.000000 -1
0 -0.897069 14.104354 1.555187 0.000000 0.000000 -1
0 -0.529710 26.302090 0.866272 0.000000 0.000000 -1
0 -0.897069 14.104354 1.555187 0.333333 1.000000 -1
0 -0.897069 15.196139 1.555187 0.333333 0.833333 -1
0 -0.897069 17.611431 1.555187 0.333333 0.666667 -1
0 -0.897069 20.765625 1.502556 0.333333 0.500000 -1
0 -0.653963 23.899151 1.081484 0.333333 0.333333 -1
0 -0.529710 24.773693 0.866272 0.333333 0.166667 -1
0 -0.529710 26.302090 0.866272 0.333333 0.000000 -1
0 -1.553769 14.104354 0.898487 0.000000 0.000000 -1
0 -0.917485 26.302090 0.478497 0.000000 0.000000 -1
0 -1.553769 15.196139 0.898487 0.416667 0.833333 -1
0 -1.553769 14.104354 0.898487 0.416667 1.000000 -1
0 -1.553769 17.611431 0.898487 0.416667 0.666667 -1
0 -1.553769 20.765625 0.845856 0.416667 0.500000 -1
0 -1.132697 23.899151 0.602750 0.416667 0.333333 -1
0 -0.917485 24.773693 0.478497 0.416667 0.166667 -1
0 -0.917485 26.302090 0.478497 0.416667 0.000000 -1
0 -1.794138 14.104354 0.001418 0.000000 0.000000 -1
0 -1.059420 26.302090 -0.051213 0.000000 0.000000 -1
0 -1.794138 14.104354 0.001418 0.500000 1.000000 -1
0 -1.794138 15.196139 0.001418 0.500000 0.833333 -1
0 -1.794138 17.611431 0.001418 0.500000 0.666667 -1
0 -1.794138 20.765625 -0.051213 0.500000 0.500000 -1
0 -1.307926 23.899151 -0.051213 0.500000 0.333333 -1
0 -1.059420 24.773693 -0.051213 0.500000 0.166667 -1
0 -1.059420 26.302090 -0.051213 0.500000 0.000000 -1
0 -1.553769 14.104354 -0.895651 0.000000 0.000000 -1
0 -0.917485 26.302090 -0.580923 0.000000 0.000000 -1
0 -1.553769 15.196139 -0.895651 0.583333 0.833333 -1
0 -1.553769 14.104354 -0.895651 0.583333 1.000000 -1
0 -1.553769 17.611431 -0.895651 0.583333 0.666667 -1
0 -1.553769 20.765625 -0.948282 0.583333 0.500000 -1
0 -1.132697 23.899151 -0.705176 0.583333 0.333333 -1
0 -0.917485 24.773693 -0.580923 0.583333 0.166667 -1
0 -0.917485 26.302090 -0.580923 0.583333 0.000000 -1
0 -0.897069 14.104354 -1.552351 0.000000 0.000000 -1
0 -0.529710 26.302090 -0.968698 0.000000 0.000000 -1
0 -0.897069 14.104354 -1.552351 0.666667 1.000000 -1
0 -0.897069 15.196139 -1.552351 0.666667 0.833333 -1
0 -0.897069 17.611431 -1.552351 0.666667 0.666667 -1
0 -0.897069 20.765625 -1.604982 0.666667 0.500000 -1
0 -0.653963 23.899151 -1.183911 0.666667 0.333333 -1
0 -0.529710 24.773693 -0.968698 0.666667 0.166667 -1
0 -0.529710 26.302090 -0.968698 0.666667 0.000000 -1
0 -0.000000 14.104354 -1.792719 0.000000 0.000000 -1
0 -0.000000 26.302090 -1.110634 0.000000 0.000000 -1
0 -0.000000 15.196139 -1.792719 0.750000 0.833333 -1
0 -0.000000 14.104354 -1.792719 0.750000 1.000000 -1
0 -0.000000 17.611431 -1.792719 0.750000 0.666667 -1
0 -0.000000 20.765625 -1.845351 0.750000 0.500000 -1
0 -0.000000 23.899151 -1.359140 0.750000 0.333333 -1
0 -0.000000 24.773693 -1.110634 0.750000 0.166667 -1
0 -0.000000 26.302090 -1.110634 0.750000 0.000000 -1
0 0.897069 14.104354 -1.552351 0.000000 0.000000 -1
0 0.529710 26.302090 -0.968698 0.000000 0.000000 -1
0 0.897069 14.104354 -1.552351 0.833333 1.000000 -1
0 0.897069 15.196139 -1.552351 0.833333 0.833333 -1
0 0.897069 17.611431 -1.552351 0.833333 0.666667 -1
0 0.897069 20.765625 -1.604982 0.833333 0.500000 -1
0 0.653963 23.899151 -1.183911 0.833333 0.333333 -1
0 0.529710 24.773693 -0.968698 0.833333 0.166667 -1
0 0.529710 26.302090 -0.968698 0.833333 0.000000 -1
0 1.553769 14.104354 -0.895651 0.000000 0.000000 -1
0 0.917485 26.302090 -0.580923 0.000000 0.000000 -1
0 1.553769 15.196139 -0.895651 0.916667 0.833333 -1
0 1.553769 14.104354 -0.895651 0.916667 1.000000 -1
0 1.553769 17.611431 -0.895651 0.916667 0.666667 -1
0 1.553769 20.765625 -0.948282 0.916667 0.500000 -1
0 1.132697 23.899151 -0.705176 0.916667 0.333333 -1
0 0.917485 24.773693 -0.580923 0.916667 0.166667 -1
0 0.917485 26.302090 -0.580923 0.916667 0.000000 -1
0 1.794138 14.104354 0.001418 1.000000 1.000000 -1
0 1.794138 15.196139 0.001418 1.000000 0.833333 -1
0 1.794138 17.611431 0.001418 1.000000 0.666667 -1
0 1.794138 20.765625 -0.051213 1.000000 0.500000 -1
0 1.307926 23.899151 -0.051213 1.000000 0.333333 -1
0 1.059420 24.773693 -0.051213 1.000000 0.166667 -1
0 1.059420 26.302090 -0.051213 1.000000 0.000000 -1
0 -2.605841 16.408642 -2.143475 1.000000 0.000000 -1
0 -1.299144 13.401838 -1.164637 0.000000 1.000000 -1
0 -1.314330 21.123510 -1.180363 0.000000 0.000000 -1
0 -2.729328 11.909414 -2.645634 1.000000 1.000000 -1
0 -2.467859 16.408642 -2.276721 1.000000 0.000000 -1
0 -2.729328 11.909414 -2.645634 0.000000 1.000000 -1
0 -2.605841 16.408642 -2.143475 0.000000 0.000000 -1
0 -2.591345 11.909414 -2.778883 1.000000 1.000000 -1
0 -1.176348 21.123510 -1.313611 1.000000 0.000000 -1
0 -2.591345 11.909414 -2.778883 0.000000 1.000000 -1
0 -2.467859 16.408642 -2.276721 0.000000 0.000000 -1
0 -1.161163 13.401838 -1.297886 1.000000 1.000000 -1
0 -1.314330 21.123510 -1.180363 1.000000 0.000000 -1
0 -1.161163 13.401838 -1.297886 0.000000 1.000000 -1
0 -1.176348 21.123510 -1.313611 0.000000 0.000000 -1
0 -1.299144 13.401838 -1.164637 1.000000 1.000000 -1
0 -1.314330 21.123510 -1.180363 0.000000 1.000000 -1
0 -2.605841 16.408642 -2.143475 1.000000 1.000000 -1
0 -2.729328 11.909414 -2.645634 1.000000 0.000000 -1
0 -1.299144 13.401838 -1.164637 0.000000 0.000000 -1
0 2.605865 16.408642 2.147368 1.000000 0.000000 -1
0 1.299152 13.401838 1.168526 0.000000 1.000000 -1
0 1.314337 21.123510 1.184252 0.000000 0.000000 -1
0 2.729352 11.909414 2.649527 1.000000 1.000000 -1
0 2.467881 16.408642 2.280615 1.000000 0.000000 -1
0 2.729352 11.909414 2.649527 0.000000 1.000000 -1
0 2.605865 16.408642 2.147368 0.000000 0.000000 -1
0 2.591369 11.909414 2.782776 1.000000 1.000000 -1
0 1.176353 21.123510 1.317499 1.000000 0.000000 -1
0 2.591369 11.909414 2.782776 0.000000 1.000000 -1
0 2.467881 16.408642 2.280615 0.000000 0.000000 -1
0 1.161169 13.401838 1.301774 1.000000 1.000000 -1
0 1.314337 21.123510 1.184252 1.000000 0.000000 -1
0 1.161169 13.401838 1.301774 0.000000 1.000000 -1
0 1.176353 21.123510 1.317499 0.000000 0.000000 -1
0 1.299152 13.401838 1.168526 1.000000 1.000000 -1
0 1.314337 21.123510 1.184252 0.000000 1.000000 -1
0 2.605865 16.408642 2.147368 1.000000 1.000000 -1
0 2.729352 11.909414 2.649527 1.000000 0.000000 -1
0 1.299152 13.401838 1.168526 0.000000 0.000000 -1
0 1.314338 21.123510 -1.180360 0.000000 0.000000 -1
0 1.299152 13.401838 -1.164635 0.000000 1.000000 -1
0 2.605864 16.408642 -2.143477 1.000000 0.000000 -1
0 2.729351 11.909414 -2.645637 1.000000 1.000000 -1
0 2.605864 16.408642 -2.143477 0.000000 0.000000 -1
0 2.729351 11.909414 -2.645637 0.000000 1.000000 -1
0 2.467882 16.408642 -2.276724 1.000000 0.000000 -1
0 2.591370 11.909414 -2.778885 1.000000 1.000000 -1
0 2.467882 16.408642 -2.276724 0.000000 0.000000 -1
0 2.591370 11.909414 -2.778885 0.000000 1.000000 -1
0 1.176353 21.123510 -1.313608 1.000000 0.000000 -1
0 1.161169 13.401838 -1.297883 1.000000 1.000000 -1
0 1.176353 21.123510 -1.313608 0.000000 0.000000 -1
0 1.161169 13.401838 -1.297883 0.000000 1.000000 -1
0 1.314338 21.123510 -1.180360 1.000000 0.000000 -1
0 1.299152 13.401838 -1.164635 1.000000 1.000000 -1
0 1.314338 21.123510 -1.180360 0.000000 1.000000 -1
0 2.605864 16.408642 -2.143477 1.000000 1.000000 -1
0 1.299152 13.401838 -1.164635 0.000000 0.000000 -1
0 2.729351 11.909414 -2.645637 1.000000 0.000000 -1
0 -1.314330 21.123510 1.184255 0.000000 0.000000 -1
0 -1.299145 13.401838 1.168528 0.000000 1.000000 -1
0 -2.605842 16.408642 2.147366 1.000000 0.000000 -1
0 -2.729328 11.909414 2.649526 1.000000 1.000000 -1
0 -2.605842 16.408642 2.147366 0.000000 0.000000 -1
0 -2.729328 11.909414 2.649526 0.000000 1.000000 -1
0 -2.467859 16.408642 2.280613 1.000000 0.000000 -1
0 -2.591345 11.909414 2.782774 1.000000 1.000000 -1
0 -2.467859 16.408642 2.280613 0.000000 0.000000 -1
0 -2.591345 11.909414 2.782774 0.000000 1.000000 -1
0 -1.176348 21.123510 1.317502 1.000000 0.000000 -1
0 -1.161163 13.401838 1.301777 1.000000 1.000000 -1
0 -1.176348 21.123510 1.317502 0.000000 0.000000 -1
0 -1.161163 13.401838 1.301777 0.000000 1.000000 -1
0 -1.314330 21.123510 1.184255 1.000000 0.000000 -1
0 -1.299145 13.401838 1.168528 1.000000 1.000000 -1
0 -1.314330 21.123510 1.184255 0.000000 1.000000 -1
0 -2.605842 16.408642 2.147366 1.000000 1.000000 -1
0 -1.299145 13.401838 1.168528 0.000000 0.000000 -1
0 -2.729328 11.909414 2.649526 1.000000 0.000000 -1
0 4.165095 -1.810124 0.088560 0.000000 0.000000 -1
0 4.165095 -19.351791 0.088560 0.000000 1.000000 -1
0 4.165095 -1.810123 -0.081280 1.000000 0.000000 -1
0 4.165095 -19.351791 -0.081280 1.000000 1.000000 -1
0 4.165095 -1.810123 -0.081280 0.000000 0.000000 -1
0 4.165095 -19.351791 -0.081280 0.000000 1.000000 -1
0 -4.168258 -1.810123 -0.081285 1.000000 0.000000 -1
0 -4.168258 -19.351791 -0.081285 1.000000 1.000000 -1
0 -4.168258 -1.810123 -0.081285 0.000000 0.000000 -1
0 -4.168258 -19.351791 -0.081285 0.000000 1.000000 -1
0 -4.168262 -1.810124 0.088560 1.000000 0.000000 -1
0 -4.168262 -19.351791 0.088560 1.000000 1.000000 -1
0 -4.168262 -1.810124 0.088560 0.000000 0.000000 -1
0 -4.168262 -19.351791 0.088560 0.000000 1.000000 -1
0 4.165095 -1.810124 0.088560 1.000000 0.000000 -1
0 4.165095 -19.351791 0.088560 1.000000 1.000000 -1
0 4.165095 -1.810124 0.088560 0.000000 1.000000 -1
0 4.165095 -1.810123 -0.081280 1.000000 1.000000 -1
0 4.165095 -19.351791 0.088560 0.000000 0.000000 -1
0 4.165095 -19.351791 -0.081280 1.000000 0.000000 -1
0 0.083340 -1.810124 -4.163044 0.000000 0.000000 -1
0 0.083340 -19.351791 -4.163044 0.000000 1.000000 -1
0 -0.086501 -1.810123 -4.163045 1.000000 0.000000 -1
0 -0.086501 -19.351791 -4.163045 1.000000 1.000000 -1
0 -0.086501 -1.810123 -4.163045 0.000000 0.000000 -1
0 -0.086501 -19.351791 -4.163045 0.000000 1.000000 -1
0 -0.086507 -1.810123 4.170318 1.000000 0.000000 -1
0 -0.086507 -19.351791 4.170318 1.000000 1.000000 -1
0 -0.086507 -1.810123 4.170318 0.000000 0.000000 -1
0 -0.086507 -19.351791 4.170318 0.000000 1.000000 -1
0 0.083339 -1.810124 4.170322 1.000000 0.000000 -1
0 0.083339 -19.351791 4.170322 1.000000 1.000000 -1
0 0.083339 -1.810124 4.170322 0.000000 0.000000 -1
0 0.083339 -19.351791 4.170322 0.000000 1.000000 -1
0 0.083340 -1.810124 -4.163044 1.000000 0.000000 -1
0 0.083340 -19.351791 -4.163044 1.000000 1.000000 -1
0 0.083340 -1.810124 -4.163044 0.000000 1.000000 -1
0 -0.086501 -1.810123 -4.163045 1.000000 1.000000 -1
0 0.083340 -19.351791 -4.163044 0.000000 0.000000 -1
0 -0.086501 -19.351791 -4.163045 1.000000 0.000000 -1
0 -0.073367 -12.797789 7.158801 0.000000 0.000000 -1
0 -0.073367 -17.584108 7.158801 0.000000 1.000000 -1
0 0.083881 -12.797789 7.158801 1.000000 0.000000 -1
0 0.083881 -17.584108 7.158801 1.000000 1.000000 -1
0 0.083881 -12.797789 7.158801 0.000000 0.000000 -1
0 0.083881 -17.584108 7.158801 0.000000 1.000000 -1
0 0.083881 -12.797789 -7.166860 1.000000 0.000000 -1
0 0.083881 -17.584108 -7.166860 1.000000 1.000000 -1
0 0.083881 -12.797789 -7.166860 0.000000 0.000000 -1
0 0.083881 -17.584108 -7.166860 0.000000 1.000000 -1
0 -0.073367 -12.797789 -7.166860 1.000000 0.000000 -1
0 -0.073367 -17.584108 -7.166860 1.000000 1.000000 -1
0 -0.073367 -12.797789 -7.166860 0.000000 0.000000 -1
0 -0.073367 -17.584108 -7.166860 0.000000 1.000000 -1
0 -0.073367 -12.797789 7.158801 1.000000 0.000000 -1
0 -0.073367 -17.584108 7.158801 1.000000 1.000000 -1
0 -0.073367 -12.797789 7.158801 0.000000 1.000000 -1
0 0.083881 -12.797789 7.158801 1.000000 1.000000 -1
0 -0.073367 -17.584108 7.158801 0.000000 0.000000 -1
0 0.083881 -17.584108 7.158801 1.000000 0.000000 -1
0 7.168096 -12.797789 0.074595 0.000000 0.000000 -1
0 7.168097 -17.584108 0.074595 0.000000 1.000000 -1
0 7.168100 -12.797789 -0.082654 1.000000 0.000000 -1
0 7.168100 -17.584108 -0.082654 1.000000 1.000000 -1
0 7.168100 -12.797789 -0.082654 0.000000 0.000000 -1
0 7.168100 -17.584108 -0.082654 0.000000 1.000000 -1
0 -7.157583 -12.797789 -0.082654 1.000000 0.000000 -1
0 -7.157582 -17.584108 -0.082655 1.000000 1.000000 -1
0 -7.157583 -12.797789 -0.082654 0.000000 0.000000 -1
0 -7.157582 -17.584108 -0.082655 0.000000 1.000000 -1
0 -7.157586 -12.797789 0.074594 1.000000 0.000000 -1
0 -7.157584 -17.584108 0.074593 1.000000 1.000000 -1
0 -7.157586 -12.797789 0.074594 0.000000 0.000000 -1
0 -7.157584 -17.584108 0.074593 0.000000 1.000000 -1
0 7.168096 -12.797789 0.074595 1.000000 0.000000 -1
0 7.168097 -17.584108 0.074595 1.000000 1.000000 -1
0 7.168096 -12.797789 0.074595 0.000000 1.000000 -1
0 7.168100 -12.797789 -0.082654 1.000000 1.000000 -1
0 7.168097 -17.584108 0.074595 0.000000 0.000000 -1
0 7.168100 -17.584108 -0.082654 1.000000 0.000000 -1
199
0.967727 -0.252000 -0.000000
0.967727 -0.252000 -0.000000
0.838076 -0.252000 0.483864
0.838076 -0.252000 0.483864
0.483864 -0.252000 0.838076
0.483864 -0.252000 0.838076
0.000000 -0.252000 0.967727
0.000000 -0.252000 0.967727
-0.483864 -0.252000 0.838076
-0.483864 -0.252000 0.838076
-0.838076 -0.252000 0.483864
-0.838076 -0.252000 0.483864
-0.967727 -0.252000 -0.000000
-0.967727 -0.252000 -0.000000
-0.838077 -0.252000 -0.483863
-0.838077 -0.252000 -0.483863
-0.483864 -0.252000 -0.838076
-0.483864 -0.252000 -0.838076
0.000000 -0.252000 -0.967727
0.000000 -0.252000 -0.967727
0.483864 -0.252000 -0.838076
0.838077 -0.252000 -0.483863
0.838077 -0.252000 -0.483863
0.000000 -1.000000 0.000000
0.000000 1.000000 0.000000
1.000000 0.000000 0.000000
1.000000 0.000000 -0.000000
0.866025 -0.000000 0.500000
0.866025 0.000000 0.500000
0.866020 0.004171 0.499992
0.997037 0.076923 0.000000
0.863176 0.081080 0.498350
0.976880 0.213787 -0.000000
0.846003 0.213787 0.488440
0.990410 0.138160 0.000000
0.857720 0.138160 0.495205
0.866025 0.000000 0.500000
0.500000 0.000000 0.866025
0.500000 -0.000000 0.866025
0.499990 0.007225 0.866001
0.498231 0.084121 0.862954
0.488440 0.213787 0.846003
0.495205 0.138160 0.857720
0.000000 -0.000000 1.000000
0.000000 0.000000 1.000000
-0.000000 0.008342 0.999965
0.000000 0.085234 0.996361
0.000000 0.213787 0.976880
-0.000000 0.138160 0.990410
-0.500000 0.000000 0.866025
-0.500000 -0.000000 0.866025
-0.499990 0.007225 0.866001
-0.498231 0.084121 0.862954
-0.488440 0.213787 0.846003
-0.495205 0.138160 0.857720
-0.866025 -0.000000 0.500000
-0.866025 0.000000 0.500000
-0.866020 0.004171 0.499992
-0.863176 0.081080 0.498350
-0.846003 0.213787 0.488440
-0.857720 0.138160 0.495205
-0.866025 0.000000 0.500000
-1.000000 0.000000 0.000000
-1.000000 0.000000 -0.000000
-0.997037 0.076923 0.000000
-0.976880 0.213787 -0.000000
-0.990410 0.138160 0.000000
-0.866025 0.000000 -0.500000
-0.866025 0.000000 -0.500000
-0.866020 -0.004171 -0.499992
-0.863732 0.072765 -0.498671
-0.846003 0.213787 -0.488440
-0.857720 0.138160 -0.495205
-0.866025 0.000000 -0.500000
-0.500000 0.000000 -0.866025
-0.500000 0.000000 -0.866025
-0.499990 -0.007225 -0.866001
-0.498787 0.069720 -0.863916
-0.488440 0.213787 -0.846003
-0.495205 0.138160 -0.857720
-0.500000 0.000000 -0.866025
0.000000 0.000000 -1.000000
0.000000 0.000000 -1.000000
0.000000 -0.008342 -0.999965
-0.000000 0.068605 -0.997644
0.000000 0.213787 -0.976880
0.000000 0.138160 -0.990410
0.500000 0.000000 -0.866025
0.500000 0.000000 -0.866025
0.499990 -0.007225 -0.866001
0.498787 0.069720 -0.863916
0.488440 0.213787 -0.846003
0.495205 0.138160 -0.857720
0.500000 0.000000 -0.866025
0.866025 0.000000 -0.500000
0.866025 0.000000 -0.500000
0.866020 -0.004171 -0.499992
0.863732 0.072765 -0.498671
0.846003 0.213787 -0.488440
0.857720 0.138160 -0.495205
0.866025 0.000000 -0.500000
-0.643801 -0.030885 0.764569
-0.598867 0.000453 0.800848
-0.685956 -0.062089 0.724989
-0.691255 0.098865 -0.715816
-0.691253 0.098865 -0.715817
-0.691256 0.098865 -0.715815
0.548823 0.048430 -0.834535
0.350323 0.094391 -0.931861
0.719340 0.000000 -0.694658
0.694658 0.002831 0.719335
0.694655 0.002831 0.719337
0.694660 0.002831 0.719333
-0.658238 0.319543 -0.681627
-0.658238 0.319543 -0.681626
-0.658237 0.319543 -0.681628
0.407703 -0.809653 0.422186
0.407704 -0.809653 0.422185
0.407702 -0.809653 0.422187
0.643798 -0.030885 -0.764572
0.598864 0.000453 -0.800850
0.685953 -0.062089 -0.724992
0.691254 0.098865 0.715817
0.691250 0.098865 0.715821
0.691258 0.098865 0.715812
-0.548821 0.048430 0.834536
-0.350323 0.094390 0.931861
-0.719337 -0.000000 0.694662
-0.694651 0.002831 -0.719341
-0.694649 0.002831 -0.719343
-0.694654 0.002831 -0.719339
0.658232 0.319546 0.681631
0.658232 0.319546 0.681632
0.658233 0.319546 0.681631
-0.407700 -0.809655 -0.422185
-0.407698 -0.809655 -0.422186
-0.407701 -0.809655 -0.422183
0.598865 0.000453 0.800850
0.643799 -0.030885 0.764571
0.685953 -0.062090 0.724992
0.691253 0.098865 -0.715818
0.691256 0.098865 -0.715815
0.691258 0.098865 -0.715813
-0.350323 0.094390 -0.931861
-0.548821 0.048430 -0.834536
-0.719337 -0.000000 -0.694662
-0.694649 0.002831 0.719343
-0.694651 0.002831 0.719341
-0.694654 0.002831 0.719339
0.658232 0.319546 -0.681632
0.658234 0.319546 -0.681630
0.658236 0.319546 -0.681628
-0.407698 -0.809655 0.422186
-0.407700 -0.809655 0.422185
-0.407701 -0.809655 0.422183
-0.598867 0.000453 -0.800848
-0.643801 -0.030885 -0.764569
-0.685956 -0.062089 -0.724989
-0.691251 0.098865 0.715820
-0.691253 0.098865 0.715818
-0.691255 0.098865 0.715816
0.350323 0.094391 0.931861
0.548823 0.048430 0.834535
0.719340 -0.000000 0.694659
0.694654 0.002831 -0.719338
0.694657 0.002831 -0.719336
0.694660 0.002831 -0.719333
-0.658238 0.319543 0.681627
-0.658236 0.319543 0.681629
-0.658235 0.319543 0.681630
0.407704 -0.809653 -0.422185
0.407702 -0.809653 -0.422186
0.407701 -0.809653 -0.422187
0.000001 0.000000 -1.000000
-1.000000 0.000000 -0.000025
0.000000 1.000000 0.000006
-0.000000 1.000000 0.000006
-0.000000 1.000000 0.000006
0.000006 0.000000 -1.000000
-1.000000 0.000000 -0.000001
-0.000028 0.000000 1.000000
1.000000 0.000000 0.000000
0.000006 1.000000 0.000000
0.000006 1.000000 0.000000
0.000006 1.000000 0.000000
0.000000 0.000000 1.000000
0.000000 -0.000000 -1.000000
1.000000 0.000000 0.000027
1.000000 0.000000 0.000024
1.000000 0.000000 0.000021
-0.000000 0.000000 -1.000000
0.000000 0.000000 -1.000000
0.000000 0.000000 -1.000000
-1.000000 -0.000000 -0.000015
-1.000000 -0.000000 -0.000012
-1.000000 -0.000000 -0.000009
-0.000000 -0.000000 1.000000
-0.000000 -0.000000 1.000000
-0.000000 -0.000000 1.000000
288
0 0 1 2 0 1 2 1
0 0 2 3 0 2 3 1
0 3 2 4 3 2 4 1
0 2 5 4 2 5 4 1
0 4 5 6 4 5 6 1
0 4 6 7 4 6 7 1
0 7 6 8 7 6 8 1
0 6 9 8 6 9 8 1
0 8 9 10 8 9 10 1
0 8 10 11 8 10 11 1
0 11 10 12 11 10 12 1
0 10 13 12 10 13 12 1
0 12 13 14 12 13 14 1
0 12 14 15 12 14 15 1
0 15 14 16 15 14 16 1
0 14 17 16 14 17 16 1
0 16 17 18 16 17 18 1
0 16 18 19 16 18 19 1
0 19 18 20 19 18 20 1
0 18 21 20 18 20 20 1
0 20 21 22 20 20 21 1
0 20 22 23 20 21 22 1
0 23 22 24 22 21 0 1
0 22 25 24 21 1 0 1
0 26 27 28 23 23 23 2
0 29 30 31 24 24 24 2
0 32 33 34 25 26 27 1
0 32 34 35 25 27 28 1
0 33 36 34 26 25 27 1
0 36 37 34 25 29 27 1
0 36 38 39 25 30 31 1
0 36 39 37 25 31 29 1
0 38 40 39 30 32 31 1
0 40 41 39 32 33 31 1
0 40 42 43 32 34 35 1
0 40 43 41 32 35 33 1
0 42 29 43 34 25 35 1
0 29 44 43 25 36 35 1
0 27 45 28 23 23 23 2
0 31 30 46 24 24 24 2
0 35 34 47 28 27 37 1
0 34 48 47 27 38 37 1
0 34 37 49 27 29 39 1
0 34 49 48 27 39 38 1
0 37 39 49 29 31 39 1
0 39 50 49 31 40 39 1
0 39 41 51 31 33 41 1
0 39 51 50 31 41 40 1
0 41 43 51 33 35 41 1
0 43 52 51 35 42 41 1
0 43 44 53 35 36 37 1
0 43 53 52 35 37 42 1
0 45 54 28 23 23 23 2
0 46 30 55 24 24 24 2
0 47 48 56 37 38 43 1
0 47 56 57 37 43 44 1
0 48 49 56 38 39 43 1
0 49 58 56 39 45 43 1
0 49 50 59 39 40 46 1
0 49 59 58 39 46 45 1
0 50 51 59 40 41 46 1
0 51 60 59 41 47 46 1
0 51 52 61 41 42 48 1
0 51 61 60 41 48 47 1
0 52 53 61 42 37 48 1
0 53 62 61 37 44 48 1
0 54 63 28 23 23 23 2
0 55 30 64 24 24 24 2
0 57 56 65 44 43 49 1
0 56 66 65 43 50 49 1
0 56 58 67 43 45 51 1
0 56 67 66 43 51 50 1
0 58 59 67 45 46 51 1
0 59 68 67 46 52 51 1
0 59 60 69 46 47 53 1
0 59 69 68 46 53 52 1
0 60 61 69 47 48 53 1
0 61 70 69 48 54 53 1
0 61 62 71 48 44 49 1
0 61 71 70 48 49 54 1
0 63 72 28 23 23 23 2
0 64 30 73 24 24 24 2
0 65 66 74 49 50 55 1
0 65 74 75 49 55 56 1
0 66 67 74 50 51 55 1
0 67 76 74 51 57 55 1
0 67 68 77 51 52 58 1
0 67 77 76 51 58 57 1
0 68 69 77 52 53 58 1
0 69 78 77 53 59 58 1
0 69 70 79 53 54 60 1
0 69 79 78 53 60 59 1
0 70 71 79 54 49 60 1
0 71 80 79 49 61 60 1
0 72 81 28 23 23 23 2
0 73 30 82 24 24 24 2
0 75 74 83 56 55 62 1
0 74 84 83 55 63 62 1
0 74 76 85 55 57 62 1
0 74 85 84 55 62 63 1
0 76 77 85 57 58 62 1
0 77 86 85 58 64 62 1
0 77 78 87 58 59 65 1
0 77 87 86 58 65 64 1
0 78 79 87 59 60 65 1
0 79 88 87 60 66 65 1
0 79 80 89 60 61 62 1
0 79 89 88 60 62 66 1
0 81 90 28 23 23 23 2
0 82 30 91 24 24 24 2
0 83 84 92 62 63 67 1
0 83 92 93 62 67 68 1
0 84 85 92 63 62 67 1
0 85 94 92 62 69 67 1
0 85 86 95 62 64 70 1
0 85 95 94 62 70 69 1
0 86 87 95 64 65 70 1
0 87 96 95 65 71 70 1
0 87 88 97 65 66 72 1
0 87 97 96 65 72 71 1
0 88 89 97 66 62 72 1
0 89 98 97 62 73 72 1
0 90 99 28 23 23 23 2
0 91 30 100 24 24 24 2
0 93 92 101 68 67 74 1
0 92 102 101 67 75 74 1
0 92 94 103 67 69 76 1
0 92 103 102 67 76 75 1
0 94 95 103 69 70 76 1
0 95 104 103 70 77 76 1
0 95 96 105 70 71 78 1
0 95 105 104 70 78 77 1
0 96 97 105 71 72 78 1
0 97 106 105 72 79 78 1
0 97 98 107 72 73 80 1
0 97 107 106 72 80 79 1
0 99 108 28 23 23 23 2
0 100 30 109 24 24 24 2
0 101 102 110 74 75 81 1
0 101 110 111 74 81 82 1
0 102 103 110 75 76 81 1
0 103 112 110 76 83 81 1
0 103 104 113 76 77 84 1
0 103 113 112 76 84 83 1
0 104 105 113 77 78 84 1
0 105 114 113 78 85 84 1
0 105 106 115 78 79 86 1
0 105 115 114 78 86 85 1
0 106 107 115 79 80 86 1
0 107 116 115 80 82 86 1
0 108 117 28 23 23 23 2
0 109 30 118 24 24 24 2
0 111 110 119 82 81 87 1
0 110 120 119 81 88 87 1
0 110 112 121 81 83 89 1
0 110 121 120 81 89 88 1
0 112 113 121 83 84 89 1
0 113 122 121 84 90 89 1
0 113 114 123 84 85 91 1
0 113 123 122 84 91 90 1
0 114 115 123 85 86 91 1
0 115 124 123 86 92 91 1
0 115 116 125 86 82 93 1
0 115 125 124 86 93 92 1
0 117 126 28 23 23 23 2
0 118 30 127 24 24 24 2
0 119 120 128 87 88 94 1
0 119 128 129 87 94 95 1
0 120 121 128 88 89 94 1
0 121 130 128 89 96 94 1
0 121 122 131 89 90 97 1
0 121 131 130 89 97 96 1
0 122 123 131 90 91 97 1
0 123 132 131 91 98 97 1
0 123 124 133 91 92 99 1
0 123 133 132 91 99 98 1
0 124 125 133 92 93 99 1
0 125 134 133 93 100 99 1
0 126 26 28 23 23 23 2
0 127 30 29 24 24 24 2
0 129 128 135 95 94 25 1
0 128 136 135 94 26 25 1
0 128 130 137 94 96 25 1
0 128 137 136 94 25 26 1
0 130 131 137 96 97 25 1
0 131 138 137 97 30 25 1
0 131 132 139 97 98 32 1
0 131 139 138 97 32 30 1
0 132 133 139 98 99 32 1
0 133 140 139 99 34 32 1
0 133 134 141 99 100 25 1
0 133 141 140 99 25 34 1
0 142 143 144 101 101 102 1
0 142 145 143 101 103 101 1
0 146 147 148 104 104 105 2
0 146 149 147 104 106 104 2
0 150 151 152 107 107 108 1
0 150 153 151 107 109 107 1
0 154 155 156 110 110 111 2
0 154 157 155 110 112 110 2
0 146 158 156 113 113 114 3
0 146 159 158 113 115 113 3
0 160 155 161 116 116 117 3
0 160 149 155 116 118 116 3
0 162 163 164 119 119 120 1
0 162 165 163 119 121 119 1
0 166 167 168 122 122 123 2
0 166 169 167 122 124 122 2
0 170 171 172 125 125 126 1
0 170 173 171 125 127 125 1
0 174 175 176 128 128 129 2
0 174 177 175 128 130 128 2
0 166 178 176 131 131 132 3
0 166 179 178 131 133 131 3
0 180 175 181 134 134 135 3
0 180 169 175 134 136 134 3
0 182 183 184 137 138 138 1
0 183 185 184 138 139 138 1
0 186 187 188 140 141 141 2
0 187 189 188 141 142 141 2
0 190 191 192 143 144 144 1
0 191 193 192 144 145 144 1
0 194 195 196 146 147 147 2
0 195 197 196 147 148 147 2
0 194 198 188 149 150 150 3
0 198 199 188 150 151 150 3
0 200 195 201 152 153 153 3
0 195 189 201 153 154 153 3
0 202 203 204 155 156 156 1
0 203 205 204 156 157 156 1
0 206 207 208 158 159 159 2
0 207 209 208 159 160 159 2
0 210 211 212 161 162 162 1
0 211 213 212 162 163 162 1
0 214 215 216 164 165 165 2
0 215 217 216 165 166 165 2
0 214 218 208 167 168 168 3
0 218 219 208 168 169 168 3
0 220 215 221 170 171 171 3
0 215 209 221 171 172 171 3
0 222 223 224 25 25 25 1
0 223 225 224 25 25 25 1
0 226 227 228 173 173 173 2
0 227 229 228 173 173 173 2
0 230 231 232 174 174 174 1
0 231 233 232 174 174 174 1
0 234 235 236 44 44 44 2
0 235 237 236 44 44 44 2
0 234 238 228 175 176 176 3
0 238 239 228 176 177 176 3
0 240 235 241 23 23 23 3
0 235 229 241 23 23 23 3
0 242 243 244 178 178 178 1
0 243 245 244 178 178 178 1
0 246 247 248 179 179 179 2
0 247 249 248 179 179 179 2
0 250 251 252 180 180 180 1
0 251 253 252 180 180 180 1
0 254 255 256 181 181 181 2
0 255 257 256 181 181 181 2
0 254 258 248 182 183 183 3
0 258 259 248 183 184 183 3
0 260 255 261 23 23 23 3
0 255 249 261 23 23 23 3
0 262 263 264 185 185 185 1
0 263 265 264 185 185 185 1
0 266 267 268 25 25 25 2
0 267 269 268 25 25 25 2
0 270 271 272 186 186 186 1
0 271 273 272 186 186 186 1
0 274 275 276 62 62 62 2
0 275 277 276 62 62 62 2
0 274 278 268 24 24 24 3
0 278 279 268 24 24 24 3
0 280 275 281 23 23 23 3
0 275 269 281 23 23 23 3
0 282 283 284 187 188 188 1
0 283 285 284 188 189 188 1
0 286 287 288 190 191 191 2
0 287 289 288 191 192 191 2
0 290 291 292 193 194 194 1
0 291 293 292 194 195 194 1
0 294 295 296 196 197 197 2
0 295 297 296 197 198 197 2
0 294 298 288 24 24 24 3
0 298 299 288 24 24 24 3
0 300 295 301 23 23 23 3
0 295 289 301 23 23 23 3
"exaust" 0 5
51
0 -0.004575 -20.862059 0.000000 0.000000 0.000000 -1
0 3.342752 -28.970139 1.937779 0.083333 0.166667 -1
0 3.861978 -28.970139 0.000000 0.000000 0.166667 -1
0 -0.004575 -20.862059 0.000000 0.083333 0.000000 -1
0 1.924199 -28.970139 3.356333 0.166667 0.166667 -1
0 -0.004575 -20.862059 0.000000 0.166667 0.000000 -1
0 -0.013581 -28.970139 3.875559 0.250000 0.166667 -1
0 -0.004575 -20.862059 0.000000 0.250000 0.000000 -1
0 -1.951360 -28.970139 3.356333 0.333333 0.166667 -1
0 -0.004575 -20.862059 0.000000 0.333333 0.000000 -1
0 -3.369913 -28.970139 1.937779 0.416667 0.166667 -1
0 -0.004575 -20.862059 0.000000 0.416667 0.000000 -1
0 -3.889139 -28.970139 0.000000 0.500000 0.166667 -1
0 -0.004575 -20.862059 0.000000 0.500000 0.000000 -1
0 -3.369913 -28.970139 -1.937779 0.583333 0.166667 -1
0 -0.004575 -20.862059 0.000000 0.583333 0.000000 -1
0 -1.951360 -28.970139 -3.356333 0.666667 0.166667 -1
0 -0.004575 -20.862059 0.000000 0.666667 0.000000 -1
0 -0.013581 -28.970139 -3.875559 0.750000 0.166667 -1
0 -0.004575 -20.862059 0.000000 0.750000 0.000000 -1
0 1.924199 -28.970139 -3.356333 0.833333 0.166667 -1
0 -0.004575 -20.862059 0.000000 0.833333 0.000000 -1
0 3.342752 -28.970139 -1.937779 0.916667 0.166667 -1
0 -0.004575 -20.862059 0.000000 0.916667 0.000000 -1
0 3.861978 -28.970139 0.000000 1.000000 0.166667 -1
0 3.390768 -37.425686 0.000000 0.000000 0.500000 -1
0 4.480022 -31.723766 0.000000 0.000000 0.333333 -1
0 3.877993 -31.723766 2.246801 0.083333 0.333333 -1
0 2.934672 -37.425686 1.702174 0.083333 0.500000 -1
0 1.688594 -37.425686 2.948252 0.166667 0.500000 -1
0 2.233221 -31.723766 3.891574 0.166667 0.333333 -1
0 -0.013581 -31.723766 4.493602 0.250000 0.333333 -1
0 -0.013581 -37.425686 3.404348 0.250000 0.500000 -1
0 -1.715755 -37.425686 2.948252 0.333333 0.500000 -1
0 -2.260381 -31.723766 3.891574 0.333333 0.333333 -1
0 -3.905154 -31.723766 2.246801 0.416667 0.333333 -1
0 -2.961832 -37.425686 1.702174 0.416667 0.500000 -1
0 -3.417928 -37.425686 0.000000 0.500000 0.500000 -1
0 -4.507181 -31.723766 0.000000 0.500000 0.333333 -1
0 -3.905154 -31.723766 -2.246801 0.583333 0.333333 -1
0 -2.961832 -37.425686 -1.702174 0.583333 0.500000 -1
0 -1.715755 -37.425686 -2.948252 0.666667 0.500000 -1
0 -2.260381 -31.723766 -3.891574 0.666667 0.333333 -1
0 -0.013581 -31.723766 -4.493602 0.750000 0.333333 -1
0 -0.013581 -37.425686 -3.404348 0.750000 0.500000 -1
0 1.688594 -37.425686 -2.948252 0.833333 0.500000 -1
0 2.233221 -31.723766 -3.891574 0.833333 0.333333 -1
0 3.877993 -31.723766 -2.246801 0.916667 0.333333 -1
0 2.934672 -37.425686 -1.702174 0.916667 0.500000 -1
0 3.390768 -37.425686 0.000000 1.000000 0.500000 -1
0 4.480022 -31.723766 0.000000 1.000000 0.333333 -1
37
0.000458 1.000000 0.000000
0.818396 0.327073 0.472494
0.956625 0.291324 0.000000
0.478297 0.291468 0.828419
0.000013 0.327445 0.944870
-0.478240 0.291757 0.828351
-0.818166 0.327817 0.472376
-0.956449 0.291901 0.000000
-0.818166 0.327817 -0.472376
-0.478240 0.291757 -0.828351
0.000013 0.327445 -0.944870
0.478297 0.291468 -0.828419
0.818396 0.327073 -0.472494
0.982238 -0.187640 0.000000
0.999871 0.016059 0.000000
0.865914 0.016058 0.499936
0.850643 -0.187640 0.491119
0.491119 -0.187640 0.850643
0.499936 0.016058 0.865914
-0.000000 0.016058 0.999871
-0.000000 -0.187640 0.982238
-0.491119 -0.187640 0.850643
-0.499935 0.016058 0.865914
-0.865914 0.016058 0.499935
-0.850643 -0.187640 0.491119
-0.982238 -0.187640 0.000000
-0.999871 0.016058 0.000000
-0.865914 0.016058 -0.499935
-0.850643 -0.187640 -0.491119
-0.491119 -0.187640 -0.850643
-0.499935 0.016058 -0.865914
-0.000000 0.016058 -0.999871
-0.000000 -0.187640 -0.982238
0.491119 -0.187640 -0.850643
0.499936 0.016058 -0.865914
0.865914 0.016058 -0.499936
0.850643 -0.187640 -0.491119
60
0 0 1 2 0 1 2 1
0 3 4 1 0 3 1 1
0 5 6 4 0 4 3 1
0 7 8 6 0 5 4 1
0 9 10 8 0 6 5 1
0 11 12 10 0 7 6 1
0 13 14 12 0 8 7 1
0 15 16 14 0 9 8 1
0 17 18 16 0 10 9 1
0 19 20 18 0 11 10 1
0 21 22 20 0 12 11 1
0 23 24 22 0 2 12 1
0 25 26 27 13 14 15 1
0 25 27 28 13 15 16 1
0 28 27 29 16 15 17 1
0 27 30 29 15 18 17 1
0 29 30 31 17 18 19 1
0 29 31 32 17 19 20 1
0 32 31 33 20 19 21 1
0 31 34 33 19 22 21 1
0 33 34 35 21 22 23 1
0 33 35 36 21 23 24 1
0 36 35 37 24 23 25 1
0 35 38 37 23 26 25 1
0 37 38 39 25 26 27 1
0 37 39 40 25 27 28 1
0 40 39 41 28 27 29 1
0 39 42 41 27 30 29 1
0 41 42 43 29 30 31 1
0 41 43 44 29 31 32 1
0 44 43 45 32 31 33 1
0 43 46 45 31 34 33 1
0 45 46 47 33 34 35 1
0 45 47 48 33 35 36 1
0 48 47 49 36 35 13 1
0 47 50 49 35 14 13 1
0 26 2 27 14 2 15 1
0 2 1 27 2 1 15 1
0 27 1 4 15 1 3 1
0 27 4 30 15 3 18 1
0 30 4 31 18 3 19 1
0 4 6 31 3 4 19 1
0 31 6 8 19 4 5 1
0 31 8 34 19 5 22 1
0 34 8 35 22 5 23 1
0 8 10 35 5 6 23 1
0 35 10 12 23 6 7 1
0 35 12 38 23 7 26 1
0 38 12 39 26 7 27 1
0 12 14 39 7 8 27 1
0 39 14 16 27 8 9 1
0 39 16 42 27 9 30 1
0 42 16 43 30 9 31 1
0 16 18 43 9 10 31 1
0 43 18 20 31 10 11 1
0 43 20 46 31 11 34 1
0 46 20 47 34 11 35 1
0 20 22 47 11 12 35 1
0 47 22 24 35 12 2 1
0 47 24 50 35 2 14 1
"fire" 0 4
51
0 0.000000 -59.000000 0.000000 0.000000 1.000000 -1
0 1.886730 -42.914600 0.000000 0.000000 0.833333 -1
0 1.633343 -42.914600 0.945652 0.083333 0.833333 -1
0 0.000000 -59.000000 0.000000 0.083333 1.000000 -1
0 0.941078 -42.914600 1.637918 0.166667 0.833333 -1
0 0.000000 -59.000000 0.000000 0.333333 1.000000 -1
0 -0.950226 -42.914600 1.637918 0.333333 0.833333 -1
0 -1.642492 -42.914600 0.945652 0.416667 0.833333 -1
0 0.000000 -59.000000 0.000000 0.416667 1.000000 -1
0 -1.895879 -42.914600 0.000000 0.500000 0.833333 -1
0 0.000000 -59.000000 0.000000 0.500000 1.000000 -1
0 -1.642492 -42.914600 -0.945652 0.583333 0.833333 -1
0 0.000000 -59.000000 0.000000 0.583333 1.000000 -1
0 -0.950226 -42.914600 -1.637918 0.666667 0.833333 -1
0 0.000000 -59.000000 0.000000 0.833333 1.000000 -1
0 0.941078 -42.914600 -1.637918 0.833333 0.833333 -1
0 1.633343 -42.914600 -0.945652 0.916667 0.833333 -1
0 0.000000 -59.000000 0.000000 0.916667 1.000000 -1
0 1.886730 -42.914600 0.000000 1.000000 0.833333 -1
0 0.000000 -59.000000 0.000000 0.166667 1.000000 -1
0 -0.004575 -42.914600 1.891304 0.250000 0.833333 -1
0 0.000000 -59.000000 0.000000 0.250000 1.000000 -1
0 0.000000 -59.000000 0.000000 0.666667 1.000000 -1
0 -0.004575 -42.914600 -1.891304 0.750000 0.833333 -1
0 0.000000 -59.000000 0.000000 0.750000 1.000000 -1
0 3.262256 -31.765564 0.000000 0.000000 0.666667 -1
0 3.390768 -37.425686 0.000000 0.000000 0.500000 -1
0 2.823377 -31.765564 1.637918 0.083333 0.666667 -1
0 2.934672 -37.425686 1.702174 0.083333 0.500000 -1
0 1.688594 -37.425686 2.948252 0.166667 0.500000 -1
0 1.624337 -31.765564 2.836957 0.166667 0.666667 -1
0 -0.013581 -31.765564 3.275836 0.250000 0.666667 -1
0 -0.013581 -37.425686 3.404348 0.250000 0.500000 -1
0 -1.715755 -37.425686 2.948252 0.333333 0.500000 -1
0 -1.651498 -31.765564 2.836957 0.333333 0.666667 -1
0 -2.850537 -31.765564 1.637918 0.416667 0.666667 -1
0 -2.961832 -37.425686 1.702174 0.416667 0.500000 -1
0 -3.417928 -37.425686 0.000000 0.500000 0.500000 -1
0 -3.289415 -31.765564 0.000000 0.500000 0.666667 -1
0 -2.850537 -31.765564 -1.637918 0.583333 0.666667 -1
0 -2.961832 -37.425686 -1.702174 0.583333 0.500000 -1
0 -1.715755 -37.425686 -2.948252 0.666667 0.500000 -1
0 -1.651498 -31.765564 -2.836957 0.666667 0.666667 -1
0 -0.013581 -31.765564 -3.275836 0.750000 0.666667 -1
0 -0.013581 -37.425686 -3.404348 0.750000 0.500000 -1
0 1.688594 -37.425686 -2.948252 0.833333 0.500000 -1
0 1.624337 -31.765564 -2.836957 0.833333 0.666667 -1
0 2.823377 -31.765564 -1.637918 0.916667 0.666667 -1
0 2.934672 -37.425686 -1.702174 0.916667 0.500000 -1
0 3.390768 -37.425686 0.000000 1.000000 0.500000 -1
0 3.262256 -31.765564 0.000000 1.000000 0.666667 -1
74
0.000202 -1.000000 -0.000000
0.993191 -0.116496 0.000000
0.860126 -0.116533 0.496592
0.702606 -0.112650 0.702606
-0.702574 -0.113044 0.702574
-0.860075 -0.117016 0.496566
-0.993126 -0.117053 0.000000
-0.860075 -0.117016 -0.496566
-0.702574 -0.113044 -0.702574
0.702606 -0.112650 -0.702606
0.860126 -0.116533 -0.496592
0.000018 -1.000000 0.000000
0.257168 -0.112775 0.959764
0.000002 -0.116775 0.993158
-0.257164 -0.112919 0.959748
-0.257164 -0.112919 -0.959748
0.000002 -0.116775 -0.993158
0.257168 -0.112775 -0.959764
-0.999742 -0.022699 0.000000
-0.999742 -0.022699 0.000000
-0.865802 -0.022699 -0.499871
-0.865802 -0.022699 -0.499871
-0.499871 -0.022699 -0.865802
-0.499871 -0.022699 -0.865802
0.000000 -0.022699 -0.999742
0.000000 -0.022699 -0.999742
0.499871 -0.022699 -0.865802
0.499871 -0.022699 -0.865802
0.865802 -0.022699 -0.499871
0.865802 -0.022699 -0.499871
0.999742 -0.022699 0.000000
0.999742 -0.022699 0.000000
0.865802 -0.022699 0.499871
0.865802 -0.022699 0.499871
0.499871 -0.022699 0.865802
0.499871 -0.022699 0.865802
0.000000 -0.022699 0.999742
0.000000 -0.022699 0.999742
-0.499871 -0.022699 0.865802
-0.499871 -0.022699 0.865802
-0.865802 -0.022699 0.499871
-0.865802 -0.022699 0.499871
0.702121 -0.118540 0.702121
0.702121 -0.118540 -0.702121
0.992475 -0.122448 0.000000
0.959139 -0.118335 0.257001
-0.958962 -0.119862 0.256953
-0.992279 -0.124027 0.000000
-0.958962 -0.119862 -0.256953
0.959139 -0.118335 -0.257001
-0.256970 -0.119303 0.959027
-0.496159 -0.123632 0.859384
-0.702026 -0.119658 0.702026
-0.702026 -0.119658 -0.702026
-0.496159 -0.123632 -0.859384
-0.256970 -0.119303 -0.959027
0.256983 -0.118894 0.959074
0.256983 -0.118894 -0.959074
0.992475 -0.122448 0.000000
0.859499 -0.122554 0.496228
0.702121 -0.118540 0.702121
0.702121 -0.118540 -0.702121
0.859499 -0.122554 -0.496228
-0.702026 -0.119658 0.702026
-0.859348 -0.123921 0.496149
-0.992279 -0.124027 0.000000
-0.859348 -0.123921 -0.496149
-0.702026 -0.119658 -0.702026
0.256983 -0.118894 0.959074
0.000006 -0.123237 0.992377
-0.256970 -0.119303 0.959027
-0.256970 -0.119303 -0.959027
0.000006 -0.123237 -0.992377
0.256983 -0.118894 -0.959074
60
0 0 1 2 0 1 2 1
0 3 2 4 0 2 3 1
0 5 6 7 0 4 5 1
0 8 7 9 0 5 6 1
0 10 9 11 0 6 7 1
0 12 11 13 0 7 8 1
0 14 15 16 0 9 10 1
0 17 16 18 0 10 1 1
0 19 4 20 11 12 13 1
0 21 20 6 11 13 14 1
0 22 13 23 11 15 16 1
0 24 23 15 11 16 17 1
0 25 26 27 18 19 20 1
0 26 28 27 19 21 20 1
0 27 28 29 20 21 22 1
0 27 29 30 20 22 23 1
0 30 29 31 23 22 24 1
0 29 32 31 22 25 24 1
0 31 32 33 24 25 26 1
0 31 33 34 24 26 27 1
0 34 33 35 27 26 28 1
0 33 36 35 26 29 28 1
0 35 36 37 28 29 30 1
0 35 37 38 28 30 31 1
0 38 37 39 31 30 32 1
0 37 40 39 30 33 32 1
0 39 40 41 32 33 34 1
0 39 41 42 32 34 35 1
0 42 41 43 35 34 36 1
0 41 44 43 34 37 36 1
0 43 44 45 36 37 38 1
0 43 45 46 36 38 39 1
0 46 45 47 39 38 40 1
0 45 48 47 38 41 40 1
0 47 48 49 40 41 19 1
0 47 49 50 40 19 18 1
0 27 30 4 42 42 42 1
0 15 46 47 43 43 43 1
0 1 25 27 44 44 45 1
0 35 38 9 46 47 47 1
0 9 38 39 47 47 48 1
0 47 50 18 49 44 44 1
0 31 34 6 50 51 51 1
0 6 34 35 51 51 52 1
0 39 42 13 53 54 54 1
0 13 42 43 54 54 55 1
0 4 30 31 56 56 56 1
0 43 46 15 57 57 57 1
0 1 27 2 58 59 59 1
0 2 27 4 59 59 60 1
0 15 47 16 61 62 62 1
0 16 47 18 62 62 58 1
0 6 35 7 63 64 64 1
0 7 35 9 64 64 65 1
0 9 39 11 65 66 66 1
0 11 39 13 66 66 67 1
0 4 31 20 68 69 69 1
0 20 31 6 69 69 70 1
0 13 43 23 71 72 72 1
0 23 43 15 72 72 73 1
"black" 0 2
261
0 0.000000 27.366837 -0.056665 0.000000 0.000000 -1
0 0.460949 27.224213 0.209464 0.083333 0.166667 -1
0 0.532258 27.224213 -0.056665 0.000000 0.166667 -1
0 0.000000 27.366837 -0.056665 0.083333 0.000000 -1
0 0.266129 27.224213 0.404284 0.166667 0.166667 -1
0 0.000000 27.366837 -0.056665 0.166667 0.000000 -1
0 0.000000 27.224213 0.475593 0.250000 0.166667 -1
0 0.000000 27.366837 -0.056665 0.250000 0.000000 -1
0 -0.266129 27.224213 0.404284 0.333333 0.166667 -1
0 0.000000 27.366837 -0.056665 0.333333 0.000000 -1
0 -0.460949 27.224213 0.209464 0.416667 0.166667 -1
0 0.000000 27.366837 -0.056665 0.416667 0.000000 -1
0 -0.532258 27.224213 -0.056665 0.500000 0.166667 -1
0 0.000000 27.366837 -0.056665 0.500000 0.000000 -1
0 -0.460949 27.224213 -0.322794 0.583333 0.166667 -1
0 0.000000 27.366837 -0.056665 0.583333 0.000000 -1
0 -0.266129 27.224213 -0.517614 0.666667 0.166667 -1
0 0.000000 27.366837 -0.056665 0.666667 0.000000 -1
0 -0.000000 27.224213 -0.588923 0.750000 0.166667 -1
0 0.000000 27.366837 -0.056665 0.750000 0.000000 -1
0 0.266129 27.224213 -0.517614 0.833333 0.166667 -1
0 0.000000 27.366837 -0.056665 0.833333 0.000000 -1
0 0.460949 27.224213 -0.322794 0.916667 0.166667 -1
0 0.000000 27.366837 -0.056665 0.916667 0.000000 -1
0 0.532258 27.224213 -0.056665 1.000000 0.166667 -1
0 1.064516 26.302315 -0.056665 0.000000 0.500000 -1
0 0.921898 26.834572 -0.056665 0.000000 0.333333 -1
0 0.798387 26.834572 0.404284 0.083333 0.333333 -1
0 0.921898 26.302315 0.475593 0.083333 0.500000 -1
0 0.532258 26.302315 0.865233 0.166667 0.500000 -1
0 0.460949 26.834572 0.741722 0.166667 0.333333 -1
0 0.000000 26.834572 0.865233 0.250000 0.333333 -1
0 0.000000 26.302315 1.007851 0.250000 0.500000 -1
0 -0.532258 26.302315 0.865233 0.333333 0.500000 -1
0 -0.460949 26.834572 0.741722 0.333333 0.333333 -1
0 -0.798387 26.834572 0.404284 0.416667 0.333333 -1
0 -0.921898 26.302315 0.475593 0.416667 0.500000 -1
0 -1.064516 26.302315 -0.056665 0.500000 0.500000 -1
0 -0.921898 26.834572 -0.056665 0.500000 0.333333 -1
0 -0.798387 26.834572 -0.517614 0.583333 0.333333 -1
0 -0.921898 26.302315 -0.588923 0.583333 0.500000 -1
0 -0.532258 26.302315 -0.978563 0.666667 0.500000 -1
0 -0.460949 26.834572 -0.855052 0.666667 0.333333 -1
0 -0.000000 26.834572 -0.978563 0.750000 0.333333 -1
0 -0.000000 26.302315 -1.121181 0.750000 0.500000 -1
0 0.532258 26.302315 -0.978563 0.833333 0.500000 -1
0 0.460949 26.834572 -0.855052 0.833333 0.333333 -1
0 0.798387 26.834572 -0.517614 0.916667 0.333333 -1
0 0.921898 26.302315 -0.588923 0.916667 0.500000 -1
0 1.064516 26.302315 -0.056665 1.000000 0.500000 -1
0 0.921898 26.834572 -0.056665 1.000000 0.333333 -1
0 -0.002218 12.077985 0.303620 0.000000 0.000000 -1
0 -0.968144 12.077985 0.562439 0.000000 0.000000 -1
0 -0.002218 12.077985 0.821258 0.000000 0.000000 -1
0 -0.002218 0.112492 0.303620 0.000000 0.833333 -1
0 -0.002218 1.271912 0.303620 0.000000 0.666667 -1
0 -0.002218 0.112492 0.821258 0.083333 0.833333 -1
0 -0.002218 1.271912 0.821258 0.083333 0.666667 -1
0 -0.002239 2.437129 0.813086 0.083333 0.500000 -1
0 -0.002218 9.789392 0.303620 0.000000 0.166667 -1
0 -0.002218 9.789392 0.821258 0.083333 0.166667 -1
0 -0.002218 12.077985 0.821258 0.083333 0.000000 -1
0 -0.261037 12.077985 1.269546 0.000000 0.000000 -1
0 -0.261037 1.271912 1.269546 0.166667 0.666667 -1
0 -0.261037 0.112492 1.269546 0.166667 0.833333 -1
0 -0.261037 12.077985 1.269546 0.166667 0.000000 -1
0 -0.261037 9.789392 1.269546 0.166667 0.166667 -1
0 -0.709325 12.077985 1.528365 0.000000 0.000000 -1
0 -0.709325 0.112492 1.528365 0.250000 0.833333 -1
0 -0.709325 1.271912 1.528365 0.250000 0.666667 -1
0 -0.702275 2.437129 1.513123 0.250000 0.500000 -1
0 -0.709325 9.789392 1.528365 0.250000 0.166667 -1
0 -0.709325 12.077985 1.528365 0.250000 0.000000 -1
0 -1.226964 12.077985 1.528365 0.000000 0.000000 -1
0 -1.226964 1.271912 1.528365 0.333333 0.666667 -1
0 -1.226964 0.112492 1.528365 0.333333 0.833333 -1
0 -1.226964 12.077985 1.528365 0.333333 0.000000 -1
0 -1.226964 9.789392 1.528365 0.333333 0.166667 -1
0 -1.675252 12.077985 1.269546 0.000000 0.000000 -1
0 -1.675252 0.112492 1.269546 0.416667 0.833333 -1
0 -1.675252 1.271912 1.269546 0.416667 0.666667 -1
0 -1.658542 2.437129 1.256891 0.416667 0.500000 -1
0 -1.675252 9.789392 1.269546 0.416667 0.166667 -1
0 -1.675252 12.077985 1.269546 0.416667 0.000000 -1
0 -1.934071 12.077985 0.821258 0.000000 0.000000 -1
0 -1.934071 1.271912 0.821258 0.500000 0.666667 -1
0 -1.934071 0.112492 0.821258 0.500000 0.833333 -1
0 -1.934071 12.077985 0.821258 0.500000 0.000000 -1
0 -1.934071 9.789392 0.821258 0.500000 0.166667 -1
0 -1.934071 12.077985 0.303620 0.000000 0.000000 -1
0 -1.934071 0.112492 0.303620 0.583333 0.833333 -1
0 -1.934071 1.271912 0.303620 0.583333 0.666667 -1
0 -1.914773 2.437129 0.300625 0.583333 0.500000 -1
0 -1.934071 9.789392 0.303620 0.583333 0.166667 -1
0 -1.934071 12.077985 0.303620 0.583333 0.000000 -1
0 -1.675251 12.077985 -0.144668 0.000000 0.000000 -1
0 -1.675251 1.271912 -0.144668 0.666667 0.666667 -1
0 -1.675251 0.112492 -0.144668 0.666667 0.833333 -1
0 -1.675251 12.077985 -0.144668 0.666667 0.000000 -1
0 -1.675251 9.789392 -0.144668 0.666667 0.166667 -1
0 -1.226963 12.077985 -0.403487 0.000000 0.000000 -1
0 -1.226963 0.112492 -0.403487 0.750000 0.833333 -1
0 -1.226963 1.271912 -0.403487 0.750000 0.666667 -1
0 -1.214737 2.437129 -0.399411 0.750000 0.500000 -1
0 -1.226963 9.789392 -0.403487 0.750000 0.166667 -1
0 -1.226963 12.077985 -0.403487 0.750000 0.000000 -1
0 -0.709325 12.077985 -0.403487 0.000000 0.000000 -1
0 -0.709325 1.271912 -0.403487 0.833333 0.666667 -1
0 -0.709325 0.112492 -0.403487 0.833333 0.833333 -1
0 -0.709325 12.077985 -0.403487 0.833333 0.000000 -1
0 -0.709325 9.789392 -0.403487 0.833333 0.166667 -1
0 -0.261037 12.077985 -0.144668 0.000000 0.000000 -1
0 -0.261037 0.112492 -0.144668 0.916667 0.833333 -1
0 -0.261037 1.271912 -0.144668 0.916667 0.666667 -1
0 -0.258470 2.437129 -0.143180 0.916667 0.500000 -1
0 -0.261037 9.789392 -0.144668 0.916667 0.166667 -1
0 -0.261037 12.077985 -0.144668 0.916667 0.000000 -1
0 -0.002218 1.271912 0.303620 1.000000 0.666667 -1
0 -0.002218 0.112492 0.303620 1.000000 0.833333 -1
0 -0.002218 12.077985 0.303620 1.000000 0.000000 -1
0 -0.002218 9.789392 0.303620 1.000000 0.166667 -1
0 0.960502 12.077985 -1.370633 0.000000 0.000000 -1
0 -0.005424 12.077985 -1.111814 0.000000 0.000000 -1
0 0.960503 12.077985 -0.852994 0.000000 0.000000 -1
0 0.960502 0.112492 -1.370633 0.000000 0.833333 -1
0 0.960502 1.271912 -1.370633 0.000000 0.666667 -1
0 0.960503 0.112492 -0.852994 0.083333 0.833333 -1
0 0.960503 1.271912 -0.852994 0.083333 0.666667 -1
0 0.950855 2.437129 -0.844423 0.083333 0.500000 -1
0 0.960502 9.789392 -1.370633 0.000000 0.166667 -1
0 0.960503 9.789392 -0.852994 0.083333 0.166667 -1
0 0.960503 12.077985 -0.852994 0.083333 0.000000 -1
0 0.701683 12.077985 -0.404706 0.000000 0.000000 -1
0 0.701683 1.271912 -0.404706 0.166667 0.666667 -1
0 0.701683 0.112492 -0.404706 0.166667 0.833333 -1
0 0.701683 12.077985 -0.404706 0.166667 0.000000 -1
0 0.701683 9.789392 -0.404706 0.166667 0.166667 -1
0 0.253395 12.077985 -0.145887 0.000000 0.000000 -1
0 0.253395 0.112492 -0.145887 0.250000 0.833333 -1
0 0.253395 1.271912 -0.145887 0.250000 0.666667 -1
0 0.250818 2.437129 -0.144387 0.250000 0.500000 -1
0 0.253395 9.789392 -0.145887 0.250000 0.166667 -1
0 0.253395 12.077985 -0.145887 0.250000 0.000000 -1
0 -0.264244 12.077985 -0.145887 0.000000 0.000000 -1
0 -0.264244 1.271912 -0.145887 0.333333 0.666667 -1
0 -0.264244 0.112492 -0.145887 0.333333 0.833333 -1
0 -0.264244 12.077985 -0.145887 0.333333 0.000000 -1
0 -0.264244 9.789392 -0.145887 0.333333 0.166667 -1
0 -0.712532 12.077985 -0.404706 0.000000 0.000000 -1
0 -0.712532 0.112492 -0.404706 0.416667 0.833333 -1
0 -0.712532 1.271912 -0.404706 0.416667 0.666667 -1
0 -0.705450 2.437129 -0.400617 0.416667 0.500000 -1
0 -0.712532 9.789392 -0.404706 0.416667 0.166667 -1
0 -0.712532 12.077985 -0.404706 0.416667 0.000000 -1
0 -0.971351 12.077985 -0.852994 0.000000 0.000000 -1
0 -0.971351 1.271912 -0.852994 0.500000 0.666667 -1
0 -0.971351 0.112492 -0.852994 0.500000 0.833333 -1
0 -0.971351 12.077985 -0.852994 0.500000 0.000000 -1
0 -0.971351 9.789392 -0.852994 0.500000 0.166667 -1
0 -0.971351 12.077985 -1.370632 0.000000 0.000000 -1
0 -0.971351 0.112492 -1.370632 0.583333 0.833333 -1
0 -0.971351 1.271912 -1.370632 0.583333 0.666667 -1
0 -0.961681 2.437129 -1.356884 0.583333 0.500000 -1
0 -0.971351 9.789392 -1.370632 0.583333 0.166667 -1
0 -0.971351 12.077985 -1.370632 0.583333 0.000000 -1
0 -0.712531 12.077985 -1.818920 0.000000 0.000000 -1
0 -0.712531 1.271912 -1.818920 0.666667 0.666667 -1
0 -0.712531 0.112492 -1.818920 0.666667 0.833333 -1
0 -0.712531 12.077985 -1.818920 0.666667 0.000000 -1
0 -0.712531 9.789392 -1.818920 0.666667 0.166667 -1
0 -0.264243 12.077985 -2.077738 0.000000 0.000000 -1
0 -0.264243 0.112492 -2.077738 0.750000 0.833333 -1
0 -0.264243 1.271912 -2.077738 0.750000 0.666667 -1
0 -0.261644 2.437129 -2.056920 0.750000 0.500000 -1
0 -0.264243 9.789392 -2.077738 0.750000 0.166667 -1
0 -0.264243 12.077985 -2.077738 0.750000 0.000000 -1
0 0.253395 12.077985 -2.077738 0.000000 0.000000 -1
0 0.253395 1.271912 -2.077738 0.833333 0.666667 -1
0 0.253395 0.112492 -2.077738 0.833333 0.833333 -1
0 0.253395 12.077985 -2.077738 0.833333 0.000000 -1
0 0.253395 9.789392 -2.077738 0.833333 0.166667 -1
0 0.701684 12.077985 -1.818920 0.000000 0.000000 -1
0 0.701684 0.112492 -1.818920 0.916667 0.833333 -1
0 0.701684 1.271912 -1.818920 0.916667 0.666667 -1
0 0.694624 2.437129 -1.800689 0.916667 0.500000 -1
0 0.701684 9.789392 -1.818920 0.916667 0.166667 -1
0 0.701684 12.077985 -1.818920 0.916667 0.000000 -1
0 0.960502 1.271912 -1.370633 1.000000 0.666667 -1
0 0.960502 0.112492 -1.370633 1.000000 0.833333 -1
0 0.960502 12.077985 -1.370633 1.000000 0.000000 -1
0 0.960502 9.789392 -1.370633 1.000000 0.166667 -1
0 1.926560 12.077985 0.302901 0.000000 0.000000 -1
0 0.960636 12.077985 0.561719 0.000000 0.000000 -1
0 1.926561 12.077985 0.820539 0.000000 0.000000 -1
0 1.926560 0.112492 0.302901 0.000000 0.833333 -1
0 1.926560 1.271912 0.302901 0.000000 0.666667 -1
0 1.926561 0.112492 0.820539 0.083333 0.833333 -1
0 1.926561 1.271912 0.820539 0.083333 0.666667 -1
0 1.907253 2.437129 0.812375 0.083333 0.500000 -1
0 1.926560 9.789392 0.302901 0.000000 0.166667 -1
0 1.926561 9.789392 0.820539 0.083333 0.166667 -1
0 1.926561 12.077985 0.820539 0.083333 0.000000 -1
0 1.667743 12.077985 1.268826 0.000000 0.000000 -1
0 1.667743 1.271912 1.268826 0.166667 0.666667 -1
0 1.667743 0.112492 1.268826 0.166667 0.833333 -1
0 1.667743 12.077985 1.268826 0.166667 0.000000 -1
0 1.667743 9.789392 1.268826 0.166667 0.166667 -1
0 1.219455 12.077985 1.527646 0.000000 0.000000 -1
0 1.219455 0.112492 1.527646 0.250000 0.833333 -1
0 1.219455 1.271912 1.527646 0.250000 0.666667 -1
0 1.207218 2.437129 1.512410 0.250000 0.500000 -1
0 1.219455 9.789392 1.527646 0.250000 0.166667 -1
0 1.219455 12.077985 1.527646 0.250000 0.000000 -1
0 0.701816 12.077985 1.527646 0.000000 0.000000 -1
0 0.701816 1.271912 1.527646 0.333333 0.666667 -1
0 0.701816 0.112492 1.527646 0.333333 0.833333 -1
0 0.701816 12.077985 1.527646 0.333333 0.000000 -1
0 0.701816 9.789392 1.527646 0.333333 0.166667 -1
0 0.253528 12.077985 1.268827 0.000000 0.000000 -1
0 0.253528 0.112492 1.268827 0.416667 0.833333 -1
0 0.253528 1.271912 1.268827 0.416667 0.666667 -1
0 0.250950 2.437129 1.256180 0.416667 0.500000 -1
0 0.253528 9.789392 1.268827 0.416667 0.166667 -1
0 0.253528 12.077985 1.268827 0.416667 0.000000 -1
0 -0.005291 12.077985 0.820539 0.000000 0.000000 -1
0 -0.005291 1.271912 0.820539 0.500000 0.666667 -1
0 -0.005291 0.112492 0.820539 0.500000 0.833333 -1
0 -0.005291 12.077985 0.820539 0.500000 0.000000 -1
0 -0.005291 9.789392 0.820539 0.500000 0.166667 -1
0 -0.005291 12.077985 0.302901 0.000000 0.000000 -1
0 -0.005291 0.112492 0.302901 0.583333 0.833333 -1
0 -0.005291 1.271912 0.302901 0.583333 0.666667 -1
0 -0.005281 2.437129 0.299913 0.583333 0.500000 -1
0 -0.005291 9.789392 0.302901 0.583333 0.166667 -1
0 -0.005291 12.077985 0.302901 0.583333 0.000000 -1
0 0.253528 12.077985 -0.145387 0.000000 0.000000 -1
0 0.253528 1.271912 -0.145387 0.666667 0.666667 -1
0 0.253528 0.112492 -0.145387 0.666667 0.833333 -1
0 0.253528 12.077985 -0.145387 0.666667 0.000000 -1
0 0.253528 9.789392 -0.145387 0.666667 0.166667 -1
0 0.701817 12.077985 -0.404206 0.000000 0.000000 -1
0 0.701817 0.112492 -0.404206 0.750000 0.833333 -1
0 0.701817 1.271912 -0.404206 0.750000 0.666667 -1
0 0.694755 2.437129 -0.400123 0.750000 0.500000 -1
0 0.701817 9.789392 -0.404206 0.750000 0.166667 -1
0 0.701817 12.077985 -0.404206 0.750000 0.000000 -1
0 1.219455 12.077985 -0.404207 0.000000 0.000000 -1
0 1.219455 1.271912 -0.404207 0.833333 0.666667 -1
0 1.219455 0.112492 -0.404207 0.833333 0.833333 -1
0 1.219455 12.077985 -0.404207 0.833333 0.000000 -1
0 1.219455 9.789392 -0.404207 0.833333 0.166667 -1
0 1.667743 12.077985 -0.145387 0.000000 0.000000 -1
0 1.667743 0.112492 -0.145387 0.916667 0.833333 -1
0 1.667743 1.271912 -0.145387 0.916667 0.666667 -1
0 1.651022 2.437129 -0.143892 0.916667 0.500000 -1
0 1.667743 9.789392 -0.145387 0.916667 0.166667 -1
0 1.667743 12.077985 -0.145387 0.916667 0.000000 -1
0 1.926560 1.271912 0.302901 1.000000 0.666667 -1
0 1.926560 0.112492 0.302901 1.000000 0.833333 -1
0 1.926560 12.077985 0.302901 1.000000 0.000000 -1
0 1.926560 9.789392 0.302901 1.000000 0.166667 -1
142
-0.000000 1.000000 0.000000
0.431485 0.867041 0.249118
0.573587 0.819145 0.000000
0.286793 0.819145 0.496741
0.000000 0.867041 0.498236
-0.286793 0.819145 0.496741
-0.431485 0.867041 0.249118
-0.573587 0.819145 0.000000
-0.431485 0.867041 -0.249118
-0.286793 0.819145 -0.496741
-0.000000 0.867041 -0.498236
0.286793 0.819145 -0.496741
0.431485 0.867041 -0.249118
0.965926 0.258819 0.000000
0.865034 0.501714 0.000000
0.749141 0.501714 0.432517
0.836516 0.258819 0.482963
0.482963 0.258819 0.836516
0.432517 0.501714 0.749141
0.000000 0.501714 0.865034
0.000000 0.258819 0.965926
-0.482963 0.258819 0.836516
-0.432517 0.501714 0.749141
-0.749141 0.501714 0.432517
-0.836516 0.258819 0.482963
-0.965926 0.258819 0.000000
-0.865034 0.501714 0.000000
-0.749141 0.501714 -0.432517
-0.836516 0.258819 -0.482963
-0.482963 0.258819 -0.836516
-0.432517 0.501714 -0.749141
-0.000000 0.501714 -0.865034
0.000000 0.258820 -0.965926
0.482963 0.258819 -0.836516
0.432517 0.501714 -0.749141
0.749141 0.501714 -0.432517
0.836516 0.258819 -0.482963
0.000000 1.000000 0.000000
0.965926 0.000000 -0.258819
0.965926 -0.000216 -0.258819
0.965926 0.000000 0.258819
0.965926 0.000916 0.258818
0.965924 0.001832 0.258818
0.965926 0.000000 -0.258819
0.707106 0.002040 0.707105
0.707107 0.000000 0.707107
0.707107 0.000000 0.707107
0.707107 0.000000 0.707107
0.258819 0.000000 0.965926
0.258818 0.005534 0.965910
0.258809 0.011068 0.965865
-0.258813 0.005117 0.965914
-0.258819 0.000000 0.965926
-0.707106 0.000000 0.707107
-0.707077 0.008909 0.707080
-0.706992 0.017816 0.706997
-0.965909 0.005937 0.258813
-0.965926 0.000000 0.258819
-0.965926 0.000000 -0.258820
-0.965896 0.007665 -0.258816
-0.965810 0.015330 -0.258796
-0.965926 0.000000 -0.258820
-0.707100 0.003681 -0.707104
-0.707107 0.000000 -0.707107
-0.707107 0.000000 -0.707107
-0.258819 0.000000 -0.965926
-0.258816 0.003047 -0.965922
-0.258811 0.006095 -0.965909
-0.258819 0.000000 -0.965926
0.258819 0.000604 -0.965926
0.258819 0.000000 -0.965926
0.707107 0.000000 -0.707107
0.707107 -0.000328 -0.707107
0.707106 -0.000655 -0.707107
0.965926 0.000000 -0.258820
0.965920 0.003684 -0.258816
0.965926 0.000000 0.258818
0.965921 0.003047 0.258819
0.965907 0.006094 0.258817
0.965926 0.000000 -0.258820
0.965926 0.000000 0.258818
0.707106 0.000601 0.707107
0.707106 0.000000 0.707107
0.258819 0.000000 0.965926
0.258819 -0.000336 0.965926
0.258819 -0.000671 0.965926
0.258819 0.000000 0.965926
-0.258819 -0.000222 0.965926
-0.258819 0.000000 0.965926
-0.707107 0.000000 0.707107
-0.707106 0.000908 0.707107
-0.707105 0.001817 0.707106
-0.707107 0.000000 0.707107
-0.965924 0.002037 0.258819
-0.965926 0.000000 0.258819
-0.965926 0.000000 0.258819
-0.965926 0.000000 -0.258820
-0.965912 0.005535 -0.258813
-0.965868 0.011069 -0.258798
-0.707098 0.005120 -0.707097
-0.707106 0.000000 -0.707108
-0.258818 0.000000 -0.965926
-0.258810 0.008916 -0.965887
-0.258780 0.017832 -0.965772
0.258814 0.005943 -0.965909
0.258818 0.000000 -0.965926
0.707106 0.000000 -0.707107
0.707088 0.007673 -0.707084
0.707028 0.015345 -0.707019
0.965926 0.000000 -0.258818
0.965913 0.005114 -0.258817
0.965926 0.000000 0.258818
0.965888 0.008908 0.258806
0.965774 0.017816 0.258774
0.707094 0.005940 0.707094
0.707107 0.000000 0.707106
0.707107 0.000000 0.707106
0.258819 0.000000 0.965926
0.258808 0.007673 0.965898
0.258782 0.015346 0.965814
0.258819 0.000000 0.965926
-0.258819 0.003687 0.965919
-0.258819 0.000000 0.965926
-0.258819 0.000000 0.965926
-0.707105 0.003055 0.707102
-0.707096 0.006110 0.707091
-0.965926 0.000607 0.258819
-0.965926 0.000000 0.258819
-0.965926 0.000000 0.258819
-0.965926 0.000000 -0.258819
-0.965926 -0.000328 -0.258819
-0.965926 -0.000656 -0.258819
-0.707106 -0.000219 -0.707107
-0.707106 0.000000 -0.707107
-0.258819 0.000000 -0.965926
-0.258819 0.000908 -0.965925
-0.258819 0.001816 -0.965924
0.258817 0.002034 -0.965924
0.258819 0.000000 -0.965926
0.707108 0.000000 -0.707105
0.707095 0.005527 -0.707097
0.707060 0.011053 -0.707067
276
0 0 1 2 0 1 2 1
0 3 4 1 0 3 1 1
0 5 6 4 0 4 3 1
0 7 8 6 0 5 4 1
0 9 10 8 0 6 5 1
0 11 12 10 0 7 6 1
0 13 14 12 0 8 7 1
0 15 16 14 0 9 8 1
0 17 18 16 0 10 9 1
0 19 20 18 0 11 10 1
0 21 22 20 0 12 11 1
0 23 24 22 0 2 12 1
0 25 26 27 13 14 15 1
0 25 27 28 13 15 16 1
0 28 27 29 16 15 17 1
0 27 30 29 15 18 17 1
0 29 30 31 17 18 19 1
0 29 31 32 17 19 20 1
0 32 31 33 20 19 21 1
0 31 34 33 19 22 21 1
0 33 34 35 21 22 23 1
0 33 35 36 21 23 24 1
0 36 35 37 24 23 25 1
0 35 38 37 23 26 25 1
0 37 38 39 25 26 27 1
0 37 39 40 25 27 28 1
0 40 39 41 28 27 29 1
0 39 42 41 27 30 29 1
0 41 42 43 29 30 31 1
0 41 43 44 29 31 32 1
0 44 43 45 32 31 33 1
0 43 46 45 31 34 33 1
0 45 46 47 33 34 35 1
0 45 47 48 33 35 36 1
0 48 47 49 36 35 13 1
0 47 50 49 35 14 13 1
0 26 2 27 14 2 15 1
0 2 1 27 2 1 15 1
0 27 1 4 15 1 3 1
0 27 4 30 15 3 18 1
0 30 4 31 18 3 19 1
0 4 6 31 3 4 19 1
0 31 6 8 19 4 5 1
0 31 8 34 19 5 22 1
0 34 8 35 22 5 23 1
0 8 10 35 5 6 23 1
0 35 10 12 23 6 7 1
0 35 12 38 23 7 26 1
0 38 12 39 26 7 27 1
0 12 14 39 7 8 27 1
0 39 14 16 27 8 9 1
0 39 16 42 27 9 30 1
0 42 16 43 30 9 31 1
0 16 18 43 9 10 31 1
0 43 18 20 31 10 11 1
0 43 20 46 31 11 34 1
0 46 20 47 34 11 35 1
0 20 22 47 11 12 35 1
0 47 22 24 35 12 2 1
0 47 24 50 35 2 14 1
0 51 52 53 37 37 37 2
0 54 55 56 38 39 40 1
0 55 57 56 39 41 40 1
0 55 58 57 39 42 41 1
0 59 51 60 43 43 40 1
0 51 61 60 43 40 40 1
0 53 52 62 37 37 37 2
0 56 57 63 40 41 44 1
0 56 63 64 40 44 45 1
0 57 58 63 41 42 44 1
0 60 61 65 40 40 46 1
0 60 65 66 40 46 47 1
0 62 52 67 37 37 37 2
0 64 63 68 45 44 48 1
0 63 69 68 44 49 48 1
0 63 70 69 44 50 49 1
0 66 65 71 47 46 48 1
0 65 72 71 46 48 48 1
0 67 52 73 37 37 37 2
0 68 69 74 48 49 51 1
0 68 74 75 48 51 52 1
0 69 70 74 49 50 51 1
0 71 72 76 48 48 52 1
0 71 76 77 48 52 52 1
0 73 52 78 37 37 37 2
0 75 74 79 52 51 53 1
0 74 80 79 51 54 53 1
0 74 81 80 51 55 54 1
0 77 76 82 52 52 53 1
0 76 83 82 52 53 53 1
0 78 52 84 37 37 37 2
0 79 80 85 53 54 56 1
0 79 85 86 53 56 57 1
0 80 81 85 54 55 56 1
0 82 83 87 53 53 57 1
0 82 87 88 53 57 57 1
0 84 52 89 37 37 37 2
0 86 85 90 57 56 58 1
0 85 91 90 56 59 58 1
0 85 92 91 56 60 59 1
0 88 87 93 57 57 61 1
0 87 94 93 57 58 61 1
0 89 52 95 37 37 37 2
0 90 91 96 58 59 62 1
0 90 96 97 58 62 63 1
0 91 92 96 59 60 62 1
0 93 94 98 61 58 63 1
0 93 98 99 61 63 64 1
0 95 52 100 37 37 37 2
0 97 96 101 63 62 65 1
0 96 102 101 62 66 65 1
0 96 103 102 62 67 66 1
0 99 98 104 64 63 68 1
0 98 105 104 63 65 68 1
0 100 52 106 37 37 37 2
0 101 102 107 65 66 69 1
0 101 107 108 65 69 70 1
0 102 103 107 66 67 69 1
0 104 105 109 68 65 70 1
0 104 109 110 68 70 70 1
0 106 52 111 37 37 37 2
0 108 107 112 70 69 71 1
0 107 113 112 69 72 71 1
0 107 114 113 69 73 72 1
0 110 109 115 70 70 71 1
0 109 116 115 70 71 71 1
0 111 52 51 37 37 37 2
0 112 113 117 71 72 39 1
0 112 117 118 71 39 38 1
0 113 114 117 72 73 39 1
0 115 116 119 71 71 43 1
0 115 119 120 71 43 43 1
0 121 122 123 37 37 37 2
0 124 125 126 74 75 76 1
0 125 127 126 75 77 76 1
0 125 128 127 75 78 77 1
0 129 121 130 79 79 80 1
0 121 131 130 79 80 80 1
0 123 122 132 37 37 37 2
0 126 127 133 76 77 81 1
0 126 133 134 76 81 82 1
0 127 128 133 77 78 81 1
0 130 131 135 80 80 82 1
0 130 135 136 80 82 82 1
0 132 122 137 37 37 37 2
0 134 133 138 82 81 83 1
0 133 139 138 81 84 83 1
0 133 140 139 81 85 84 1
0 136 135 141 82 82 86 1
0 135 142 141 82 86 86 1
0 137 122 143 37 37 37 2
0 138 139 144 83 84 87 1
0 138 144 145 83 87 88 1
0 139 140 144 84 85 87 1
0 141 142 146 86 86 88 1
0 141 146 147 86 88 88 1
0 143 122 148 37 37 37 2
0 145 144 149 88 87 89 1
0 144 150 149 87 90 89 1
0 144 151 150 87 91 90 1
0 147 146 152 88 88 92 1
0 146 153 152 88 92 92 1
0 148 122 154 37 37 37 2
0 149 150 155 89 90 93 1
0 149 155 156 89 93 94 1
0 150 151 155 90 91 93 1
0 152 153 157 92 92 95 1
0 152 157 158 92 95 95 1
0 154 122 159 37 37 37 2
0 156 155 160 94 93 96 1
0 155 161 160 93 97 96 1
0 155 162 161 93 98 97 1
0 158 157 163 95 95 96 1
0 157 164 163 95 61 96 1
0 159 122 165 37 37 37 2
0 160 161 166 96 97 99 1
0 160 166 167 96 99 100 1
0 161 162 166 97 98 99 1
0 163 164 168 96 61 100 1
0 163 168 169 96 100 100 1
0 165 122 170 37 37 37 2
0 167 166 171 100 99 101 1
0 166 172 171 99 102 101 1
0 166 173 172 99 103 102 1
0 169 168 174 100 100 101 1
0 168 175 174 100 101 101 1
0 170 122 176 37 37 37 2
0 171 172 177 101 102 104 1
0 171 177 178 101 104 105 1
0 172 173 177 102 103 104 1
0 174 175 179 101 101 105 1
0 174 179 180 101 105 105 1
0 176 122 181 37 37 37 2
0 178 177 182 105 104 106 1
0 177 183 182 104 107 106 1
0 177 184 183 104 108 107 1
0 180 179 185 105 105 106 1
0 179 186 185 105 106 106 1
0 181 122 121 37 37 37 2
0 182 183 187 106 107 75 1
0 182 187 188 106 75 74 1
0 183 184 187 107 108 75 1
0 185 186 189 106 106 79 1
0 185 189 190 106 79 79 1
0 191 192 193 37 37 37 2
0 194 195 196 109 110 111 1
0 195 197 196 110 112 111 1
0 195 198 197 110 113 112 1
0 199 191 200 109 109 111 1
0 191 201 200 109 111 111 1
0 193 192 202 37 37 37 2
0 196 197 203 111 112 114 1
0 196 203 204 111 114 115 1
0 197 198 203 112 113 114 1
0 200 201 205 111 111 116 1
0 200 205 206 111 116 115 1
0 202 192 207 37 37 37 2
0 204 203 208 115 114 117 1
0 203 209 208 114 118 117 1
0 203 210 209 114 119 118 1
0 206 205 211 115 116 120 1
0 205 212 211 116 120 120 1
0 207 192 213 37 37 37 2
0 208 209 214 117 118 121 1
0 208 214 215 117 121 122 1
0 209 210 214 118 119 121 1
0 211 212 216 120 120 123 1
0 211 216 217 120 123 123 1
0 213 192 218 37 37 37 2
0 215 214 219 122 121 92 1
0 214 220 219 121 124 92 1
0 214 221 220 121 125 124 1
0 217 216 222 123 123 89 1
0 216 223 222 123 89 89 1
0 218 192 224 37 37 37 2
0 219 220 225 92 124 126 1
0 219 225 226 92 126 127 1
0 220 221 225 124 125 126 1
0 222 223 227 89 89 128 1
0 222 227 228 89 128 128 1
0 224 192 229 37 37 37 2
0 226 225 230 127 126 129 1
0 225 231 230 126 130 129 1
0 225 232 231 126 131 130 1
0 228 227 233 128 128 129 1
0 227 234 233 128 129 129 1
0 229 192 235 37 37 37 2
0 230 231 236 129 130 132 1
0 230 236 237 129 132 133 1
0 231 232 236 130 131 132 1
0 233 234 238 129 129 133 1
0 233 238 239 129 133 133 1
0 235 192 240 37 37 37 2
0 237 236 241 133 132 134 1
0 236 242 241 132 135 134 1
0 236 243 242 132 136 135 1
0 239 238 244 133 133 134 1
0 238 245 244 133 134 134 1
0 240 192 246 37 37 37 2
0 241 242 247 134 135 137 1
0 241 247 248 134 137 138 1
0 242 243 247 135 136 137 1
0 244 245 249 134 134 138 1
0 244 249 250 134 138 138 1
0 246 192 251 37 37 37 2
0 248 247 252 138 137 139 1
0 247 253 252 137 140 139 1
0 247 254 253 137 141 140 1
0 250 249 255 138 138 139 1
0 249 256 255 138 139 139 1
0 251 192 191 37 37 37 2
0 252 253 257 139 140 110 1
0 252 257 258 139 110 109 1
0 253 254 257 140 141 110 1
0 255 256 259 139 139 109 1
0 255 259 260 139 109 109 1

Materials: 6
"gradient"
0.200000 0.200000 0.200000 1.000000
0.800000 0.800000 0.800000 1.000000
0.000000 0.000000 0.000000 1.000000
0.000000 0.000000 0.000000 1.000000
0.000000
1.000000
".\gradient.bmp"
""
"white"
0.200000 0.200000 0.200000 1.000000
0.800000 0.800000 0.800000 1.000000
0.000000 0.000000 0.000000 1.000000
0.000000 0.000000 0.000000 1.000000
0.000000
1.000000
".\white.bmp"
""
"black"
0.200000 0.200000 0.200000 1.000000
0.800000 0.800000 0.800000 1.000000
0.000000 0.000000 0.000000 1.000000
0.000000 0.000000 0.000000 1.000000
0.000000
1.000000
".\black.bmp"
""
"liquid"
0.200000 0.200000 0.200000 1.000000
0.800000 0.800000 0.800000 1.000000
0.000000 0.000000 0.000000 1.000000
0.000000 0.000000 0.000000 1.000000
0.000000
1.000000
".\liquid.bmp"
""
"yellow"
0.200000 0.200000 0.200000 1.000000
0.800000 0.800000 0.800000 1.000000
0.000000 0.000000 0.000000 1.000000
0.000000 0.000000 0.000000 1.000000
0.000000
1.000000
".\yellow.bmp"
""
"red"
0.200000 0.200000 0.200000 1.000000
0.800000 0.800000 0.800000 1.000000
0.000000 0.000000 0.000000 1.000000
0.000000 0.000000 0.000000 1.000000
0.000000
1.000000
".\red.bmp"
""

Bones: 0
