// MilkShape 3D ASCII

Frames: 30
Frame: 1

Meshes: 5
"case" 0 3
20
0 -2.141977 3.525629 0.721184 0.000000 0.000000 -1
0 -2.141228 -0.015112 0.721184 0.000000 1.000000 -1
0 -2.141979 3.525629 3.329880 1.000000 0.000000 -1
0 -2.141225 -0.015112 3.329881 1.000000 1.000000 -1
0 -2.141979 3.525629 3.329880 0.000000 0.000000 -1
0 -2.141225 -0.015112 3.329881 0.000000 1.000000 -1
0 -0.034226 3.525624 3.329880 1.000000 0.000000 -1
0 -0.030491 -0.011643 3.329883 1.000000 1.000000 -1
0 -0.034226 3.525624 3.329880 0.000000 0.000000 -1
0 -0.030491 -0.011643 3.329883 0.000000 1.000000 -1
0 -0.034226 3.525624 0.721184 1.000000 0.000000 -1
0 -0.030490 -0.011643 0.721184 1.000000 1.000000 -1
0 -0.034226 3.525624 0.721184 0.000000 0.000000 -1
0 -0.030490 -0.011643 0.721184 0.000000 1.000000 -1
0 -2.141977 3.525629 0.721184 1.000000 0.000000 -1
0 -2.141228 -0.015112 0.721184 1.000000 1.000000 -1
0 -2.141977 3.525629 0.721184 0.000000 1.000000 -1
0 -2.141979 3.525629 3.329880 1.000000 1.000000 -1
0 -2.141228 -0.015112 0.721184 0.000000 0.000000 -1
0 -2.141225 -0.015112 3.329881 1.000000 0.000000 -1
16
-1.000000 -0.000212 -0.000001
-1.000000 -0.000212 0.000000
-1.000000 -0.000213 0.000001
0.000000 0.000000 1.000000
-0.000001 0.000001 1.000000
-0.000001 0.000001 1.000000
0.999999 0.001056 0.000000
0.999999 0.001056 0.000000
0.999999 0.001056 0.000000
0.000000 0.000000 -1.000000
0.000002 1.000000 0.000000
0.000002 1.000000 0.000000
0.000002 1.000000 0.000000
0.001643 -0.999999 -0.000000
0.001644 -0.999999 -0.000000
0.001644 -0.999999 0.000000
12
0 0 1 2 0 1 1 1
0 1 3 2 1 2 1 1
0 4 5 6 3 4 4 2
0 5 7 6 4 5 4 2
0 8 9 10 6 7 7 1
0 9 11 10 7 8 7 1
0 12 13 14 9 9 9 2
0 13 15 14 9 9 9 2
0 12 16 6 10 11 11 3
0 16 17 6 11 12 11 3
0 18 13 19 13 14 14 3
0 13 7 19 14 15 14 3
"clip" 0 2
128
0 -0.989049 3.074478 -0.536531 0.000000 0.000000 -1
0 -0.989049 0.788767 -0.536531 0.000000 1.000000 -1
0 -0.800642 3.074478 -0.134745 1.000000 0.000000 -1
0 -0.800642 0.788767 -0.134745 1.000000 1.000000 -1
0 -0.800642 3.074478 -0.134745 0.000000 0.000000 -1
0 -0.800642 0.788767 -0.134745 0.000000 1.000000 -1
0 0.011576 3.074478 -0.134745 1.000000 0.000000 -1
0 0.011576 0.788767 -0.134745 1.000000 1.000000 -1
0 0.011576 3.074478 -0.134745 0.000000 0.000000 -1
0 0.011576 0.788767 -0.134745 0.000000 1.000000 -1
0 0.011576 3.074478 -0.536531 1.000000 0.000000 -1
0 0.011576 0.788767 -0.536531 1.000000 1.000000 -1
0 0.011576 3.074478 -0.536531 0.000000 0.000000 -1
0 0.011576 0.788767 -0.536531 0.000000 1.000000 -1
0 -0.989049 3.074478 -0.536531 1.000000 0.000000 -1
0 -0.989049 0.788767 -0.536531 1.000000 1.000000 -1
0 -0.989049 3.074478 -0.536531 0.000000 1.000000 -1
0 -0.800642 3.074478 -0.134745 1.000000 1.000000 -1
0 -0.989049 0.788767 -0.536531 0.000000 0.000000 -1
0 -0.800642 0.788767 -0.134745 1.000000 0.000000 -1
0 -0.803383 3.074478 -0.126668 1.000000 0.000000 -1
0 -0.983008 0.788767 -0.532455 0.000000 1.000000 -1
0 -0.983008 3.074478 -0.532455 0.000000 0.000000 -1
0 -0.803383 0.788767 -0.126668 1.000000 1.000000 -1
0 -1.404956 3.074478 0.449457 1.000000 0.000000 -1
0 -0.803383 0.788767 -0.126668 0.000000 1.000000 -1
0 -0.803383 3.074478 -0.126668 0.000000 0.000000 -1
0 -1.404956 0.788767 0.449457 1.000000 1.000000 -1
0 -1.708186 3.074478 0.185862 1.000000 0.000000 -1
0 -1.404956 0.788767 0.449457 0.000000 1.000000 -1
0 -1.404956 3.074478 0.449457 0.000000 0.000000 -1
0 -1.708186 0.788767 0.185862 1.000000 1.000000 -1
0 -0.983008 3.074478 -0.532455 1.000000 0.000000 -1
0 -1.708186 0.788767 0.185862 0.000000 1.000000 -1
0 -1.708186 3.074478 0.185862 0.000000 0.000000 -1
0 -0.983008 0.788767 -0.532455 1.000000 1.000000 -1
0 -0.983008 3.074478 -0.532455 0.000000 1.000000 -1
0 -0.803383 3.074478 -0.126668 1.000000 1.000000 -1
0 -0.803383 0.788767 -0.126668 1.000000 0.000000 -1
0 -0.983008 0.788767 -0.532455 0.000000 0.000000 -1
0 -1.757452 3.074478 1.184485 0.000000 0.000000 -1
0 -1.757452 0.788767 1.184485 0.000000 1.000000 -1
0 -1.404431 3.074478 1.181606 1.000000 0.000000 -1
0 -1.404431 0.788767 1.181606 1.000000 1.000000 -1
0 -1.404431 3.074478 1.181606 0.000000 0.000000 -1
0 -1.404431 0.788767 1.181606 0.000000 1.000000 -1
0 -1.405167 3.074478 0.447488 1.000000 0.000000 -1
0 -1.405167 0.788767 0.447488 1.000000 1.000000 -1
0 -1.405167 3.074478 0.447488 0.000000 0.000000 -1
0 -1.405167 0.788767 0.447488 0.000000 1.000000 -1
0 -1.711100 3.074478 0.184236 1.000000 0.000000 -1
0 -1.711100 0.788767 0.184236 1.000000 1.000000 -1
0 -1.711100 3.074478 0.184236 0.000000 0.000000 -1
0 -1.711100 0.788767 0.184236 0.000000 1.000000 -1
0 -1.757452 3.074478 1.184485 1.000000 0.000000 -1
0 -1.757452 0.788767 1.184485 1.000000 1.000000 -1
0 -1.757452 3.074478 1.184485 0.000000 1.000000 -1
0 -1.404431 3.074478 1.181606 1.000000 1.000000 -1
0 -1.757452 0.788767 1.184485 0.000000 0.000000 -1
0 -1.404431 0.788767 1.181606 1.000000 0.000000 -1
0 -1.405811 3.074478 1.182288 1.000000 0.000000 -1
0 -1.758720 0.788767 1.185036 0.000000 1.000000 -1
0 -1.758720 3.074478 1.185036 0.000000 0.000000 -1
0 -1.405811 0.788767 1.182288 1.000000 1.000000 -1
0 2.197507 3.066533 -0.134746 1.000000 0.000000 -1
0 2.385913 0.780821 -0.536532 0.000000 1.000000 -1
0 2.385913 3.066533 -0.536532 0.000000 0.000000 -1
0 2.197507 0.780821 -0.134746 1.000000 1.000000 -1
0 1.385289 3.066533 -0.134745 1.000000 0.000000 -1
0 2.197507 0.780821 -0.134746 0.000000 1.000000 -1
0 2.197507 3.066533 -0.134746 0.000000 0.000000 -1
0 1.385289 0.780821 -0.134745 1.000000 1.000000 -1
0 1.385289 3.066533 -0.536532 1.000000 0.000000 -1
0 1.385289 0.780821 -0.134745 0.000000 1.000000 -1
0 1.385289 3.066533 -0.134745 0.000000 0.000000 -1
0 1.385289 0.780821 -0.536532 1.000000 1.000000 -1
0 2.385913 3.066533 -0.536532 1.000000 0.000000 -1
0 1.385289 0.780821 -0.536532 0.000000 1.000000 -1
0 1.385289 3.066533 -0.536532 0.000000 0.000000 -1
0 2.385913 0.780821 -0.536532 1.000000 1.000000 -1
0 2.385913 3.066533 -0.536532 0.000000 1.000000 -1
0 2.197507 3.066533 -0.134746 1.000000 1.000000 -1
0 2.197507 0.780821 -0.134746 1.000000 0.000000 -1
0 2.385913 0.780821 -0.536532 0.000000 0.000000 -1
0 2.379873 3.066533 -0.532457 0.000000 0.000000 -1
0 2.379873 0.780821 -0.532457 0.000000 1.000000 -1
0 2.200247 3.066533 -0.126668 1.000000 0.000000 -1
0 2.200247 0.780821 -0.126668 1.000000 1.000000 -1
0 2.200247 3.066533 -0.126668 0.000000 0.000000 -1
0 2.200247 0.780821 -0.126668 0.000000 1.000000 -1
0 2.801820 3.066533 0.449458 1.000000 0.000000 -1
0 2.801820 0.780821 0.449458 1.000000 1.000000 -1
0 2.801820 3.066533 0.449458 0.000000 0.000000 -1
0 2.801820 0.780821 0.449458 0.000000 1.000000 -1
0 3.105051 3.066533 0.185862 1.000000 0.000000 -1
0 3.105051 0.780821 0.185862 1.000000 1.000000 -1
0 3.105051 3.066533 0.185862 0.000000 0.000000 -1
0 3.105051 0.780821 0.185862 0.000000 1.000000 -1
0 2.379873 3.066533 -0.532457 1.000000 0.000000 -1
0 2.379873 0.780821 -0.532457 1.000000 1.000000 -1
0 2.379873 3.066533 -0.532457 0.000000 1.000000 -1
0 2.200247 3.066533 -0.126668 1.000000 1.000000 -1
0 2.379873 0.780821 -0.532457 0.000000 0.000000 -1
0 2.200247 0.780821 -0.126668 1.000000 0.000000 -1
0 2.801298 3.066533 6.021607 1.000000 0.000000 -1
0 3.107025 0.780821 6.018123 0.000000 1.000000 -1
0 3.107025 3.066533 6.018123 0.000000 0.000000 -1
0 2.801298 0.780821 6.021607 1.000000 1.000000 -1
0 2.802031 3.066533 0.447487 1.000000 0.000000 -1
0 2.801298 0.780821 6.021607 0.000000 1.000000 -1
0 2.801298 3.066533 6.021607 0.000000 0.000000 -1
0 2.802031 0.780821 0.447487 1.000000 1.000000 -1
0 3.107965 3.066533 0.184236 1.000000 0.000000 -1
0 2.802031 0.780821 0.447487 0.000000 1.000000 -1
0 2.802031 3.066533 0.447487 0.000000 0.000000 -1
0 3.107965 0.780821 0.184236 1.000000 1.000000 -1
0 3.107025 3.066533 6.018123 1.000000 0.000000 -1
0 3.107965 0.780821 0.184236 0.000000 1.000000 -1
0 3.107965 3.066533 0.184236 0.000000 0.000000 -1
0 3.107025 0.780821 6.018123 1.000000 1.000000 -1
0 3.107025 3.066533 6.018123 0.000000 1.000000 -1
0 2.801298 3.066533 6.021607 1.000000 1.000000 -1
0 2.801298 0.780821 6.021607 1.000000 0.000000 -1
0 3.107025 0.780821 6.018123 0.000000 0.000000 -1
0 3.108291 3.066533 6.018665 0.000000 0.000000 -1
0 3.108291 0.780821 6.018665 0.000000 1.000000 -1
0 2.802676 3.066533 6.022289 1.000000 0.000000 -1
0 2.802676 0.780821 6.022289 1.000000 1.000000 -1
27
-0.905398 0.000000 0.424563
0.000000 0.000000 1.000000
1.000000 0.000000 0.000000
0.000000 0.000000 -1.000000
0.000000 1.000000 0.000000
0.000000 -1.000000 0.000000
0.914417 0.000000 -0.404774
0.691666 0.000000 0.722218
-0.656061 0.000000 0.754708
-0.703738 0.000000 -0.710460
0.008155 0.000000 0.999967
1.000000 0.000000 -0.001003
0.652252 0.000000 -0.758002
-0.998928 0.000000 -0.046291
-0.007786 0.000000 -0.999970
0.905399 0.000000 0.424561
0.000001 0.000000 1.000000
-1.000000 0.000000 0.000000
-0.914417 0.000000 -0.404774
-0.691667 0.000000 0.722217
0.656061 0.000000 0.754708
0.703739 0.000000 -0.710459
0.011394 0.000000 0.999935
-1.000000 0.000000 -0.000132
-0.652250 0.000000 -0.758004
1.000000 0.000000 0.000161
-0.011857 0.000000 -0.999930
76
0 0 1 2 0 0 0 1
0 1 3 2 0 0 0 1
0 4 5 6 1 1 1 2
0 5 7 6 1 1 1 2
0 8 9 10 2 2 2 1
0 9 11 10 2 2 2 1
0 12 13 14 3 3 3 2
0 13 15 14 3 3 3 2
0 12 16 6 4 4 4 3
0 16 17 6 4 4 4 3
0 18 13 19 5 5 5 3
0 13 7 19 5 5 5 3
0 20 21 22 6 6 6 1
0 20 23 21 6 6 6 1
0 24 25 26 7 7 7 2
0 24 27 25 7 7 7 2
0 28 29 30 8 8 8 1
0 28 31 29 8 8 8 1
0 32 33 34 9 9 9 2
0 32 35 33 9 9 9 2
0 24 36 34 4 4 4 3
0 24 37 36 4 4 4 3
0 38 33 39 5 5 5 3
0 38 27 33 5 5 5 3
0 40 41 42 10 10 10 1
0 41 43 42 10 10 10 1
0 44 45 46 11 11 11 2
0 45 47 46 11 11 11 2
0 48 49 50 12 12 12 1
0 49 51 50 12 12 12 1
0 52 53 54 13 13 13 2
0 53 55 54 13 13 13 2
0 52 56 46 4 4 4 3
0 56 57 46 4 4 4 3
0 58 53 59 5 5 5 3
0 53 47 59 5 5 5 3
0 60 61 62 14 14 14 1
0 60 63 61 14 14 14 1
0 64 65 66 15 15 15 1
0 64 67 65 15 15 15 1
0 68 69 70 16 16 16 2
0 68 71 69 16 16 16 2
0 72 73 74 17 17 17 1
0 72 75 73 17 17 17 1
0 76 77 78 3 3 3 2
0 76 79 77 3 3 3 2
0 68 80 78 4 4 4 3
0 68 81 80 4 4 4 3
0 82 77 83 5 5 5 3
0 82 71 77 5 5 5 3
0 84 85 86 18 18 18 1
0 85 87 86 18 18 18 1
0 88 89 90 19 19 19 2
0 89 91 90 19 19 19 2
0 92 93 94 20 20 20 1
0 93 95 94 20 20 20 1
0 96 97 98 21 21 21 2
0 97 99 98 21 21 21 2
0 96 100 90 4 4 4 3
0 100 101 90 4 4 4 3
0 102 97 103 5 5 5 3
0 97 91 103 5 5 5 3
0 104 105 106 22 22 22 1
0 104 107 105 22 22 22 1
0 108 109 110 23 23 23 2
0 108 111 109 23 23 23 2
0 112 113 114 24 24 24 1
0 112 115 113 24 24 24 1
0 116 117 118 25 25 25 2
0 116 119 117 25 25 25 2
0 108 120 118 4 4 4 3
0 108 121 120 4 4 4 3
0 122 117 123 5 5 5 3
0 122 111 117 5 5 5 3
0 124 125 126 26 26 26 1
0 125 127 126 26 26 26 1
"barrel" 0 4
179
0 0.701783 8.091719 0.307686 0.000000 0.000000 -1
0 1.040246 8.091717 0.216995 0.000000 0.000000 -1
0 0.701783 8.925672 -0.369238 0.000000 0.000000 -1
0 0.701784 19.114403 0.012868 0.000000 0.000000 -1
0 0.701784 17.811298 -0.369238 0.000000 0.000000 -1
0 0.510732 19.114403 -0.038325 0.000000 0.000000 -1
0 0.701783 8.091719 0.307686 0.000000 1.000000 -1
0 0.701785 4.556666 0.307686 0.000000 0.833333 -1
0 1.040247 4.556668 0.216995 0.083333 0.833333 -1
0 1.040246 8.091717 0.216995 0.083333 1.000000 -1
0 0.701784 7.283539 0.093110 0.000000 0.166667 -1
0 0.470611 7.283539 0.031167 0.083333 0.166667 -1
0 0.510732 19.114403 -0.038325 0.083333 0.000000 -1
0 1.288019 8.091720 -0.030776 0.000000 0.000000 -1
0 0.370872 19.114403 -0.178185 0.000000 0.000000 -1
0 1.288019 8.091720 -0.030776 0.166667 1.000000 -1
0 1.288018 4.556672 -0.030776 0.166667 0.833333 -1
0 0.370872 19.114403 -0.178185 0.166667 0.000000 -1
0 0.301380 7.283539 -0.138064 0.166667 0.166667 -1
0 1.378709 8.091722 -0.369238 0.000000 0.000000 -1
0 0.319679 19.114403 -0.369238 0.000000 0.000000 -1
0 1.378708 4.556673 -0.369238 0.250000 0.833333 -1
0 1.378709 8.091722 -0.369238 0.250000 1.000000 -1
0 0.239437 7.283539 -0.369237 0.250000 0.166667 -1
0 0.319679 19.114403 -0.369238 0.250000 0.000000 -1
0 1.288019 8.091720 -0.707699 0.000000 0.000000 -1
0 0.370872 19.114403 -0.560291 0.000000 0.000000 -1
0 1.288019 8.091720 -0.707699 0.333333 1.000000 -1
0 1.288018 4.556672 -0.707699 0.333333 0.833333 -1
0 0.370872 19.114403 -0.560291 0.333333 0.000000 -1
0 0.301380 7.283539 -0.600411 0.333333 0.166667 -1
0 1.040245 8.091717 -0.955472 0.000000 0.000000 -1
0 0.510732 19.114403 -0.700150 0.000000 0.000000 -1
0 1.040246 4.556668 -0.955471 0.416667 0.833333 -1
0 1.040245 8.091717 -0.955472 0.416667 1.000000 -1
0 0.470611 7.283539 -0.769643 0.416667 0.166667 -1
0 0.510732 19.114403 -0.700150 0.416667 0.000000 -1
0 0.701783 8.091719 -1.046160 0.000000 0.000000 -1
0 0.701784 19.114403 -0.751343 0.000000 0.000000 -1
0 0.701783 8.091719 -1.046160 0.500000 1.000000 -1
0 0.701785 4.556666 -1.046161 0.500000 0.833333 -1
0 0.701784 19.114403 -0.751343 0.500000 0.000000 -1
0 0.701784 7.283539 -0.831585 0.500000 0.166667 -1
0 0.363321 8.091719 -0.955471 0.000000 0.000000 -1
0 0.892837 19.114403 -0.700150 0.000000 0.000000 -1
0 0.363326 4.556666 -0.955471 0.583333 0.833333 -1
0 0.363321 8.091719 -0.955471 0.583333 1.000000 -1
0 0.932958 7.283539 -0.769643 0.583333 0.166667 -1
0 0.892837 19.114403 -0.700150 0.583333 0.000000 -1
0 0.115551 8.091715 -0.707699 0.000000 0.000000 -1
0 1.032698 19.114403 -0.560290 0.000000 0.000000 -1
0 0.115551 8.091715 -0.707699 0.666667 1.000000 -1
0 0.115551 4.556670 -0.707699 0.666667 0.833333 -1
0 1.032698 19.114403 -0.560290 0.666667 0.000000 -1
0 1.102190 7.283539 -0.600412 0.666667 0.166667 -1
0 0.024858 8.091719 -0.369238 0.000000 0.000000 -1
0 1.083890 19.114403 -0.369238 0.000000 0.000000 -1
0 0.024863 4.556668 -0.369238 0.750000 0.833333 -1
0 0.024858 8.091719 -0.369238 0.750000 1.000000 -1
0 1.164132 7.283539 -0.369238 0.750000 0.166667 -1
0 1.083890 19.114403 -0.369238 0.750000 0.000000 -1
0 0.115551 8.091715 -0.030776 0.000000 0.000000 -1
0 1.032698 19.114403 -0.178185 0.000000 0.000000 -1
0 0.115551 8.091715 -0.030776 0.833333 1.000000 -1
0 0.115551 4.556670 -0.030776 0.833333 0.833333 -1
0 1.032698 19.114403 -0.178185 0.833333 0.000000 -1
0 1.102189 7.283539 -0.138064 0.833333 0.166667 -1
0 0.363321 8.091719 0.216995 0.000000 0.000000 -1
0 0.892837 19.114403 -0.038325 0.000000 0.000000 -1
0 0.363326 4.556666 0.216995 0.916667 0.833333 -1
0 0.363321 8.091719 0.216995 0.916667 1.000000 -1
0 0.932959 7.283539 0.031167 0.916667 0.166667 -1
0 0.892837 19.114403 -0.038325 0.916667 0.000000 -1
0 0.701783 8.091719 0.307686 1.000000 1.000000 -1
0 0.701785 4.556666 0.307686 1.000000 0.833333 -1
0 0.701784 19.114403 0.012868 1.000000 0.000000 -1
0 0.701784 7.283539 0.093110 1.000000 0.166667 -1
0 1.665943 3.636442 1.152646 0.000000 0.000000 -1
0 1.471500 3.636442 1.100545 0.000000 0.000000 -1
0 1.665943 3.636442 0.763758 0.000000 0.000000 -1
0 1.665943 15.314621 1.152646 0.000000 0.000000 -1
0 1.665943 15.314621 0.763758 0.000000 0.000000 -1
0 1.471500 15.314621 1.100545 0.000000 0.000000 -1
0 1.665943 3.638700 1.152646 0.000000 0.166667 -1
0 1.471500 3.638700 1.100545 0.083333 0.166667 -1
0 1.471500 15.314621 1.100545 0.083333 0.000000 -1
0 1.329156 3.636442 0.958202 0.000000 0.000000 -1
0 1.329156 15.314621 0.958202 0.000000 0.000000 -1
0 1.329156 15.314621 0.958202 0.166667 0.000000 -1
0 1.329156 3.638700 0.958202 0.166667 0.166667 -1
0 1.277056 3.636442 0.763757 0.000000 0.000000 -1
0 1.277056 15.314621 0.763757 0.000000 0.000000 -1
0 1.277056 3.638700 0.763757 0.250000 0.166667 -1
0 1.277056 15.314621 0.763757 0.250000 0.000000 -1
0 1.329156 3.636442 0.569313 0.000000 0.000000 -1
0 1.329156 15.314621 0.569313 0.000000 0.000000 -1
0 1.329156 15.314621 0.569313 0.333333 0.000000 -1
0 1.329156 3.638700 0.569313 0.333333 0.166667 -1
0 1.471500 3.636442 0.426970 0.000000 0.000000 -1
0 1.471500 15.314621 0.426970 0.000000 0.000000 -1
0 1.471500 3.638700 0.426970 0.416667 0.166667 -1
0 1.471500 15.314621 0.426970 0.416667 0.000000 -1
0 1.665944 3.636442 0.374868 0.000000 0.000000 -1
0 1.665944 15.314621 0.374868 0.000000 0.000000 -1
0 1.665944 15.314621 0.374868 0.500000 0.000000 -1
0 1.665944 3.638700 0.374868 0.500000 0.166667 -1
0 1.860386 3.636442 0.426969 0.000000 0.000000 -1
0 1.860386 15.314621 0.426969 0.000000 0.000000 -1
0 1.860386 3.638700 0.426969 0.583333 0.166667 -1
0 1.860386 15.314621 0.426969 0.583333 0.000000 -1
0 2.002731 3.636442 0.569313 0.000000 0.000000 -1
0 2.002731 15.314621 0.569313 0.000000 0.000000 -1
0 2.002731 15.314621 0.569313 0.666667 0.000000 -1
0 2.002731 3.638700 0.569313 0.666667 0.166667 -1
0 2.054832 3.636442 0.763758 0.000000 0.000000 -1
0 2.054832 15.314621 0.763758 0.000000 0.000000 -1
0 2.054832 3.638700 0.763758 0.750000 0.166667 -1
0 2.054832 15.314621 0.763758 0.750000 0.000000 -1
0 2.002731 3.636442 0.958202 0.000000 0.000000 -1
0 2.002731 15.314621 0.958202 0.000000 0.000000 -1
0 2.002731 15.314621 0.958202 0.833333 0.000000 -1
0 2.002731 3.638700 0.958202 0.833333 0.166667 -1
0 1.860388 3.636442 1.100546 0.000000 0.000000 -1
0 1.860388 15.314621 1.100546 0.000000 0.000000 -1
0 1.860388 3.638700 1.100546 0.916667 0.166667 -1
0 1.860388 15.314621 1.100546 0.916667 0.000000 -1
0 1.665943 15.314621 1.152646 1.000000 0.000000 -1
0 1.665943 3.638700 1.152646 1.000000 0.166667 -1
0 -0.269848 3.636442 0.763758 0.000000 0.000000 -1
0 -0.075403 3.636442 1.100546 0.000000 0.000000 -1
0 -0.269847 3.636442 1.152647 0.000000 0.000000 -1
0 -0.075403 15.314621 1.100546 0.000000 0.000000 -1
0 -0.269848 15.314621 0.763758 0.000000 0.000000 -1
0 -0.269847 15.314621 1.152647 0.000000 0.000000 -1
0 -0.075403 3.638700 1.100546 0.083333 0.166667 -1
0 -0.269847 3.638700 1.152647 0.000000 0.166667 -1
0 -0.075403 15.314621 1.100546 0.083333 0.000000 -1
0 0.066940 3.636442 0.958202 0.000000 0.000000 -1
0 0.066940 15.314621 0.958202 0.000000 0.000000 -1
0 0.066940 15.314621 0.958202 0.166667 0.000000 -1
0 0.066940 3.638700 0.958202 0.166667 0.166667 -1
0 0.119040 3.636442 0.763757 0.000000 0.000000 -1
0 0.119040 15.314621 0.763757 0.000000 0.000000 -1
0 0.119040 3.638700 0.763757 0.250000 0.166667 -1
0 0.119040 15.314621 0.763757 0.250000 0.000000 -1
0 0.066940 3.636442 0.569313 0.000000 0.000000 -1
0 0.066940 15.314621 0.569313 0.000000 0.000000 -1
0 0.066940 15.314621 0.569313 0.333333 0.000000 -1
0 0.066940 3.638700 0.569313 0.333333 0.166667 -1
0 -0.075403 3.636442 0.426970 0.000000 0.000000 -1
0 -0.075403 15.314621 0.426970 0.000000 0.000000 -1
0 -0.075403 3.638700 0.426970 0.416667 0.166667 -1
0 -0.075403 15.314621 0.426970 0.416667 0.000000 -1
0 -0.269847 3.636442 0.374868 0.000000 0.000000 -1
0 -0.269847 15.314621 0.374868 0.000000 0.000000 -1
0 -0.269847 15.314621 0.374868 0.500000 0.000000 -1
0 -0.269847 3.638700 0.374868 0.500000 0.166667 -1
0 -0.464292 3.636442 0.426970 0.000000 0.000000 -1
0 -0.464292 15.314621 0.426970 0.000000 0.000000 -1
0 -0.464292 3.638700 0.426970 0.583333 0.166667 -1
0 -0.464292 15.314621 0.426970 0.583333 0.000000 -1
0 -0.606635 3.636442 0.569313 0.000000 0.000000 -1
0 -0.606635 15.314621 0.569313 0.000000 0.000000 -1
0 -0.606635 15.314621 0.569313 0.666667 0.000000 -1
0 -0.606635 3.638700 0.569313 0.666667 0.166667 -1
0 -0.658736 3.636442 0.763758 0.000000 0.000000 -1
0 -0.658736 15.314621 0.763758 0.000000 0.000000 -1
0 -0.658736 3.638700 0.763758 0.750000 0.166667 -1
0 -0.658736 15.314621 0.763758 0.750000 0.000000 -1
0 -0.606634 3.636442 0.958203 0.000000 0.000000 -1
0 -0.606634 15.314621 0.958203 0.000000 0.000000 -1
0 -0.606634 15.314621 0.958203 0.833333 0.000000 -1
0 -0.606634 3.638700 0.958203 0.833333 0.166667 -1
0 -0.464291 3.636442 1.100546 0.000000 0.000000 -1
0 -0.464291 15.314621 1.100546 0.000000 0.000000 -1
0 -0.464291 3.638700 1.100546 0.916667 0.166667 -1
0 -0.464291 15.314621 1.100546 0.916667 0.000000 -1
0 -0.269847 15.314621 1.152647 1.000000 0.000000 -1
0 -0.269847 3.638700 1.152647 1.000000 0.166667 -1
111
0.000001 0.630221 0.776416
0.388206 0.630220 0.672398
-0.000003 1.000000 -0.000000
0.000001 0.281380 -0.959596
0.000001 1.000000 0.000001
0.479800 0.281379 -0.831034
0.258820 0.000000 0.965926
0.258820 0.000000 0.965926
0.499999 0.000000 0.866026
0.499998 0.000000 0.866026
-0.258815 0.006551 0.965905
-0.258816 0.006551 0.965904
-0.499990 0.006782 0.866005
-0.499990 0.006782 0.866005
0.672392 0.630223 0.388212
0.831034 0.281379 -0.479799
0.866025 -0.000000 0.500000
0.866026 -0.000000 0.499999
-0.866005 0.006782 0.499989
-0.866005 0.006782 0.499989
0.776414 0.630223 -0.000000
0.959597 0.281379 -0.000000
1.000000 -0.000000 -0.000000
1.000000 -0.000000 -0.000000
-0.999977 0.006782 0.000000
-0.999977 0.006782 0.000000
0.672393 0.630222 -0.388211
0.831034 0.281379 0.479801
0.866025 -0.000000 -0.500000
0.866026 -0.000000 -0.500000
-0.866005 0.006782 -0.499989
-0.866006 0.006782 -0.499987
0.388204 0.630220 -0.672399
0.479798 0.281379 0.831035
0.499998 0.000000 -0.866027
0.499996 -0.000000 -0.866028
-0.499989 0.006782 -0.866005
-0.499989 0.006782 -0.866005
0.000001 0.630220 -0.776417
0.000001 0.281379 0.959597
-0.000001 0.000000 -1.000000
-0.000001 0.000000 -1.000000
-0.000001 0.006782 -0.999977
-0.000001 0.006782 -0.999977
-0.388211 0.630221 -0.672394
-0.479798 0.281379 0.831035
-0.499999 -0.000000 -0.866026
-0.500000 -0.000001 -0.866026
0.499987 0.006782 -0.866006
0.499988 0.006782 -0.866006
-0.672397 0.630218 -0.388210
-0.831034 0.281380 0.479799
-0.866025 -0.000001 -0.500001
-0.866026 0.000000 -0.500000
0.866005 0.006782 -0.499989
0.866006 0.006782 -0.499988
-0.776415 0.630221 -0.000000
-0.959596 0.281380 0.000001
-1.000000 -0.000001 -0.000000
-1.000000 -0.000001 -0.000000
0.999977 0.006782 0.000001
0.999977 0.006782 -0.000001
-0.672397 0.630219 0.388211
-0.831035 0.281380 -0.479799
-0.866025 -0.000001 0.500001
-0.866025 0.000000 0.500000
0.866006 0.006782 0.499988
0.866006 0.006782 0.499987
-0.388212 0.630221 0.672394
-0.479798 0.281380 -0.831035
-0.500000 -0.000000 0.866026
-0.500001 -0.000001 0.866025
0.499989 0.006782 0.866005
0.499988 0.006782 0.866006
-0.258821 -0.000000 0.965925
-0.258822 -0.000000 0.965925
0.258814 0.006551 0.965905
0.258813 0.006551 0.965905
0.000000 -1.000000 0.000000
0.000000 1.000000 0.000000
-0.258819 0.000000 0.965926
-0.499999 0.000000 0.866026
-0.866026 0.000000 0.499999
-0.866026 0.000000 0.499999
-1.000000 0.000000 -0.000001
-0.866026 0.000000 -0.499999
-0.500000 0.000000 -0.866025
-0.000001 0.000000 -1.000000
0.499999 0.000000 -0.866026
0.866025 0.000000 -0.500001
1.000000 0.000000 0.000001
0.866027 0.000000 0.499998
0.499998 0.000000 0.866026
0.258812 0.000000 0.965928
0.500001 0.000000 0.866025
0.258819 0.000000 0.965926
0.500001 0.000000 0.866025
0.866028 0.000000 0.499996
0.866028 0.000000 0.499996
1.000000 0.000000 -0.000001
0.866027 0.000000 -0.499998
0.866027 0.000000 -0.499998
0.500002 0.000000 -0.866024
0.000001 0.000000 -1.000000
-0.500001 0.000000 -0.866025
-0.866026 0.000000 -0.499999
-0.866026 0.000000 -0.499999
-1.000000 0.000000 0.000002
-0.866025 0.000000 0.500001
-0.500000 0.000000 0.866026
-0.258819 0.000000 0.965926
168
0 0 1 2 0 1 2 2
0 3 4 5 3 4 5 2
0 6 7 8 6 7 8 1
0 6 8 9 6 8 9 1
0 10 3 11 10 11 12 1
0 3 12 11 11 13 12 1
0 1 13 2 1 14 2 2
0 5 4 14 5 4 15 2
0 9 8 15 9 8 16 1
0 8 16 15 8 17 16 1
0 11 12 17 12 13 18 1
0 11 17 18 12 18 19 1
0 13 19 2 14 20 2 2
0 14 4 20 15 4 21 2
0 15 16 21 16 17 22 1
0 15 21 22 16 22 23 1
0 18 17 23 19 18 24 1
0 17 24 23 18 25 24 1
0 19 25 2 20 26 2 2
0 20 4 26 21 4 27 2
0 22 21 27 23 22 28 1
0 21 28 27 22 29 28 1
0 23 24 29 24 25 30 1
0 23 29 30 24 30 31 1
0 25 31 2 26 32 2 2
0 26 4 32 27 4 33 2
0 27 28 33 28 29 34 1
0 27 33 34 28 34 35 1
0 30 29 35 31 30 36 1
0 29 36 35 30 37 36 1
0 31 37 2 32 38 2 2
0 32 4 38 33 4 39 2
0 34 33 39 35 34 40 1
0 33 40 39 34 41 40 1
0 35 36 41 36 37 42 1
0 35 41 42 36 42 43 1
0 37 43 2 38 44 2 2
0 38 4 44 39 4 45 2
0 39 40 45 40 41 46 1
0 39 45 46 40 46 47 1
0 42 41 47 43 42 48 1
0 41 48 47 42 49 48 1
0 43 49 2 44 50 2 2
0 44 4 50 45 4 51 2
0 46 45 51 47 46 52 1
0 45 52 51 46 53 52 1
0 47 48 53 48 49 54 1
0 47 53 54 48 54 55 1
0 49 55 2 50 56 2 2
0 50 4 56 51 4 57 2
0 51 52 57 52 53 58 1
0 51 57 58 52 58 59 1
0 54 53 59 55 54 60 1
0 53 60 59 54 61 60 1
0 55 61 2 56 62 2 2
0 56 4 62 57 4 63 2
0 58 57 63 59 58 64 1
0 57 64 63 58 65 64 1
0 59 60 65 60 61 66 1
0 59 65 66 60 66 67 1
0 61 67 2 62 68 2 2
0 62 4 68 63 4 69 2
0 63 64 69 64 65 70 1
0 63 69 70 64 70 71 1
0 66 65 71 67 66 72 1
0 65 72 71 66 73 72 1
0 67 0 2 68 0 2 2
0 68 4 3 69 4 3 2
0 70 69 73 71 70 74 1
0 69 74 73 70 75 74 1
0 71 72 75 72 73 76 1
0 71 75 76 72 76 77 1
0 77 78 79 78 78 78 2
0 80 81 82 79 79 79 2
0 83 80 84 80 80 81 1
0 80 85 84 80 81 81 1
0 78 86 79 78 78 78 2
0 82 81 87 79 79 79 2
0 84 85 88 81 81 82 1
0 84 88 89 81 82 83 1
0 86 90 79 78 78 78 2
0 87 81 91 79 79 79 2
0 89 88 92 83 82 84 1
0 88 93 92 82 84 84 1
0 90 94 79 78 78 78 2
0 91 81 95 79 79 79 2
0 92 93 96 84 84 85 1
0 92 96 97 84 85 85 1
0 94 98 79 78 78 78 2
0 95 81 99 79 79 79 2
0 97 96 100 85 85 86 1
0 96 101 100 85 86 86 1
0 98 102 79 78 78 78 2
0 99 81 103 79 79 79 2
0 100 101 104 86 86 87 1
0 100 104 105 86 87 87 1
0 102 106 79 78 78 78 2
0 103 81 107 79 79 79 2
0 105 104 108 87 87 88 1
0 104 109 108 87 88 88 1
0 106 110 79 78 78 78 2
0 107 81 111 79 79 79 2
0 108 109 112 88 88 89 1
0 108 112 113 88 89 89 1
0 110 114 79 78 78 78 2
0 111 81 115 79 79 79 2
0 113 112 116 89 89 90 1
0 112 117 116 89 90 90 1
0 114 118 79 78 78 78 2
0 115 81 119 79 79 79 2
0 116 117 120 90 90 91 1
0 116 120 121 90 91 91 1
0 118 122 79 78 78 78 2
0 119 81 123 79 79 79 2
0 121 120 124 91 91 92 1
0 120 125 124 91 92 92 1
0 122 77 79 78 78 78 2
0 123 81 80 79 79 79 2
0 124 125 126 92 92 93 1
0 124 126 127 92 93 93 1
0 128 129 130 78 78 78 2
0 131 132 133 79 79 79 2
0 134 133 135 94 95 95 1
0 134 136 133 94 96 95 1
0 128 137 129 78 78 78 2
0 138 132 131 79 79 79 2
0 139 136 134 97 96 94 1
0 140 139 134 98 97 94 1
0 128 141 137 78 78 78 2
0 142 132 138 79 79 79 2
0 143 139 140 99 97 98 1
0 143 144 139 99 99 97 1
0 128 145 141 78 78 78 2
0 146 132 142 79 79 79 2
0 147 144 143 100 99 99 1
0 148 147 143 101 100 99 1
0 128 149 145 78 78 78 2
0 150 132 146 79 79 79 2
0 151 147 148 102 100 101 1
0 151 152 147 102 102 100 1
0 128 153 149 78 78 78 2
0 154 132 150 79 79 79 2
0 155 152 151 103 102 102 1
0 156 155 151 103 103 102 1
0 128 157 153 78 78 78 2
0 158 132 154 79 79 79 2
0 159 155 156 104 103 103 1
0 159 160 155 104 104 103 1
0 128 161 157 78 78 78 2
0 162 132 158 79 79 79 2
0 163 160 159 105 104 104 1
0 164 163 159 106 105 104 1
0 128 165 161 78 78 78 2
0 166 132 162 79 79 79 2
0 167 163 164 107 105 106 1
0 167 168 163 107 107 105 1
0 128 169 165 78 78 78 2
0 170 132 166 79 79 79 2
0 171 168 167 108 107 107 1
0 172 171 167 108 108 107 1
0 128 173 169 78 78 78 2
0 174 132 170 79 79 79 2
0 175 171 172 109 108 108 1
0 175 176 171 109 109 108 1
0 128 130 173 78 78 78 2
0 133 132 174 79 79 79 2
0 177 176 175 110 109 109 1
0 178 177 175 110 110 109 1
"box" 0 1
151
0 0.167247 -1.648205 -1.800480 0.000000 0.000000 -1
0 0.167247 -2.519639 -1.800480 0.000000 1.000000 -1
0 0.167247 -1.587457 -1.457343 1.000000 0.000000 -1
0 0.167247 -2.739266 -1.457343 1.000000 1.000000 -1
0 0.167247 -1.587457 -1.457343 0.000000 0.000000 -1
0 0.167247 -2.739266 -1.457343 0.000000 1.000000 -1
0 1.186100 -1.587457 -1.457342 1.000000 0.000000 -1
0 1.186100 -2.739266 -1.457342 1.000000 1.000000 -1
0 1.186100 -1.587457 -1.457342 0.000000 0.000000 -1
0 1.186100 -2.739266 -1.457342 0.000000 1.000000 -1
0 1.186102 -1.648205 -1.800479 1.000000 0.000000 -1
0 1.186102 -2.519639 -1.800479 1.000000 1.000000 -1
0 1.186102 -1.648205 -1.800479 0.000000 0.000000 -1
0 1.186102 -2.519639 -1.800479 0.000000 1.000000 -1
0 0.167247 -1.648205 -1.800480 1.000000 0.000000 -1
0 0.167247 -2.519639 -1.800480 1.000000 1.000000 -1
0 0.167247 -1.648205 -1.800480 0.000000 1.000000 -1
0 0.167247 -1.587457 -1.457343 1.000000 1.000000 -1
0 0.167247 -2.519639 -1.800480 0.000000 0.000000 -1
0 0.167247 -2.739266 -1.457343 1.000000 0.000000 -1
0 0.166363 -1.649121 -2.129041 0.000000 0.000000 -1
0 0.166363 -2.714987 -2.129041 0.000000 1.000000 -1
0 0.166364 -1.588374 -1.444587 1.000000 0.000000 -1
0 0.166364 -2.934615 -1.444587 1.000000 1.000000 -1
0 0.166364 -1.588374 -1.444587 0.000000 0.000000 -1
0 0.166364 -2.934615 -1.444587 0.000000 1.000000 -1
0 0.405208 -1.588374 -1.444585 1.000000 0.000000 -1
0 0.405208 -2.934615 -1.444585 1.000000 1.000000 -1
0 0.405208 -1.588374 -1.444585 0.000000 0.000000 -1
0 0.405208 -2.934615 -1.444585 0.000000 1.000000 -1
0 0.405208 -1.649121 -2.129042 1.000000 0.000000 -1
0 0.405208 -2.714987 -2.129042 1.000000 1.000000 -1
0 0.405208 -1.649121 -2.129042 0.000000 0.000000 -1
0 0.405208 -2.714987 -2.129042 0.000000 1.000000 -1
0 0.166363 -1.649121 -2.129041 1.000000 0.000000 -1
0 0.166363 -2.714987 -2.129041 1.000000 1.000000 -1
0 0.166363 -1.649121 -2.129041 0.000000 1.000000 -1
0 0.166364 -1.588374 -1.444587 1.000000 1.000000 -1
0 0.166363 -2.714987 -2.129041 0.000000 0.000000 -1
0 0.166364 -2.934615 -1.444587 1.000000 0.000000 -1
0 0.951410 -1.649121 -2.129040 0.000000 0.000000 -1
0 0.951410 -2.714987 -2.129040 0.000000 1.000000 -1
0 0.951410 -1.588374 -1.444587 1.000000 0.000000 -1
0 0.951410 -2.934615 -1.444587 1.000000 1.000000 -1
0 0.951410 -1.588374 -1.444587 0.000000 0.000000 -1
0 0.951410 -2.934615 -1.444587 0.000000 1.000000 -1
0 1.190254 -1.588374 -1.444586 1.000000 0.000000 -1
0 1.190254 -2.934615 -1.444586 1.000000 1.000000 -1
0 1.190254 -1.588374 -1.444586 0.000000 0.000000 -1
0 1.190254 -2.934615 -1.444586 0.000000 1.000000 -1
0 1.190255 -1.649121 -2.129040 1.000000 0.000000 -1
0 1.190255 -2.714987 -2.129040 1.000000 1.000000 -1
0 1.190255 -1.649121 -2.129040 0.000000 0.000000 -1
0 1.190255 -2.714987 -2.129040 0.000000 1.000000 -1
0 0.951410 -1.649121 -2.129040 1.000000 0.000000 -1
0 0.951410 -2.714987 -2.129040 1.000000 1.000000 -1
0 0.951410 -1.649121 -2.129040 0.000000 1.000000 -1
0 0.951410 -1.588374 -1.444587 1.000000 1.000000 -1
0 0.951410 -2.714987 -2.129040 0.000000 0.000000 -1
0 0.951410 -2.934615 -1.444587 1.000000 0.000000 -1
0 -0.097296 5.055634 -1.443356 0.000000 0.000000 -1
0 -0.097296 -3.345177 -1.443356 0.000000 1.000000 -1
0 -0.097296 5.055634 1.738145 1.000000 0.000000 -1
0 -0.097296 -3.345177 1.738145 1.000000 1.000000 -1
0 -0.097296 5.055634 1.738145 0.000000 0.000000 -1
0 -0.097296 -3.345177 1.738145 0.000000 1.000000 -1
0 1.489371 5.055634 1.738144 1.000000 0.000000 -1
0 1.489371 -3.345177 1.738144 1.000000 1.000000 -1
0 1.489371 5.055634 1.738144 0.000000 0.000000 -1
0 1.489371 -3.345177 1.738144 0.000000 1.000000 -1
0 1.489371 5.055634 -1.443357 1.000000 0.000000 -1
0 1.489371 -3.345177 -1.443357 1.000000 1.000000 -1
0 1.489371 5.055634 -1.443357 0.000000 0.000000 -1
0 1.489371 -3.345177 -1.443357 0.000000 1.000000 -1
0 -0.097296 5.055634 -1.443356 1.000000 0.000000 -1
0 -0.097296 -3.345177 -1.443356 1.000000 1.000000 -1
0 -0.097296 5.055634 -1.443356 0.000000 1.000000 -1
0 -0.097296 5.055634 1.738145 1.000000 1.000000 -1
0 -0.097296 -3.345177 -1.443356 0.000000 0.000000 -1
0 -0.097296 -3.345177 1.738145 1.000000 0.000000 -1
0 -0.674293 6.091093 -0.643134 0.000000 0.000000 -1
0 -0.674293 3.639157 -0.908611 0.000000 1.000000 -1
0 -0.674293 6.091093 0.765316 1.000000 0.000000 -1
0 -0.674293 3.639157 0.765316 1.000000 1.000000 -1
0 -0.674293 6.091093 0.765316 0.000000 0.000000 -1
0 -0.674293 3.639157 0.765316 0.000000 1.000000 -1
0 2.070388 6.091093 0.765315 1.000000 0.000000 -1
0 2.070388 3.639157 0.765315 1.000000 1.000000 -1
0 2.070388 6.091093 0.765315 0.000000 0.000000 -1
0 2.070388 3.639157 0.765315 0.000000 1.000000 -1
0 2.070389 6.091093 -0.643135 1.000000 0.000000 -1
0 2.070389 3.639157 -0.908611 1.000000 1.000000 -1
0 2.070389 6.091093 -0.643135 0.000000 0.000000 -1
0 2.070389 3.639157 -0.908611 0.000000 1.000000 -1
0 -0.674293 6.091093 -0.643134 1.000000 0.000000 -1
0 -0.674293 3.639157 -0.908611 1.000000 1.000000 -1
0 -0.674293 6.091093 -0.643134 0.000000 1.000000 -1
0 -0.674293 6.091093 0.765316 1.000000 1.000000 -1
0 -0.674293 3.639157 -0.908611 0.000000 0.000000 -1
0 -0.674293 3.639157 0.765316 1.000000 0.000000 -1
0 -0.092381 -0.696613 -0.121922 0.000000 0.000000 -1
0 -0.092383 -0.818835 -0.154672 0.000000 0.000000 -1
0 -0.092381 -0.696613 -0.366367 0.000000 0.000000 -1
0 -0.092382 -0.908308 -0.244145 0.000000 0.000000 -1
0 -0.092384 -0.941057 -0.366367 0.000000 0.000000 -1
0 -0.092382 -0.908308 -0.488589 0.000000 0.000000 -1
0 -0.092382 -0.818835 -0.578063 0.000000 0.000000 -1
0 -0.092381 -0.696613 -0.610812 0.000000 0.000000 -1
0 -0.092383 -0.574391 -0.578062 0.000000 0.000000 -1
0 -0.092382 -0.484917 -0.488590 0.000000 0.000000 -1
0 -0.092384 -0.452168 -0.366367 0.000000 0.000000 -1
0 -0.092382 -0.484917 -0.244145 0.000000 0.000000 -1
0 -0.092383 -0.574391 -0.154672 0.000000 0.000000 -1
0 -1.742769 -0.696612 -0.121922 0.000000 0.000000 -1
0 -1.742771 -0.696612 -0.366367 0.000000 0.000000 -1
0 -1.742770 -0.818835 -0.154672 0.000000 0.000000 -1
0 -0.092048 -0.696613 -0.121923 0.000000 0.166667 -1
0 -0.092047 -0.818836 -0.154672 0.083333 0.166667 -1
0 -1.742770 -0.818835 -0.154672 0.083333 0.000000 -1
0 -1.742771 -0.908308 -0.244145 0.000000 0.000000 -1
0 -1.742771 -0.908308 -0.244145 0.166667 0.000000 -1
0 -0.092045 -0.908308 -0.244145 0.166667 0.166667 -1
0 -1.742772 -0.941057 -0.366367 0.000000 0.000000 -1
0 -0.092047 -0.941057 -0.366368 0.250000 0.166667 -1
0 -1.742772 -0.941057 -0.366367 0.250000 0.000000 -1
0 -1.742768 -0.908308 -0.488589 0.000000 0.000000 -1
0 -1.742768 -0.908308 -0.488589 0.333333 0.000000 -1
0 -0.092046 -0.908308 -0.488589 0.333333 0.166667 -1
0 -1.742770 -0.818835 -0.578063 0.000000 0.000000 -1
0 -0.092047 -0.818836 -0.578063 0.416667 0.166667 -1
0 -1.742770 -0.818835 -0.578063 0.416667 0.000000 -1
0 -1.742769 -0.696612 -0.610811 0.000000 0.000000 -1
0 -1.742769 -0.696612 -0.610811 0.500000 0.000000 -1
0 -0.092048 -0.696613 -0.610812 0.500000 0.166667 -1
0 -1.742771 -0.574389 -0.578063 0.000000 0.000000 -1
0 -0.092048 -0.574389 -0.578063 0.583333 0.166667 -1
0 -1.742771 -0.574389 -0.578063 0.583333 0.000000 -1
0 -1.742768 -0.484917 -0.488589 0.000000 0.000000 -1
0 -1.742768 -0.484917 -0.488589 0.666667 0.000000 -1
0 -0.092048 -0.484918 -0.488590 0.666667 0.166667 -1
0 -1.742772 -0.452168 -0.366367 0.000000 0.000000 -1
0 -0.092046 -0.452165 -0.366367 0.750000 0.166667 -1
0 -1.742772 -0.452168 -0.366367 0.750000 0.000000 -1
0 -1.742771 -0.484917 -0.244145 0.000000 0.000000 -1
0 -1.742771 -0.484917 -0.244145 0.833333 0.000000 -1
0 -0.092047 -0.484918 -0.244145 0.833333 0.166667 -1
0 -1.742771 -0.574389 -0.154672 0.000000 0.000000 -1
0 -0.092048 -0.574389 -0.154672 0.916667 0.166667 -1
0 -1.742771 -0.574389 -0.154672 0.916667 0.000000 -1
0 -1.742769 -0.696612 -0.121922 1.000000 0.000000 -1
0 -0.092048 -0.696613 -0.121923 1.000000 0.166667 -1
95
-1.000000 0.000000 0.000000
-0.000001 0.000000 1.000000
1.000000 0.000000 0.000006
1.000000 0.000000 0.000006
0.000001 0.000000 -1.000000
0.000000 0.984688 -0.174327
0.000000 0.984688 -0.174327
0.000000 0.984688 -0.174327
0.000001 -0.842250 -0.539087
0.000001 -0.842250 -0.539087
0.000001 -0.842250 -0.539087
-1.000000 0.000000 0.000001
-1.000000 0.000000 0.000001
-1.000000 0.000000 0.000001
-0.000008 0.000000 1.000000
1.000000 0.000000 0.000000
-0.000004 0.000000 -1.000000
-0.000000 0.996085 -0.088405
0.000000 0.996085 -0.088405
0.000001 0.996085 -0.088405
-0.000001 -0.952181 -0.305536
0.000001 -0.952181 -0.305535
0.000003 -0.952181 -0.305535
-0.000004 0.000000 1.000000
1.000000 0.000000 0.000002
1.000000 0.000000 0.000002
0.000000 0.000000 -1.000000
0.000000 0.996085 -0.088405
0.000000 0.996085 -0.088405
0.000000 0.996085 -0.088405
0.000000 -0.952180 -0.305536
0.000001 -0.952180 -0.305536
0.000001 -0.952181 -0.305536
0.000001 0.000000 1.000000
-0.000001 0.000000 -1.000000
0.000000 1.000000 0.000000
0.000000 -1.000000 0.000000
0.000000 0.000000 1.000000
1.000000 0.000000 0.000001
1.000000 -0.000000 0.000001
1.000000 -0.000000 0.000001
-0.000000 0.107643 -0.994190
-0.000000 0.107643 -0.994190
0.000000 0.107643 -0.994190
1.000000 -0.000008 0.000005
1.000000 0.000000 0.000001
1.000000 -0.000006 -0.000002
1.000000 -0.000012 0.000000
1.000000 -0.000008 0.000005
1.000000 -0.000006 -0.000001
1.000000 0.000004 0.000000
1.000000 0.000008 -0.000005
1.000000 0.000006 0.000002
1.000000 0.000012 -0.000000
1.000000 0.000006 -0.000002
1.000000 0.000008 0.000005
-1.000000 -0.000004 0.000008
-1.000000 -0.000001 -0.000002
-1.000000 0.000005 0.000008
0.000000 -0.258815 0.965927
0.000000 -0.258819 0.965926
-0.000000 -0.500001 0.866025
-0.000000 -0.500001 0.866025
-1.000000 0.000004 0.000007
-0.000000 -0.866027 0.499997
0.000000 -0.866028 0.499996
-1.000000 0.000004 -0.000012
-0.000000 -1.000000 -0.000001
-0.000000 -1.000000 -0.000000
-1.000000 -0.000006 -0.000013
-0.000000 -0.866028 -0.499996
0.000000 -0.866028 -0.499995
-1.000000 -0.000006 -0.000002
-0.000000 -0.500000 -0.866025
-0.000000 -0.499997 -0.866027
-1.000000 -0.000004 -0.000008
-0.000000 -0.000001 -1.000000
-0.000001 -0.000001 -1.000000
-1.000000 0.000003 0.000002
-0.000000 0.500001 -0.866025
0.000000 0.500000 -0.866026
-1.000000 0.000009 -0.000009
-0.000000 0.866025 -0.500000
0.000000 0.866022 -0.500006
-1.000000 -0.000004 -0.000012
-0.000001 1.000000 0.000000
-0.000002 1.000000 -0.000000
-1.000000 -0.000002 0.000003
-0.000000 0.866024 0.500002
0.000001 0.866021 0.500007
-1.000000 -0.000007 0.000004
0.000000 0.500003 0.866024
0.000000 0.500004 0.866023
0.000000 0.258818 0.965926
0.000001 0.258813 0.965927
108
0 0 1 2 0 0 0 1
0 1 3 2 0 0 0 1
0 4 5 6 1 1 1 2
0 5 7 6 1 1 1 2
0 8 9 10 2 2 2 1
0 9 11 10 2 3 2 1
0 12 13 14 4 4 4 2
0 13 15 14 4 4 4 2
0 12 16 6 5 6 6 3
0 16 17 6 6 7 6 3
0 18 13 19 8 9 9 3
0 13 7 19 9 10 9 3
0 20 21 22 11 12 12 1
0 21 23 22 12 13 12 1
0 24 25 26 14 14 14 2
0 25 27 26 14 14 14 2
0 28 29 30 15 15 15 1
0 29 31 30 15 15 15 1
0 32 33 34 16 16 16 2
0 33 35 34 16 16 16 2
0 32 36 26 17 18 18 3
0 36 37 26 18 19 18 3
0 38 33 39 20 21 21 3
0 33 27 39 21 22 21 3
0 40 41 42 0 0 0 1
0 41 43 42 0 0 0 1
0 44 45 46 23 23 23 2
0 45 47 46 23 23 23 2
0 48 49 50 24 24 24 1
0 49 51 50 24 25 24 1
0 52 53 54 26 26 26 2
0 53 55 54 26 26 26 2
0 52 56 46 27 28 28 3
0 56 57 46 28 29 28 3
0 58 53 59 30 31 31 3
0 53 47 59 31 32 31 3
0 60 61 62 0 0 0 1
0 61 63 62 0 0 0 1
0 64 65 66 33 33 33 2
0 65 67 66 33 33 33 2
0 68 69 70 15 15 15 1
0 69 71 70 15 15 15 1
0 72 73 74 34 34 34 2
0 73 75 74 34 34 34 2
0 72 76 66 35 35 35 3
0 76 77 66 35 35 35 3
0 78 73 79 36 36 36 3
0 73 67 79 36 36 36 3
0 80 81 82 0 0 0 1
0 81 83 82 0 0 0 1
0 84 85 86 37 37 37 2
0 85 87 86 37 37 37 2
0 88 89 90 38 39 39 1
0 89 91 90 39 40 39 1
0 92 93 94 41 42 42 2
0 93 95 94 42 43 42 2
0 92 96 86 35 35 35 3
0 96 97 86 35 35 35 3
0 98 93 99 36 36 36 3
0 93 87 99 36 36 36 3
0 100 101 102 15 44 45 2
0 101 103 102 44 46 45 2
0 103 104 102 46 47 45 2
0 104 105 102 47 48 45 2
0 105 106 102 48 49 45 2
0 106 107 102 49 50 45 2
0 107 108 102 50 51 45 2
0 108 109 102 51 52 45 2
0 109 110 102 52 53 45 2
0 110 111 102 53 54 45 2
0 111 112 102 54 55 45 2
0 112 100 102 55 15 45 2
0 113 114 115 56 57 58 2
0 116 113 117 59 60 61 1
0 113 118 117 60 62 61 1
0 115 114 119 58 57 63 2
0 117 118 120 61 62 64 1
0 117 120 121 61 64 65 1
0 119 114 122 63 57 66 2
0 121 120 123 65 64 67 1
0 120 124 123 64 68 67 1
0 122 114 125 66 57 69 2
0 123 124 126 67 68 70 1
0 123 126 127 67 70 71 1
0 125 114 128 69 57 72 2
0 127 126 129 71 70 73 1
0 126 130 129 70 74 73 1
0 128 114 131 72 57 75 2
0 129 130 132 73 74 76 1
0 129 132 133 73 76 77 1
0 131 114 134 75 57 78 2
0 133 132 135 77 76 79 1
0 132 136 135 76 80 79 1
0 134 114 137 78 57 81 2
0 135 136 138 79 80 82 1
0 135 138 139 79 82 83 1
0 137 114 140 81 57 84 2
0 139 138 141 83 82 85 1
0 138 142 141 82 86 85 1
0 140 114 143 84 57 87 2
0 141 142 144 85 86 88 1
0 141 144 145 85 88 89 1
0 143 114 146 87 57 90 2
0 145 144 147 89 88 91 1
0 144 148 147 88 92 91 1
0 146 114 113 90 57 56 2
0 147 148 149 91 92 93 1
0 147 149 150 91 93 94 1
"black" 0 0
339
0 -0.690772 -3.925448 1.850372 0.000000 0.000000 -1
0 -0.796541 -3.953786 1.850373 0.000000 0.000000 -1
0 -0.690772 -4.136985 1.850372 0.000000 0.000000 -1
0 -0.690772 -3.925446 -1.572709 0.000000 0.000000 -1
0 -0.690772 -4.136985 -1.572710 0.000000 0.000000 -1
0 -0.796542 -3.953786 -1.572709 0.000000 0.000000 -1
0 -0.690773 -3.925447 1.850272 0.000000 0.166667 -1
0 -0.796540 -3.953786 1.850271 0.083333 0.166667 -1
0 -0.796542 -3.953786 -1.572709 0.083333 0.000000 -1
0 -0.873970 -4.031217 1.850374 0.000000 0.000000 -1
0 -0.873970 -4.031215 -1.572711 0.000000 0.000000 -1
0 -0.873970 -4.031215 -1.572711 0.166667 0.000000 -1
0 -0.873969 -4.031217 1.850271 0.166667 0.166667 -1
0 -0.902311 -4.136985 1.850372 0.000000 0.000000 -1
0 -0.902310 -4.136985 -1.572711 0.000000 0.000000 -1
0 -0.902311 -4.136985 1.850271 0.250000 0.166667 -1
0 -0.902310 -4.136985 -1.572711 0.250000 0.000000 -1
0 -0.873971 -4.242753 1.850376 0.000000 0.000000 -1
0 -0.873970 -4.242754 -1.572711 0.000000 0.000000 -1
0 -0.873970 -4.242754 -1.572711 0.333333 0.000000 -1
0 -0.873970 -4.242755 1.850270 0.333333 0.166667 -1
0 -0.796541 -4.320184 1.850372 0.000000 0.000000 -1
0 -0.796542 -4.320183 -1.572709 0.000000 0.000000 -1
0 -0.796541 -4.320182 1.850273 0.416667 0.166667 -1
0 -0.796542 -4.320183 -1.572709 0.416667 0.000000 -1
0 -0.690772 -4.348525 1.850374 0.000000 0.000000 -1
0 -0.690772 -4.348524 -1.572708 0.000000 0.000000 -1
0 -0.690772 -4.348524 -1.572708 0.500000 0.000000 -1
0 -0.690773 -4.348526 1.850272 0.500000 0.166667 -1
0 -0.585003 -4.320184 1.850372 0.000000 0.000000 -1
0 -0.585003 -4.320183 -1.572710 0.000000 0.000000 -1
0 -0.585003 -4.320182 1.850273 0.583333 0.166667 -1
0 -0.585003 -4.320183 -1.572710 0.583333 0.000000 -1
0 -0.507574 -4.242753 1.850375 0.000000 0.000000 -1
0 -0.507574 -4.242754 -1.572711 0.000000 0.000000 -1
0 -0.507574 -4.242754 -1.572711 0.666667 0.000000 -1
0 -0.507575 -4.242755 1.850270 0.666667 0.166667 -1
0 -0.479233 -4.136985 1.850371 0.000000 0.000000 -1
0 -0.479235 -4.136985 -1.572711 0.000000 0.000000 -1
0 -0.479234 -4.136985 1.850270 0.750000 0.166667 -1
0 -0.479235 -4.136985 -1.572711 0.750000 0.000000 -1
0 -0.507574 -4.031217 1.850373 0.000000 0.000000 -1
0 -0.507574 -4.031215 -1.572711 0.000000 0.000000 -1
0 -0.507574 -4.031215 -1.572711 0.833333 0.000000 -1
0 -0.507574 -4.031217 1.850271 0.833333 0.166667 -1
0 -0.585003 -3.953786 1.850373 0.000000 0.000000 -1
0 -0.585003 -3.953786 -1.572710 0.000000 0.000000 -1
0 -0.585003 -3.953786 1.850272 0.916667 0.166667 -1
0 -0.585003 -3.953786 -1.572710 0.916667 0.000000 -1
0 -0.690772 -3.925446 -1.572709 1.000000 0.000000 -1
0 -0.690773 -3.925447 1.850272 1.000000 0.166667 -1
0 2.086869 -4.136985 1.850372 0.000000 0.000000 -1
0 2.192636 -3.953786 1.850373 0.000000 0.000000 -1
0 2.086869 -3.925448 1.850372 0.000000 0.000000 -1
0 2.192638 -3.953786 -1.572710 0.000000 0.000000 -1
0 2.086868 -4.136985 -1.572711 0.000000 0.000000 -1
0 2.086868 -3.925446 -1.572711 0.000000 0.000000 -1
0 2.192638 -3.953786 1.850271 0.083333 0.166667 -1
0 2.086867 -3.925447 1.850269 0.000000 0.166667 -1
0 2.192638 -3.953786 -1.572710 0.083333 0.000000 -1
0 2.270066 -4.031217 1.850374 0.000000 0.000000 -1
0 2.270066 -4.031215 -1.572712 0.000000 0.000000 -1
0 2.270066 -4.031215 -1.572712 0.166667 0.000000 -1
0 2.270066 -4.031217 1.850272 0.166667 0.166667 -1
0 2.298407 -4.136985 1.850371 0.000000 0.000000 -1
0 2.298405 -4.136985 -1.572710 0.000000 0.000000 -1
0 2.298408 -4.136985 1.850271 0.250000 0.166667 -1
0 2.298405 -4.136985 -1.572710 0.250000 0.000000 -1
0 2.270068 -4.242753 1.850376 0.000000 0.000000 -1
0 2.270066 -4.242754 -1.572712 0.000000 0.000000 -1
0 2.270066 -4.242754 -1.572712 0.333333 0.000000 -1
0 2.270066 -4.242755 1.850270 0.333333 0.166667 -1
0 2.192637 -4.320184 1.850373 0.000000 0.000000 -1
0 2.192638 -4.320183 -1.572710 0.000000 0.000000 -1
0 2.192638 -4.320182 1.850272 0.416667 0.166667 -1
0 2.192638 -4.320183 -1.572710 0.416667 0.000000 -1
0 2.086869 -4.348525 1.850373 0.000000 0.000000 -1
0 2.086868 -4.348524 -1.572709 0.000000 0.000000 -1
0 2.086868 -4.348524 -1.572709 0.500000 0.000000 -1
0 2.086867 -4.348526 1.850269 0.500000 0.166667 -1
0 1.981101 -4.320184 1.850372 0.000000 0.000000 -1
0 1.981099 -4.320183 -1.572710 0.000000 0.000000 -1
0 1.981099 -4.320182 1.850271 0.583333 0.166667 -1
0 1.981099 -4.320183 -1.572710 0.583333 0.000000 -1
0 1.903671 -4.242753 1.850376 0.000000 0.000000 -1
0 1.903670 -4.242754 -1.572710 0.000000 0.000000 -1
0 1.903670 -4.242754 -1.572710 0.666667 0.000000 -1
0 1.903671 -4.242755 1.850271 0.666667 0.166667 -1
0 1.875330 -4.136985 1.850372 0.000000 0.000000 -1
0 1.875331 -4.136985 -1.572711 0.000000 0.000000 -1
0 1.875331 -4.136985 1.850272 0.750000 0.166667 -1
0 1.875331 -4.136985 -1.572711 0.750000 0.000000 -1
0 1.903671 -4.031217 1.850374 0.000000 0.000000 -1
0 1.903670 -4.031215 -1.572710 0.000000 0.000000 -1
0 1.903670 -4.031215 -1.572710 0.833333 0.000000 -1
0 1.903671 -4.031217 1.850272 0.833333 0.166667 -1
0 1.981101 -3.953786 1.850374 0.000000 0.000000 -1
0 1.981099 -3.953786 -1.572710 0.000000 0.000000 -1
0 1.981099 -3.953786 1.850269 0.916667 0.166667 -1
0 1.981099 -3.953786 -1.572710 0.916667 0.000000 -1
0 2.086868 -3.925446 -1.572711 1.000000 0.000000 -1
0 2.086867 -3.925447 1.850269 1.000000 0.166667 -1
0 1.435446 -3.092121 -1.448937 0.000000 0.000000 -1
0 1.240991 -3.275661 -1.448937 0.000000 1.000000 -1
0 1.435446 -3.092121 -0.978938 1.000000 0.000000 -1
0 1.240991 -3.275661 -0.978936 1.000000 1.000000 -1
0 1.435446 -3.092121 -0.978938 0.000000 0.000000 -1
0 1.240991 -3.275661 -0.978936 0.000000 1.000000 -1
0 2.174865 -4.064124 -0.978937 1.000000 0.000000 -1
0 1.980409 -4.247663 -0.978936 1.000000 1.000000 -1
0 2.174865 -4.064124 -0.978937 0.000000 0.000000 -1
0 1.980409 -4.247663 -0.978936 0.000000 1.000000 -1
0 2.174864 -4.064124 -1.448937 1.000000 0.000000 -1
0 1.980410 -4.247663 -1.448936 1.000000 1.000000 -1
0 2.174864 -4.064124 -1.448937 0.000000 0.000000 -1
0 1.980410 -4.247663 -1.448936 0.000000 1.000000 -1
0 1.435446 -3.092121 -1.448937 1.000000 0.000000 -1
0 1.240991 -3.275661 -1.448937 1.000000 1.000000 -1
0 1.435446 -3.092121 -1.448937 0.000000 1.000000 -1
0 1.435446 -3.092121 -0.978938 1.000000 1.000000 -1
0 1.240991 -3.275661 -1.448937 0.000000 0.000000 -1
0 1.240991 -3.275661 -0.978936 1.000000 0.000000 -1
0 -0.039349 -3.092121 -0.978936 1.000000 0.000000 -1
0 0.155106 -3.275661 -1.448937 0.000000 1.000000 -1
0 -0.039350 -3.092121 -1.448937 0.000000 0.000000 -1
0 0.155105 -3.275661 -0.978937 1.000000 1.000000 -1
0 -0.778769 -4.064124 -0.978937 1.000000 0.000000 -1
0 0.155105 -3.275661 -0.978937 0.000000 1.000000 -1
0 -0.039349 -3.092121 -0.978936 0.000000 0.000000 -1
0 -0.584314 -4.247663 -0.978937 1.000000 1.000000 -1
0 -0.778768 -4.064124 -1.448938 1.000000 0.000000 -1
0 -0.584314 -4.247663 -0.978937 0.000000 1.000000 -1
0 -0.778769 -4.064124 -0.978937 0.000000 0.000000 -1
0 -0.584314 -4.247663 -1.448938 1.000000 1.000000 -1
0 -0.039350 -3.092121 -1.448937 1.000000 0.000000 -1
0 -0.584314 -4.247663 -1.448938 0.000000 1.000000 -1
0 -0.778768 -4.064124 -1.448938 0.000000 0.000000 -1
0 0.155106 -3.275661 -1.448937 1.000000 1.000000 -1
0 -0.039350 -3.092121 -1.448937 0.000000 1.000000 -1
0 -0.039349 -3.092121 -0.978936 1.000000 1.000000 -1
0 0.155105 -3.275661 -0.978937 1.000000 0.000000 -1
0 0.155106 -3.275661 -1.448937 0.000000 0.000000 -1
0 1.435445 -3.110302 1.260154 0.000000 0.000000 -1
0 1.240991 -3.293842 1.260155 0.000000 1.000000 -1
0 1.435445 -3.110302 1.730154 1.000000 0.000000 -1
0 1.240991 -3.293842 1.730154 1.000000 1.000000 -1
0 1.435445 -3.110302 1.730154 0.000000 0.000000 -1
0 1.240991 -3.293842 1.730154 0.000000 1.000000 -1
0 2.174865 -4.082305 1.730155 1.000000 0.000000 -1
0 1.980410 -4.265846 1.730155 1.000000 1.000000 -1
0 2.174865 -4.082305 1.730155 0.000000 0.000000 -1
0 1.980410 -4.265846 1.730155 0.000000 1.000000 -1
0 2.174865 -4.082305 1.260154 1.000000 0.000000 -1
0 1.980409 -4.265846 1.260154 1.000000 1.000000 -1
0 2.174865 -4.082305 1.260154 0.000000 0.000000 -1
0 1.980409 -4.265846 1.260154 0.000000 1.000000 -1
0 1.435445 -3.110302 1.260154 1.000000 0.000000 -1
0 1.240991 -3.293842 1.260155 1.000000 1.000000 -1
0 1.435445 -3.110302 1.260154 0.000000 1.000000 -1
0 1.435445 -3.110302 1.730154 1.000000 1.000000 -1
0 1.240991 -3.293842 1.260155 0.000000 0.000000 -1
0 1.240991 -3.293842 1.730154 1.000000 0.000000 -1
0 -0.039349 -3.110302 1.730155 1.000000 0.000000 -1
0 0.155106 -3.293842 1.260155 0.000000 1.000000 -1
0 -0.039349 -3.110302 1.260155 0.000000 0.000000 -1
0 0.155106 -3.293842 1.730155 1.000000 1.000000 -1
0 -0.778768 -4.082305 1.730156 1.000000 0.000000 -1
0 0.155106 -3.293842 1.730155 0.000000 1.000000 -1
0 -0.039349 -3.110302 1.730155 0.000000 0.000000 -1
0 -0.584314 -4.265846 1.730156 1.000000 1.000000 -1
0 -0.778768 -4.082305 1.260155 1.000000 0.000000 -1
0 -0.584314 -4.265846 1.730156 0.000000 1.000000 -1
0 -0.778768 -4.082305 1.730156 0.000000 0.000000 -1
0 -0.584314 -4.265846 1.260154 1.000000 1.000000 -1
0 -0.039349 -3.110302 1.260155 1.000000 0.000000 -1
0 -0.584314 -4.265846 1.260154 0.000000 1.000000 -1
0 -0.778768 -4.082305 1.260155 0.000000 0.000000 -1
0 0.155106 -3.293842 1.260155 1.000000 1.000000 -1
0 -0.039349 -3.110302 1.260155 0.000000 1.000000 -1
0 -0.039349 -3.110302 1.730155 1.000000 1.000000 -1
0 0.155106 -3.293842 1.730155 1.000000 0.000000 -1
0 0.155106 -3.293842 1.260155 0.000000 0.000000 -1
0 -0.218491 3.233540 -0.610639 0.000000 0.000000 -1
0 -0.220046 -1.156304 -0.610638 0.000000 1.000000 -1
0 -0.217089 3.233540 -0.123933 1.000000 0.000000 -1
0 -0.218645 -1.156304 -0.123934 1.000000 1.000000 -1
0 -0.217089 3.233540 -0.123933 0.000000 0.000000 -1
0 -0.218645 -1.156304 -0.123934 0.000000 1.000000 -1
0 1.604719 3.233540 -0.123933 1.000000 0.000000 -1
0 1.603164 -1.156304 -0.123933 1.000000 1.000000 -1
0 1.604719 3.233540 -0.123933 0.000000 0.000000 -1
0 1.603164 -1.156304 -0.123933 0.000000 1.000000 -1
0 1.604936 3.233540 -0.610639 1.000000 0.000000 -1
0 1.603381 -1.156304 -0.610639 1.000000 1.000000 -1
0 1.604936 3.233540 -0.610639 0.000000 0.000000 -1
0 1.603381 -1.156304 -0.610639 0.000000 1.000000 -1
0 -0.218491 3.233540 -0.610639 1.000000 0.000000 -1
0 -0.220046 -1.156304 -0.610638 1.000000 1.000000 -1
0 -0.218491 3.233540 -0.610639 0.000000 1.000000 -1
0 -0.217089 3.233540 -0.123933 1.000000 1.000000 -1
0 -0.220046 -1.156304 -0.610638 0.000000 0.000000 -1
0 -0.218645 -1.156304 -0.123934 1.000000 0.000000 -1
0 0.702224 17.808723 0.100825 0.000000 0.000000 -1
0 0.467375 17.808723 0.037897 0.000000 0.000000 -1
0 0.702224 17.364597 -0.368872 0.000000 0.000000 -1
0 0.702225 20.558483 0.387580 0.000000 0.000000 -1
0 0.702224 18.880318 -0.368872 0.000000 0.000000 -1
0 0.323998 20.558483 0.286235 0.000000 0.000000 -1
0 0.702224 17.808723 0.100825 0.000000 1.000000 -1
0 0.702224 19.270599 0.100825 0.000000 0.833333 -1
0 0.467375 19.270599 0.037897 0.083333 0.833333 -1
0 0.467375 17.808723 0.037897 0.083333 1.000000 -1
0 0.702224 19.272903 0.100825 0.000000 0.166667 -1
0 0.467375 19.272903 0.037897 0.083333 0.166667 -1
0 0.323998 20.558483 0.286235 0.083333 0.000000 -1
0 0.295454 17.808723 -0.134024 0.000000 0.000000 -1
0 0.047117 20.558483 0.009354 0.000000 0.000000 -1
0 0.295454 17.808723 -0.134024 0.166667 1.000000 -1
0 0.295454 19.270599 -0.134024 0.166667 0.833333 -1
0 0.047117 20.558483 0.009354 0.166667 0.000000 -1
0 0.295454 19.272903 -0.134024 0.166667 0.166667 -1
0 0.232527 17.808723 -0.368873 0.000000 0.000000 -1
0 -0.054228 20.558483 -0.368873 0.000000 0.000000 -1
0 0.232527 19.270599 -0.368873 0.250000 0.833333 -1
0 0.232527 17.808723 -0.368873 0.250000 1.000000 -1
0 0.232527 19.272903 -0.368873 0.250000 0.166667 -1
0 -0.054228 20.558483 -0.368873 0.250000 0.000000 -1
0 0.295454 17.808723 -0.603721 0.000000 0.000000 -1
0 0.047117 20.558483 -0.747098 0.000000 0.000000 -1
0 0.295454 17.808723 -0.603721 0.333333 1.000000 -1
0 0.295454 19.270599 -0.603721 0.333333 0.833333 -1
0 0.047117 20.558483 -0.747098 0.333333 0.000000 -1
0 0.295454 19.272903 -0.603721 0.333333 0.166667 -1
0 0.467375 17.808723 -0.775642 0.000000 0.000000 -1
0 0.323998 20.558483 -1.023980 0.000000 0.000000 -1
0 0.467375 19.270599 -0.775642 0.416667 0.833333 -1
0 0.467375 17.808723 -0.775642 0.416667 1.000000 -1
0 0.467375 19.272903 -0.775642 0.416667 0.166667 -1
0 0.323998 20.558483 -1.023980 0.416667 0.000000 -1
0 0.702224 17.808723 -0.838569 0.000000 0.000000 -1
0 0.702224 20.558483 -1.125324 0.000000 0.000000 -1
0 0.702224 17.808723 -0.838569 0.500000 1.000000 -1
0 0.702224 19.270599 -0.838569 0.500000 0.833333 -1
0 0.702224 20.558483 -1.125324 0.500000 0.000000 -1
0 0.702224 19.272903 -0.838569 0.500000 0.166667 -1
0 0.937073 17.808723 -0.775643 0.000000 0.000000 -1
0 1.080451 20.558483 -1.023980 0.000000 0.000000 -1
0 0.937073 19.270599 -0.775643 0.583333 0.833333 -1
0 0.937073 17.808723 -0.775643 0.583333 1.000000 -1
0 0.937073 19.272903 -0.775643 0.583333 0.166667 -1
0 1.080451 20.558483 -1.023980 0.583333 0.000000 -1
0 1.108994 17.808723 -0.603721 0.000000 0.000000 -1
0 1.357332 20.558483 -0.747099 0.000000 0.000000 -1
0 1.108994 17.808723 -0.603721 0.666667 1.000000 -1
0 1.108994 19.270599 -0.603721 0.666667 0.833333 -1
0 1.357332 20.558483 -0.747099 0.666667 0.000000 -1
0 1.108994 19.272903 -0.603721 0.666667 0.166667 -1
0 1.171921 17.808723 -0.368872 0.000000 0.000000 -1
0 1.458677 20.558483 -0.368872 0.000000 0.000000 -1
0 1.171921 19.270599 -0.368872 0.750000 0.833333 -1
0 1.171921 17.808723 -0.368872 0.750000 1.000000 -1
0 1.171921 19.272903 -0.368872 0.750000 0.166667 -1
0 1.458677 20.558483 -0.368872 0.750000 0.000000 -1
0 1.108994 17.808723 -0.134024 0.000000 0.000000 -1
0 1.357331 20.558483 0.009354 0.000000 0.000000 -1
0 1.108994 17.808723 -0.134024 0.833333 1.000000 -1
0 1.108994 19.270599 -0.134024 0.833333 0.833333 -1
0 1.357331 20.558483 0.009354 0.833333 0.000000 -1
0 1.108994 19.272903 -0.134024 0.833333 0.166667 -1
0 0.937073 17.808723 0.037897 0.000000 0.000000 -1
0 1.080450 20.558483 0.286234 0.000000 0.000000 -1
0 0.937073 19.270599 0.037897 0.916667 0.833333 -1
0 0.937073 17.808723 0.037897 0.916667 1.000000 -1
0 0.937073 19.272903 0.037897 0.916667 0.166667 -1
0 1.080450 20.558483 0.286234 0.916667 0.000000 -1
0 0.702224 17.808723 0.100825 1.000000 1.000000 -1
0 0.702224 19.270599 0.100825 1.000000 0.833333 -1
0 0.702225 20.558483 0.387580 1.000000 0.000000 -1
0 0.702224 19.272903 0.100825 1.000000 0.166667 -1
0 0.603414 18.966221 -2.114809 0.000000 0.000000 -1
0 0.603414 18.733173 -2.114809 0.000000 1.000000 -1
0 0.603414 18.966221 -0.789575 1.000000 0.000000 -1
0 0.603414 18.733173 -0.789575 1.000000 1.000000 -1
0 0.603414 18.966221 -0.789575 0.000000 0.000000 -1
0 0.603414 18.733173 -0.789575 0.000000 1.000000 -1
0 0.793736 18.966221 -0.789574 1.000000 0.000000 -1
0 0.793736 18.733173 -0.789574 1.000000 1.000000 -1
0 0.793736 18.966221 -0.789574 0.000000 0.000000 -1
0 0.793736 18.733173 -0.789574 0.000000 1.000000 -1
0 0.793737 18.966221 -2.114808 1.000000 0.000000 -1
0 0.793737 18.733173 -2.114808 1.000000 1.000000 -1
0 0.793737 18.966221 -2.114808 0.000000 0.000000 -1
0 0.793737 18.733173 -2.114808 0.000000 1.000000 -1
0 0.603414 18.966221 -2.114809 1.000000 0.000000 -1
0 0.603414 18.733173 -2.114809 1.000000 1.000000 -1
0 0.603414 18.966221 -2.114809 0.000000 1.000000 -1
0 0.603414 18.966221 -0.789575 1.000000 1.000000 -1
0 0.603414 18.733173 -2.114809 0.000000 0.000000 -1
0 0.603414 18.733173 -0.789575 1.000000 0.000000 -1
0 0.603414 18.966675 -1.795342 0.000000 0.000000 -1
0 0.603414 18.733833 -2.114187 0.000000 1.000000 -1
0 0.603414 18.087353 -0.645963 1.000000 0.000000 -1
0 0.603414 17.906246 -0.792621 1.000000 1.000000 -1
0 0.603414 18.087353 -0.645963 0.000000 0.000000 -1
0 0.603414 17.906246 -0.792621 0.000000 1.000000 -1
0 0.793736 18.087353 -0.645963 1.000000 0.000000 -1
0 0.793736 17.906246 -0.792622 1.000000 1.000000 -1
0 0.793736 18.087353 -0.645963 0.000000 0.000000 -1
0 0.793736 17.906246 -0.792622 0.000000 1.000000 -1
0 0.793737 18.966675 -1.795342 1.000000 0.000000 -1
0 0.793737 18.733833 -2.114186 1.000000 1.000000 -1
0 0.793737 18.966675 -1.795342 0.000000 0.000000 -1
0 0.793737 18.733833 -2.114186 0.000000 1.000000 -1
0 0.603414 18.966675 -1.795342 1.000000 0.000000 -1
0 0.603414 18.733833 -2.114187 1.000000 1.000000 -1
0 0.603414 18.966675 -1.795342 0.000000 1.000000 -1
0 0.603414 18.087353 -0.645963 1.000000 1.000000 -1
0 0.603414 18.733833 -2.114187 0.000000 0.000000 -1
0 0.603414 17.906246 -0.792621 1.000000 0.000000 -1
0 0.120349 11.958773 -0.368842 0.000000 0.000000 -1
0 0.120349 11.601631 -0.368842 0.000000 1.000000 -1
0 -0.811129 11.958773 1.298102 1.000000 0.000000 -1
0 -0.811129 11.601631 1.298102 1.000000 1.000000 -1
0 -0.811129 11.958773 1.298102 0.000000 0.000000 -1
0 -0.811129 11.601631 1.298102 0.000000 1.000000 -1
0 2.200653 11.958773 1.298103 1.000000 0.000000 -1
0 2.200653 11.601631 1.298103 1.000000 1.000000 -1
0 2.200653 11.958773 1.298103 0.000000 0.000000 -1
0 2.200653 11.601631 1.298103 0.000000 1.000000 -1
0 1.277737 11.958773 -0.368841 1.000000 0.000000 -1
0 1.277737 11.601631 -0.368841 1.000000 1.000000 -1
0 1.277737 11.958773 -0.368841 0.000000 0.000000 -1
0 1.277737 11.601631 -0.368841 0.000000 1.000000 -1
0 0.120349 11.958773 -0.368842 1.000000 0.000000 -1
0 0.120349 11.601631 -0.368842 1.000000 1.000000 -1
0 0.120349 11.958773 -0.368842 0.000000 1.000000 -1
0 -0.811129 11.958773 1.298102 1.000000 1.000000 -1
0 0.120349 11.601631 -0.368842 0.000000 0.000000 -1
0 -0.811129 11.601631 1.298102 1.000000 0.000000 -1
265
0.000000 0.000000 1.000000
0.000011 0.000000 1.000000
0.000002 0.000002 1.000000
-0.000005 0.000005 -1.000000
-0.000001 -0.000001 -1.000000
0.000006 0.000009 -1.000000
-0.258808 0.965929 0.000000
-0.258809 0.965929 0.000000
-0.500000 0.866025 0.000000
-0.499999 0.866026 0.000000
0.000006 -0.000009 1.000000
0.000009 0.000006 -1.000000
-0.866027 0.499997 0.000000
-0.866025 0.500000 0.000001
0.000000 0.000010 1.000000
0.000005 0.000000 -1.000000
-1.000000 0.000003 -0.000000
-1.000000 -0.000001 -0.000000
0.000017 0.000010 1.000000
0.000009 -0.000006 -1.000000
-0.866025 -0.500000 -0.000000
-0.866022 -0.500006 -0.000000
0.000008 -0.000005 1.000000
0.000010 -0.000011 -1.000000
-0.500006 -0.866022 -0.000000
-0.500004 -0.866023 0.000000
0.000000 0.000010 1.000000
-0.000005 -0.000010 -1.000000
-0.000001 -1.000000 -0.000000
-0.000002 -1.000000 -0.000001
-0.000004 -0.000003 1.000000
-0.000012 -0.000007 -1.000000
0.500005 -0.866022 0.000000
0.500002 -0.866024 0.000000
-0.000010 0.000011 1.000000
-0.000006 -0.000002 -1.000000
0.866026 -0.499998 0.000000
0.866024 -0.500003 0.000000
0.000005 0.000010 1.000000
-0.000005 0.000000 -1.000000
1.000000 -0.000001 -0.000000
1.000000 -0.000001 -0.000000
0.000000 -0.000011 1.000000
-0.000006 0.000002 -1.000000
0.866030 0.499992 0.000000
0.866030 0.499992 0.000000
-0.000007 -0.000002 1.000000
-0.000008 0.000005 -1.000000
0.499998 0.866027 0.000000
0.499998 0.866027 0.000000
0.258807 0.965929 0.000000
0.258801 0.965931 0.000000
0.000001 0.000001 1.000000
-0.000011 0.000000 1.000000
0.000005 0.000000 1.000000
-0.000002 0.000006 -1.000000
-0.000002 -0.000002 -1.000000
-0.000000 0.000000 -1.000000
0.499999 0.866026 0.000000
0.258805 0.965930 0.000000
0.258799 0.965931 0.000000
0.499999 0.866026 0.000000
-0.000004 -0.000013 1.000000
-0.000004 -0.000002 -1.000000
0.866029 0.499993 -0.000000
0.866027 0.499998 0.000000
0.000005 0.000010 1.000000
0.000005 0.000000 -1.000000
1.000000 0.000001 -0.000000
1.000000 -0.000001 -0.000001
-0.000012 0.000018 1.000000
-0.000004 0.000002 -1.000000
0.866026 -0.499999 -0.000000
0.866021 -0.500007 -0.000000
-0.000015 -0.000003 1.000000
-0.000010 -0.000011 -1.000000
0.500006 -0.866022 -0.000000
0.500003 -0.866023 0.000000
-0.000005 0.000005 1.000000
0.000000 -0.000010 -1.000000
-0.000002 -1.000000 -0.000000
-0.000003 -1.000000 -0.000001
0.000012 -0.000007 1.000000
0.000002 -0.000006 -1.000000
-0.500006 -0.866022 -0.000000
-0.500001 -0.866025 0.000000
0.000017 0.000010 1.000000
-0.000002 -0.000006 -1.000000
-0.866027 -0.499996 0.000000
-0.866026 -0.499999 0.000000
0.000000 -0.000000 -1.000000
-1.000000 0.000001 0.000000
-1.000000 -0.000001 0.000000
0.000004 -0.000013 1.000000
-0.000002 0.000006 -1.000000
-0.866031 0.499991 0.000000
-0.866031 0.499990 0.000001
0.000013 -0.000004 1.000000
-0.000006 0.000002 -1.000000
-0.500000 0.866025 0.000000
-0.499997 0.866027 0.000000
-0.258809 0.965929 0.000000
-0.258806 0.965929 0.000000
-0.686402 0.727222 0.000000
0.000005 0.000005 1.000000
0.000004 0.000004 1.000000
0.000003 0.000002 1.000000
0.686398 -0.727226 -0.000001
0.686400 -0.727224 0.000000
0.686402 -0.727223 0.000001
-0.000003 -0.000002 -1.000000
-0.000001 -0.000002 -1.000000
0.000001 -0.000001 -1.000000
0.795888 0.605444 -0.000002
0.795888 0.605444 -0.000001
0.795887 0.605445 0.000000
-0.795887 -0.605445 0.000000
-0.795887 -0.605445 -0.000001
-0.795887 -0.605445 -0.000002
0.686402 0.727222 0.000000
0.686401 0.727224 -0.000001
0.686404 0.727220 0.000001
0.000001 -0.000001 1.000000
0.000002 -0.000003 1.000000
-0.686401 -0.727223 -0.000001
-0.686400 -0.727224 -0.000001
-0.686402 -0.727222 0.000000
0.000001 0.000001 -1.000000
0.000001 0.000001 -1.000000
0.000001 0.000001 -1.000000
-0.795887 0.605445 -0.000000
-0.795888 0.605444 -0.000002
-0.795887 0.605445 0.000002
0.795887 -0.605445 0.000001
0.795887 -0.605446 0.000002
0.795887 -0.605445 0.000000
-0.686404 0.727220 0.000000
-0.686404 0.727220 0.000000
-0.000001 0.000001 1.000000
-0.000001 0.000001 1.000000
-0.000001 0.000001 1.000000
0.686404 -0.727221 0.000000
0.686403 -0.727221 -0.000001
0.686402 -0.727222 -0.000001
0.000000 0.000000 -1.000000
-0.000002 -0.000001 -1.000000
-0.000003 -0.000002 -1.000000
0.795887 0.605445 0.000000
-0.795888 -0.605444 0.000000
-0.795888 -0.605444 0.000001
-0.795887 -0.605445 0.000002
0.686402 0.727222 0.000000
0.000001 0.000001 1.000000
0.000001 0.000001 1.000000
0.000001 0.000001 1.000000
-0.686406 -0.727219 0.000000
-0.000001 0.000001 -1.000000
-0.000003 0.000002 -1.000000
0.000001 0.000001 -1.000000
-0.795887 0.605445 0.000000
0.795887 -0.605445 0.000000
-0.999996 0.000354 0.002881
-0.999996 0.000354 0.002880
-0.999996 0.000354 0.002879
0.000000 -0.000000 1.000000
-0.000000 -0.000000 1.000000
-0.000001 0.000000 1.000000
1.000000 -0.000354 0.000446
1.000000 -0.000354 0.000446
1.000000 -0.000354 0.000446
-0.000000 -0.000000 -1.000000
-0.000001 -0.000000 -1.000000
0.000000 1.000000 0.000000
0.000000 -1.000000 0.000000
0.000000 -0.726609 0.687051
-0.343526 -0.726609 0.595004
-0.000000 -1.000000 0.000000
-0.000002 0.410942 -0.911662
0.000000 1.000000 -0.000001
0.455830 0.410942 -0.789522
-0.258821 0.000000 0.965925
-0.500001 0.000000 0.866025
-0.500001 0.000000 0.866025
-0.253015 -0.210621 0.944258
-0.253013 -0.210622 0.944258
-0.488007 -0.217705 0.845253
-0.488007 -0.217705 0.845254
-0.595004 -0.726609 0.343525
0.789522 0.410942 -0.455830
-0.866026 0.000000 0.499999
-0.845254 -0.217705 0.488006
-0.845254 -0.217705 0.488006
-0.687051 -0.726609 -0.000000
0.911662 0.410942 0.000001
-1.000000 0.000000 -0.000001
-0.976015 -0.217705 -0.000001
-0.976015 -0.217705 -0.000001
-0.595004 -0.726609 -0.343525
0.789523 0.410942 0.455830
-0.866026 0.000000 -0.499999
-0.845254 -0.217705 -0.488007
-0.845254 -0.217705 -0.488007
-0.343525 -0.726609 -0.595004
0.455830 0.410942 0.789522
-0.499999 0.000000 -0.866026
-0.499999 0.000000 -0.866026
-0.488006 -0.217705 -0.845254
-0.488007 -0.217705 -0.845254
-0.000001 -0.726609 -0.687051
0.000000 0.410942 0.911662
-0.000002 0.000000 -1.000000
-0.000002 0.000000 -1.000000
-0.000001 -0.217705 -0.976015
-0.000002 -0.217705 -0.976015
0.343524 -0.726610 -0.595004
-0.455829 0.410942 0.789523
0.499998 0.000000 -0.866026
0.488006 -0.217705 -0.845254
0.488006 -0.217705 -0.845254
0.595004 -0.726609 -0.343524
-0.789522 0.410942 0.455830
0.866027 0.000000 -0.499998
0.845254 -0.217706 -0.488006
0.845255 -0.217706 -0.488005
0.687051 -0.726609 0.000000
-0.911661 0.410942 -0.000001
1.000000 0.000000 0.000001
0.976014 -0.217705 0.000001
0.976014 -0.217706 0.000001
0.595004 -0.726609 0.343525
-0.789521 0.410942 -0.455832
0.866026 0.000000 0.499999
0.866026 0.000000 0.499999
0.845253 -0.217705 0.488008
0.845254 -0.217705 0.488007
0.343526 -0.726609 0.595004
-0.455831 0.410942 -0.789522
0.500001 0.000000 0.866025
0.500001 0.000000 0.866025
0.488008 -0.217705 0.845253
0.488008 -0.217705 0.845253
0.258821 0.000000 0.965925
0.253015 -0.210622 0.944257
0.253015 -0.210622 0.944257
-1.000000 0.000000 0.000000
-0.000005 0.000000 1.000000
1.000000 0.000000 0.000001
0.000005 0.000000 -1.000000
0.000000 -0.629322 0.777144
0.000002 -0.629324 0.777143
0.000004 -0.629325 0.777142
1.000000 -0.000000 0.000001
1.000000 -0.000001 0.000000
1.000000 -0.000001 0.000000
0.000000 0.807584 -0.589752
0.000001 0.807585 -0.589752
0.000003 0.807585 -0.589751
0.000000 0.794229 0.607618
0.000003 -0.847534 -0.530740
-0.000000 -0.847534 -0.530741
-0.000003 -0.847534 -0.530741
-0.872955 0.000000 -0.487802
-0.000000 0.000000 1.000000
0.874861 0.000000 -0.484374
0.000001 0.000000 -1.000000
264
0 0 1 2 0 1 2 2
0 3 4 5 3 4 5 2
0 6 3 7 6 7 8 1
0 3 8 7 7 9 8 1
0 1 9 2 1 10 2 2
0 5 4 10 5 4 11 2
0 7 8 11 8 9 12 1
0 7 11 12 8 12 13 1
0 9 13 2 10 14 2 2
0 10 4 14 11 4 15 2
0 12 11 15 13 12 16 1
0 11 16 15 12 17 16 1
0 13 17 2 14 18 2 2
0 14 4 18 15 4 19 2
0 15 16 19 16 17 20 1
0 15 19 20 16 20 21 1
0 17 21 2 18 22 2 2
0 18 4 22 19 4 23 2
0 20 19 23 21 20 24 1
0 19 24 23 20 25 24 1
0 21 25 2 22 26 2 2
0 22 4 26 23 4 27 2
0 23 24 27 24 25 28 1
0 23 27 28 24 28 29 1
0 25 29 2 26 30 2 2
0 26 4 30 27 4 31 2
0 28 27 31 29 28 32 1
0 27 32 31 28 33 32 1
0 29 33 2 30 34 2 2
0 30 4 34 31 4 35 2
0 31 32 35 32 33 36 1
0 31 35 36 32 36 37 1
0 33 37 2 34 38 2 2
0 34 4 38 35 4 39 2
0 36 35 39 37 36 40 1
0 35 40 39 36 41 40 1
0 37 41 2 38 42 2 2
0 38 4 42 39 4 43 2
0 39 40 43 40 41 44 1
0 39 43 44 40 44 45 1
0 41 45 2 42 46 2 2
0 42 4 46 43 4 47 2
0 44 43 47 45 44 48 1
0 43 48 47 44 49 48 1
0 45 0 2 46 0 2 2
0 46 4 3 47 4 3 2
0 47 48 49 48 49 50 1
0 47 49 50 48 50 51 1
0 51 52 53 52 53 54 2
0 54 55 56 55 56 57 2
0 57 56 58 58 59 60 1
0 57 59 56 58 61 59 1
0 51 60 52 52 62 53 2
0 61 55 54 63 56 55 2
0 62 59 57 64 61 58 1
0 63 62 57 65 64 58 1
0 51 64 60 52 66 62 2
0 65 55 61 67 56 63 2
0 66 62 63 68 64 65 1
0 66 67 62 68 69 64 1
0 51 68 64 52 70 66 2
0 69 55 65 71 56 67 2
0 70 67 66 72 69 68 1
0 71 70 66 73 72 68 1
0 51 72 68 52 74 70 2
0 73 55 69 75 56 71 2
0 74 70 71 76 72 73 1
0 74 75 70 76 77 72 1
0 51 76 72 52 78 74 2
0 77 55 73 79 56 75 2
0 78 75 74 80 77 76 1
0 79 78 74 81 80 76 1
0 51 80 76 52 82 78 2
0 81 55 77 83 56 79 2
0 82 78 79 84 80 81 1
0 82 83 78 84 85 80 1
0 51 84 80 52 86 82 2
0 85 55 81 87 56 83 2
0 86 83 82 88 85 84 1
0 87 86 82 89 88 84 1
0 51 88 84 52 14 86 2
0 89 55 85 90 56 87 2
0 90 86 87 91 88 89 1
0 90 91 86 91 92 88 1
0 51 92 88 52 93 14 2
0 93 55 89 94 56 90 2
0 94 91 90 95 92 91 1
0 95 94 90 96 95 91 1
0 51 96 92 52 97 93 2
0 97 55 93 98 56 94 2
0 98 94 95 99 95 96 1
0 98 99 94 99 100 95 1
0 51 53 96 52 54 97 2
0 56 55 97 57 56 98 2
0 100 99 98 101 100 99 1
0 101 100 98 102 101 99 1
0 102 103 104 103 103 103 1
0 103 105 104 103 103 103 1
0 106 107 108 104 105 105 2
0 107 109 108 105 106 105 2
0 110 111 112 107 108 108 1
0 111 113 112 108 109 108 1
0 114 115 116 110 111 111 2
0 115 117 116 111 112 111 2
0 114 118 108 113 114 114 3
0 118 119 108 114 115 114 3
0 120 115 121 116 117 117 3
0 115 109 121 117 118 117 3
0 122 123 124 119 119 120 1
0 122 125 123 119 121 119 1
0 126 127 128 122 122 123 2
0 126 129 127 122 0 122 2
0 130 131 132 124 124 125 1
0 130 133 131 124 126 124 1
0 134 135 136 127 127 128 2
0 134 137 135 127 129 127 2
0 126 138 136 130 130 131 3
0 126 139 138 130 132 130 3
0 140 135 141 133 133 134 3
0 140 129 135 133 135 133 3
0 142 143 144 136 137 137 1
0 143 145 144 137 137 137 1
0 146 147 148 138 139 139 2
0 147 149 148 139 140 139 2
0 150 151 152 141 142 142 1
0 151 153 152 142 143 142 1
0 154 155 156 144 145 145 2
0 155 157 156 145 146 145 2
0 154 158 148 147 147 147 3
0 158 159 148 147 147 147 3
0 160 155 161 148 149 149 3
0 155 149 161 149 150 149 3
0 162 163 164 151 151 151 1
0 162 165 163 151 151 151 1
0 166 167 168 152 152 153 2
0 166 169 167 152 154 152 2
0 170 171 172 155 155 155 1
0 170 173 171 155 155 155 1
0 174 175 176 156 156 157 2
0 174 177 175 156 158 156 2
0 166 178 176 159 159 159 3
0 166 179 178 159 159 159 3
0 180 175 181 160 160 160 3
0 180 169 175 160 160 160 3
0 182 183 184 161 162 162 1
0 183 185 184 162 163 162 1
0 186 187 188 164 165 165 2
0 187 189 188 165 166 165 2
0 190 191 192 167 168 168 1
0 191 193 192 168 169 168 1
0 194 195 196 144 170 170 2
0 195 197 196 170 171 170 2
0 194 198 188 172 172 172 3
0 198 199 188 172 172 172 3
0 200 195 201 173 173 173 3
0 195 189 201 173 173 173 3
0 202 203 204 174 175 176 2
0 205 206 207 177 178 179 2
0 208 209 210 180 180 181 1
0 208 210 211 180 181 182 1
0 212 205 213 183 184 185 1
0 205 214 213 184 186 185 1
0 203 215 204 175 187 176 2
0 207 206 216 179 178 188 2
0 211 210 217 182 181 189 1
0 210 218 217 181 189 189 1
0 213 214 219 185 186 190 1
0 213 219 220 185 190 191 1
0 215 221 204 187 192 176 2
0 216 206 222 188 178 193 2
0 217 218 223 189 189 194 1
0 217 223 224 189 194 194 1
0 220 219 225 191 190 195 1
0 219 226 225 190 196 195 1
0 221 227 204 192 197 176 2
0 222 206 228 193 178 198 2
0 224 223 229 194 194 199 1
0 223 230 229 194 199 199 1
0 225 226 231 195 196 200 1
0 225 231 232 195 200 201 1
0 227 233 204 197 202 176 2
0 228 206 234 198 178 203 2
0 229 230 235 199 199 204 1
0 229 235 236 199 204 205 1
0 232 231 237 201 200 206 1
0 231 238 237 200 207 206 1
0 233 239 204 202 208 176 2
0 234 206 240 203 178 209 2
0 236 235 241 205 204 210 1
0 235 242 241 204 211 210 1
0 237 238 243 206 207 212 1
0 237 243 244 206 212 213 1
0 239 245 204 208 214 176 2
0 240 206 246 209 178 215 2
0 241 242 247 210 211 216 1
0 241 247 248 210 216 216 1
0 244 243 249 213 212 217 1
0 243 250 249 212 218 217 1
0 245 251 204 214 219 176 2
0 246 206 252 215 178 220 2
0 248 247 253 216 216 221 1
0 247 254 253 216 221 221 1
0 249 250 255 217 218 222 1
0 249 255 256 217 222 223 1
0 251 257 204 219 224 176 2
0 252 206 258 220 178 225 2
0 253 254 259 221 221 226 1
0 253 259 260 221 226 226 1
0 256 255 261 223 222 227 1
0 255 262 261 222 228 227 1
0 257 263 204 224 229 176 2
0 258 206 264 225 178 230 2
0 260 259 265 226 226 231 1
0 259 266 265 226 232 231 1
0 261 262 267 227 228 233 1
0 261 267 268 227 233 234 1
0 263 269 204 229 235 176 2
0 264 206 270 230 178 236 2
0 265 266 271 231 232 237 1
0 265 271 272 231 237 238 1
0 268 267 273 234 233 239 1
0 267 274 273 233 240 239 1
0 269 202 204 235 174 176 2
0 270 206 205 236 178 177 2
0 272 271 275 238 237 241 1
0 271 276 275 237 241 241 1
0 273 274 277 239 240 242 1
0 273 277 278 239 242 243 1
0 279 280 281 244 244 244 1
0 280 282 281 244 244 244 1
0 283 284 285 245 245 245 2
0 284 286 285 245 245 245 2
0 287 288 289 246 246 246 1
0 288 290 289 246 246 246 1
0 291 292 293 247 247 247 2
0 292 294 293 247 247 247 2
0 291 295 285 172 172 172 3
0 295 296 285 172 172 172 3
0 297 292 298 173 173 173 3
0 292 286 298 173 173 173 3
0 299 300 301 244 244 244 1
0 300 302 301 244 244 244 1
0 303 304 305 248 249 249 2
0 304 306 305 249 250 249 2
0 307 308 309 251 252 252 1
0 308 310 309 252 253 252 1
0 311 312 313 254 255 255 2
0 312 314 313 255 256 255 2
0 311 315 305 257 257 257 3
0 315 316 305 257 257 257 3
0 317 312 318 258 259 259 3
0 312 306 318 259 260 259 3
0 319 320 321 261 261 261 1
0 320 322 321 261 261 261 1
0 323 324 325 262 262 262 2
0 324 326 325 262 262 262 2
0 327 328 329 263 263 263 1
0 328 330 329 263 263 263 1
0 331 332 333 264 264 264 2
0 332 334 333 264 264 264 2
0 331 335 325 172 172 172 3
0 335 336 325 172 172 172 3
0 337 332 338 173 173 173 3
0 332 326 338 173 173 173 3

Materials: 5
"black"
0.200000 0.200000 0.200000 1.000000
0.800000 0.800000 0.800000 1.000000
0.000000 0.000000 0.000000 1.000000
0.000000 0.000000 0.000000 1.000000
0.000000
1.000000
".\black.bmp"
""
"olive"
0.200000 0.200000 0.200000 1.000000
0.800000 0.800000 0.800000 1.000000
0.000000 0.000000 0.000000 1.000000
0.000000 0.000000 0.000000 1.000000
0.000000
1.000000
".\olive.bmp"
""
"bullets"
0.200000 0.200000 0.200000 1.000000
0.800000 0.800000 0.800000 1.000000
0.000000 0.000000 0.000000 1.000000
0.000000 0.000000 0.000000 1.000000
0.000000
1.000000
".\clip.bmp"
""
"case"
0.200000 0.200000 0.200000 1.000000
0.800000 0.800000 0.800000 1.000000
0.000000 0.000000 0.000000 1.000000
0.000000 0.000000 0.000000 1.000000
0.000000
1.000000
".\case.bmp"
""
"barrel"
0.200000 0.200000 0.200000 1.000000
0.800000 0.800000 0.800000 1.000000
0.000000 0.000000 0.000000 1.000000
0.000000 0.000000 0.000000 1.000000
0.000000
1.000000
".\gradient.bmp"
""

Bones: 0
