// MilkShape 3D ASCII

Frames: 30
Frame: 1

Meshes: 3
"main" 0 0
116
0 4.577189 -2.153408 -0.874139 0.000000 0.000000 -1
0 4.732242 -1.998843 0.102152 0.000000 0.000000 -1
0 3.391886 -3.389246 0.022481 0.000000 0.000000 -1
0 -2.291272 4.465458 -0.831106 0.000000 0.000000 -1
0 -3.476573 3.229628 0.065509 0.000000 0.000000 -1
0 -2.136204 4.620018 0.145181 0.000000 0.000000 -1
0 4.577189 -2.153408 -0.874139 0.000000 1.000000 -1
0 3.937557 -0.979207 -1.078708 0.000000 0.833333 -1
0 4.128994 -0.788383 0.126589 0.083333 0.833333 -1
0 4.732242 -1.998843 0.102152 0.083333 1.000000 -1
0 3.218077 0.330663 -1.304730 0.000000 0.666667 -1
0 3.449717 0.561567 0.153679 0.083333 0.666667 -1
0 1.822460 2.030806 -1.428816 0.000000 0.500000 -1
0 2.077261 2.284801 0.175432 0.083333 0.500000 -1
0 0.072715 3.361738 -1.285019 0.000000 0.333333 -1
0 0.304361 3.592630 0.173387 0.083333 0.333333 -1
0 -1.131600 3.905751 -1.046947 0.000000 0.166667 -1
0 -0.940158 4.096575 0.158350 0.083333 0.166667 -1
0 -2.136204 4.620018 0.145181 0.083333 0.000000 -1
0 4.528156 -2.216823 1.057095 0.000000 0.000000 -1
0 -2.340291 4.402041 1.100125 0.000000 0.000000 -1
0 4.528156 -2.216823 1.057095 0.166667 1.000000 -1
0 3.877046 -1.057503 1.305528 0.166667 0.833333 -1
0 3.144848 0.235928 1.580193 0.166667 0.666667 -1
0 1.741911 1.926606 1.744601 0.166667 0.500000 -1
0 -0.000510 3.267000 1.599900 0.166667 0.333333 -1
0 -1.192114 3.827462 1.337288 0.166667 0.166667 -1
0 -2.340291 4.402041 1.100125 0.166667 0.000000 -1
0 4.019624 -2.748960 1.734805 0.000000 0.000000 -1
0 -2.848838 3.869914 1.777839 0.000000 0.000000 -1
0 3.249196 -1.714454 2.142216 0.250000 0.833333 -1
0 4.019624 -2.748960 1.734805 0.250000 1.000000 -1
0 2.385155 -0.558976 2.592586 0.250000 0.666667 -1
0 0.906255 1.052205 2.858236 0.250000 0.500000 -1
0 -0.760202 2.472086 2.612292 0.250000 0.333333 -1
0 -1.819961 3.170503 2.173977 0.250000 0.166667 -1
0 -2.848838 3.869914 1.777839 0.250000 0.000000 -1
0 3.342867 -3.452660 1.953709 0.000000 0.000000 -1
0 -3.525589 3.166208 1.996741 0.000000 0.000000 -1
0 3.342867 -3.452660 1.953709 0.333333 1.000000 -1
0 2.413702 -2.583215 2.412460 0.333333 0.833333 -1
0 1.374211 -1.610184 2.919582 0.333333 0.666667 -1
0 -0.205791 -0.104131 3.217932 0.333333 0.500000 -1
0 -1.771151 1.420886 2.939294 0.333333 0.333333 -1
0 -2.655449 2.301741 2.444220 0.333333 0.166667 -1
0 -3.525589 3.166208 1.996741 0.333333 0.000000 -1
0 2.679252 -4.139361 1.655136 0.000000 0.000000 -1
0 -4.189205 2.479507 1.698166 0.000000 0.000000 -1
0 1.594426 -3.430998 2.043857 0.416667 0.833333 -1
0 2.679252 -4.139361 1.655136 0.416667 1.000000 -1
0 0.382883 -2.635991 2.473566 0.416667 0.666667 -1
0 -1.296255 -1.232524 2.727315 0.416667 0.500000 -1
0 -2.762478 0.395065 2.493276 0.416667 0.333333 -1
0 -3.474734 1.453966 2.075621 0.416667 0.166667 -1
0 -4.189205 2.479507 1.698166 0.416667 0.000000 -1
0 2.206583 -4.625077 0.919098 0.000000 0.000000 -1
0 -4.661874 1.993806 0.962133 0.000000 0.000000 -1
0 2.206583 -4.625077 0.919098 0.500000 1.000000 -1
0 1.010886 -4.030633 1.135164 0.500000 0.833333 -1
0 -0.323202 -3.361567 1.374053 0.500000 0.666667 -1
0 -2.072939 -2.030647 1.517842 0.500000 0.500000 -1
0 -3.468565 -0.330495 1.393762 0.500000 0.333333 -1
0 -4.058275 0.854322 1.166924 0.500000 0.166667 -1
0 -4.661874 1.993806 0.962133 0.500000 0.000000 -1
0 2.051524 -4.779637 -0.057191 0.000000 0.000000 -1
0 -4.816941 1.839233 -0.014160 0.000000 0.000000 -1
0 0.819450 -4.221470 -0.070132 0.583333 0.833333 -1
0 2.051524 -4.779637 -0.057191 0.583333 1.000000 -1
0 -0.554843 -3.592458 -0.084354 0.583333 0.666667 -1
0 -2.327749 -2.284636 -0.086401 0.583333 0.500000 -1
0 -3.700201 -0.561398 -0.064649 0.583333 0.333333 -1
0 -4.249707 0.663493 -0.038372 0.583333 0.166667 -1
0 -4.816941 1.839233 -0.014160 0.583333 0.000000 -1
0 2.255604 -4.561652 -1.012133 0.000000 0.000000 -1
0 -4.612860 2.057214 -0.969099 0.000000 0.000000 -1
0 2.255604 -4.561652 -1.012133 0.666667 1.000000 -1
0 1.071403 -3.952346 -1.249074 0.666667 0.833333 -1
0 -0.249973 -3.266822 -1.510873 0.666667 0.666667 -1
0 -1.992390 -1.926438 -1.655574 0.666667 0.500000 -1
0 -3.395333 -0.235765 -1.491164 0.666667 0.333333 -1
0 -3.997757 0.932611 -1.217311 0.666667 0.166667 -1
0 -4.612860 2.057214 -0.969099 0.666667 0.000000 -1
0 2.764159 -4.029517 -1.689849 0.000000 0.000000 -1
0 -4.104299 2.589343 -1.646821 0.000000 0.000000 -1
0 1.699241 -3.295389 -2.085763 0.750000 0.833333 -1
0 2.764159 -4.029517 -1.689849 0.750000 1.000000 -1
0 0.509717 -2.471909 -2.523271 0.750000 0.666667 -1
0 -1.156734 -1.052031 -2.769214 0.750000 0.500000 -1
0 -2.635644 0.559149 -2.503563 0.750000 0.333333 -1
0 -3.369904 1.589564 -2.054006 0.750000 0.166667 -1
0 -4.104299 2.589343 -1.646821 0.750000 0.000000 -1
0 3.440904 -3.325831 -1.908753 0.000000 0.000000 -1
0 -3.427545 3.293049 -1.865719 0.000000 0.000000 -1
0 3.440904 -3.325831 -1.908753 0.833333 1.000000 -1
0 2.534745 -2.426636 -2.356010 0.833333 0.833333 -1
0 1.520662 -1.420713 -2.850266 0.833333 0.666667 -1
0 -0.044689 0.104293 -3.128913 0.833333 0.500000 -1
0 -1.624697 1.610347 -2.830567 0.833333 0.333333 -1
0 -2.534419 2.458331 -2.324251 0.833333 0.166667 -1
0 -3.427545 3.293049 -1.865719 0.833333 0.000000 -1
0 4.104517 -2.639117 -1.610180 0.000000 0.000000 -1
0 -2.763938 3.979761 -1.567147 0.000000 0.000000 -1
0 3.354024 -1.578850 -1.987405 0.916667 0.833333 -1
0 4.104517 -2.639117 -1.610180 0.916667 1.000000 -1
0 2.511997 -0.394903 -2.404256 0.916667 0.666667 -1
0 1.045774 1.232689 -2.638295 0.916667 0.500000 -1
0 -0.633369 2.636165 -2.384546 0.916667 0.333333 -1
0 -1.715135 3.306110 -1.955642 0.916667 0.166667 -1
0 -2.763938 3.979761 -1.567147 0.916667 0.000000 -1
0 4.577189 -2.153408 -0.874139 1.000000 1.000000 -1
0 3.937557 -0.979207 -1.078708 1.000000 0.833333 -1
0 3.218077 0.330663 -1.304730 1.000000 0.666667 -1
0 1.822460 2.030806 -1.428816 1.000000 0.500000 -1
0 0.072715 3.361738 -1.285019 1.000000 0.333333 -1
0 -1.131600 3.905751 -1.046947 1.000000 0.166667 -1
0 -2.291272 4.465458 -0.831106 1.000000 0.000000 -1
117
0.720065 -0.693892 -0.004509
0.720067 -0.693890 -0.004503
0.720065 -0.693892 -0.004509
-0.720060 0.693897 0.004517
-0.720063 0.693894 0.004509
-0.720060 0.693897 0.004509
0.873681 0.439621 -0.208362
0.872812 0.441283 -0.208493
0.893826 0.446854 0.037362
0.894690 0.445126 0.037332
0.821155 0.528993 -0.214177
0.841971 0.538109 0.039042
0.676382 0.703308 -0.218781
0.693447 0.719327 0.041222
0.478239 0.852523 -0.210932
0.487464 0.872179 0.041014
0.382043 0.901482 -0.203404
0.387459 0.921016 0.040078
0.394350 0.895923 -0.204476
0.400234 0.915530 0.040222
0.720070 -0.693887 -0.004509
-0.720061 0.693896 0.004504
0.795213 0.338876 0.502793
0.794281 0.340529 0.503148
0.739284 0.428428 0.519528
0.587865 0.606550 0.535269
0.385353 0.763112 0.518809
0.288967 0.815810 0.500951
0.301225 0.809770 0.503524
0.720068 -0.693889 -0.004512
-0.720065 0.693892 0.004509
0.546228 0.080979 0.833713
0.547330 0.079508 0.833132
0.483406 0.160684 0.860523
0.324762 0.331248 0.885892
0.130907 0.496867 0.857897
0.043535 0.558994 0.828028
0.054502 0.551597 0.832328
0.720062 -0.693895 -0.004508
-0.720065 0.693892 0.004511
0.217463 -0.263492 0.939831
0.216138 -0.262251 0.940483
0.142898 -0.193378 0.970662
-0.025357 -0.032811 0.999140
-0.207694 0.144785 0.967420
-0.283070 0.219386 0.933671
-0.273828 0.210195 0.938529
0.720063 -0.693894 -0.004507
-0.720061 0.693896 0.004513
-0.107547 -0.597196 0.794853
-0.105997 -0.598208 0.794300
-0.191000 -0.538890 0.820437
-0.368680 -0.388076 0.844672
-0.539724 -0.198795 0.818034
-0.603341 -0.112023 0.789576
-0.595789 -0.122959 0.793673
0.720063 -0.693894 -0.004509
-0.720060 0.693897 0.004511
-0.336393 -0.834958 0.435529
-0.338097 -0.834108 0.435838
-0.428826 -0.783279 0.450092
-0.613221 -0.639360 0.463874
-0.776220 -0.441812 0.449761
-0.831461 -0.346434 0.434346
-0.825108 -0.358609 0.436573
0.720062 -0.693895 -0.004512
-0.720062 0.693895 0.004508
-0.413733 -0.909503 -0.040368
-0.411971 -0.910303 -0.040353
-0.506852 -0.861051 -0.041143
-0.693446 -0.719328 -0.041223
-0.853808 -0.519147 -0.038721
-0.906297 -0.421033 -0.036829
-0.900340 -0.433604 -0.037088
0.720062 -0.693895 -0.004510
-0.720060 0.693897 0.004504
-0.312497 -0.804048 -0.505819
-0.314190 -0.803175 -0.506157
-0.404166 -0.751369 -0.521627
-0.587862 -0.606551 -0.535271
-0.751696 -0.410081 -0.516515
-0.807802 -0.315831 -0.497701
-0.801326 -0.327844 -0.500394
0.720061 -0.693896 -0.004508
-0.720063 0.693895 0.004503
-0.066140 -0.543623 -0.836720
-0.064619 -0.544673 -0.836155
-0.148287 -0.483626 -0.862622
-0.324762 -0.331250 -0.885891
-0.497252 -0.143838 -0.855600
-0.562370 -0.059015 -0.824777
-0.554597 -0.069673 -0.829197
0.720066 -0.693891 -0.004508
-0.720069 0.693887 0.004507
0.265245 -0.201676 -0.942853
0.263949 -0.200391 -0.943490
0.192219 -0.129563 -0.972762
0.025358 0.032807 -0.999140
-0.158650 0.208244 -0.965124
-0.235765 0.280596 -0.930420
-0.226271 0.271728 -0.935396
0.720066 -0.693891 -0.004511
-0.720066 0.693891 0.004512
0.587639 0.134553 -0.797857
0.588712 0.133037 -0.797320
0.526121 0.215951 -0.822534
0.368683 0.388077 -0.844671
0.173382 0.551825 -0.815738
0.084507 0.612006 -0.786325
0.095691 0.604887 -0.790541
0.714694 0.277458 -0.642051
0.713725 0.279019 -0.642452
0.657363 0.361930 -0.660970
0.508273 0.531842 -0.677350
0.315304 0.686334 -0.655385
0.224537 0.740826 -0.633056
0.236067 0.734469 -0.636261
168
0 0 1 2 0 1 2 2
0 3 4 5 3 4 5 2
0 6 7 8 6 7 8 1
0 6 8 9 6 8 9 1
0 7 10 8 7 10 8 1
0 10 11 8 10 11 8 1
0 10 12 13 10 12 13 1
0 10 13 11 10 13 11 1
0 12 14 13 12 14 13 1
0 14 15 13 14 15 13 1
0 14 16 17 14 16 17 1
0 14 17 15 14 17 15 1
0 16 3 17 16 18 17 1
0 3 18 17 18 19 17 1
0 1 19 2 1 20 2 2
0 5 4 20 5 4 21 2
0 9 8 21 9 8 22 1
0 8 22 21 8 23 22 1
0 8 11 23 8 11 24 1
0 8 23 22 8 24 23 1
0 11 13 23 11 13 24 1
0 13 24 23 13 25 24 1
0 13 15 25 13 15 26 1
0 13 25 24 13 26 25 1
0 15 17 25 15 17 26 1
0 17 26 25 17 27 26 1
0 17 18 27 17 19 28 1
0 17 27 26 17 28 27 1
0 19 28 2 20 29 2 2
0 20 4 29 21 4 30 2
0 21 22 30 22 23 31 1
0 21 30 31 22 31 32 1
0 22 23 30 23 24 31 1
0 23 32 30 24 33 31 1
0 23 24 33 24 25 34 1
0 23 33 32 24 34 33 1
0 24 25 33 25 26 34 1
0 25 34 33 26 35 34 1
0 25 26 35 26 27 36 1
0 25 35 34 26 36 35 1
0 26 27 35 27 28 36 1
0 27 36 35 28 37 36 1
0 28 37 2 29 38 2 2
0 29 4 38 30 4 39 2
0 31 30 39 32 31 40 1
0 30 40 39 31 41 40 1
0 30 32 41 31 33 42 1
0 30 41 40 31 42 41 1
0 32 33 41 33 34 42 1
0 33 42 41 34 43 42 1
0 33 34 43 34 35 44 1
0 33 43 42 34 44 43 1
0 34 35 43 35 36 44 1
0 35 44 43 36 45 44 1
0 35 36 45 36 37 46 1
0 35 45 44 36 46 45 1
0 37 46 2 38 47 2 2
0 38 4 47 39 4 48 2
0 39 40 48 40 41 49 1
0 39 48 49 40 49 50 1
0 40 41 48 41 42 49 1
0 41 50 48 42 51 49 1
0 41 42 51 42 43 52 1
0 41 51 50 42 52 51 1
0 42 43 51 43 44 52 1
0 43 52 51 44 53 52 1
0 43 44 53 44 45 54 1
0 43 53 52 44 54 53 1
0 44 45 53 45 46 54 1
0 45 54 53 46 55 54 1
0 46 55 2 47 56 2 2
0 47 4 56 48 4 57 2
0 49 48 57 50 49 58 1
0 48 58 57 49 59 58 1
0 48 50 59 49 51 60 1
0 48 59 58 49 60 59 1
0 50 51 59 51 52 60 1
0 51 60 59 52 61 60 1
0 51 52 61 52 53 62 1
0 51 61 60 52 62 61 1
0 52 53 61 53 54 62 1
0 53 62 61 54 63 62 1
0 53 54 63 54 55 64 1
0 53 63 62 54 64 63 1
0 55 64 2 56 65 2 2
0 56 4 65 57 4 66 2
0 57 58 66 58 59 67 1
0 57 66 67 58 67 68 1
0 58 59 66 59 60 67 1
0 59 68 66 60 69 67 1
0 59 60 69 60 61 70 1
0 59 69 68 60 70 69 1
0 60 61 69 61 62 70 1
0 61 70 69 62 71 70 1
0 61 62 71 62 63 72 1
0 61 71 70 62 72 71 1
0 62 63 71 63 64 72 1
0 63 72 71 64 73 72 1
0 64 73 2 65 74 2 2
0 65 4 74 66 4 75 2
0 67 66 75 68 67 76 1
0 66 76 75 67 77 76 1
0 66 68 77 67 69 78 1
0 66 77 76 67 78 77 1
0 68 69 77 69 70 78 1
0 69 78 77 70 79 78 1
0 69 70 79 70 71 80 1
0 69 79 78 70 80 79 1
0 70 71 79 71 72 80 1
0 71 80 79 72 81 80 1
0 71 72 81 72 73 82 1
0 71 81 80 72 82 81 1
0 73 82 2 74 83 2 2
0 74 4 83 75 4 84 2
0 75 76 84 76 77 85 1
0 75 84 85 76 85 86 1
0 76 77 84 77 78 85 1
0 77 86 84 78 87 85 1
0 77 78 87 78 79 88 1
0 77 87 86 78 88 87 1
0 78 79 87 79 80 88 1
0 79 88 87 80 89 88 1
0 79 80 89 80 81 90 1
0 79 89 88 80 90 89 1
0 80 81 89 81 82 90 1
0 81 90 89 82 91 90 1
0 82 91 2 83 92 2 2
0 83 4 92 84 4 93 2
0 85 84 93 86 85 94 1
0 84 94 93 85 95 94 1
0 84 86 95 85 87 96 1
0 84 95 94 85 96 95 1
0 86 87 95 87 88 96 1
0 87 96 95 88 97 96 1
0 87 88 97 88 89 98 1
0 87 97 96 88 98 97 1
0 88 89 97 89 90 98 1
0 89 98 97 90 99 98 1
0 89 90 99 90 91 100 1
0 89 99 98 90 100 99 1
0 91 100 2 92 101 2 2
0 92 4 101 93 4 102 2
0 93 94 102 94 95 103 1
0 93 102 103 94 103 104 1
0 94 95 102 95 96 103 1
0 95 104 102 96 105 103 1
0 95 96 105 96 97 106 1
0 95 105 104 96 106 105 1
0 96 97 105 97 98 106 1
0 97 106 105 98 107 106 1
0 97 98 107 98 99 108 1
0 97 107 106 98 108 107 1
0 98 99 107 99 100 108 1
0 99 108 107 100 109 108 1
0 100 0 2 101 0 2 2
0 101 4 3 102 4 3 2
0 103 102 109 104 103 110 1
0 102 110 109 103 111 110 1
0 102 104 111 103 105 112 1
0 102 111 110 103 112 111 1
0 104 105 111 105 106 112 1
0 105 112 111 106 113 112 1
0 105 106 113 106 107 114 1
0 105 113 112 106 114 113 1
0 106 107 113 107 108 114 1
0 107 114 113 108 115 114 1
0 107 108 115 108 109 116 1
0 107 115 114 108 116 115 1
"rings" 0 1
206
0 -2.581230 4.598804 -0.765559 0.000000 0.000000 -1
0 -3.026908 4.140824 -1.459572 0.000000 0.000000 -1
0 -3.282551 3.032381 0.077244 0.000000 0.000000 -1
0 -2.581230 4.598804 -0.765559 0.000000 1.000000 -1
0 -2.098340 4.659426 -0.965263 0.000000 0.833333 -1
0 -2.648566 4.094031 -1.822063 0.083333 0.833333 -1
0 -3.026908 4.140824 -1.459572 0.083333 1.000000 -1
0 -2.160804 4.193652 -0.768202 0.000000 0.666667 -1
0 -2.606476 3.735669 -1.462209 0.083333 0.666667 -1
0 -3.652621 3.493350 -1.741094 0.000000 0.000000 -1
0 -3.652621 3.493350 -1.741094 0.166667 1.000000 -1
0 -3.421049 3.294657 -2.169619 0.166667 0.833333 -1
0 -3.232193 3.088187 -1.743732 0.166667 0.666667 -1
0 -4.290722 2.829833 -1.534698 0.000000 0.000000 -1
0 -4.208821 2.475502 -1.914804 0.250000 0.833333 -1
0 -4.290722 2.829833 -1.534698 0.250000 1.000000 -1
0 -3.870298 2.424682 -1.537330 0.250000 0.666667 -1
0 -4.770242 2.328085 -0.895674 0.000000 0.000000 -1
0 -4.770242 2.328085 -0.895674 0.333333 1.000000 -1
0 -4.800805 1.856064 -1.125892 0.333333 0.833333 -1
0 -4.349803 1.922927 -0.898315 0.333333 0.666667 -1
0 -4.962679 2.122544 0.004728 0.000000 0.000000 -1
0 -5.038395 1.602324 -0.014282 0.416667 0.833333 -1
0 -4.962679 2.122544 0.004728 0.416667 1.000000 -1
0 -4.542235 1.717389 0.002090 0.416667 0.666667 -1
0 -4.816464 2.268296 0.925269 0.000000 0.000000 -1
0 -4.816464 2.268296 0.925269 0.500000 1.000000 -1
0 -4.857885 1.782240 1.122188 0.500000 0.833333 -1
0 -4.396029 1.863136 0.922632 0.500000 0.666667 -1
0 -4.370784 2.726264 1.619279 0.000000 0.000000 -1
0 -4.307676 2.347650 1.978989 0.583333 0.833333 -1
0 -4.370784 2.726264 1.619279 0.583333 1.000000 -1
0 -3.950350 2.321109 1.616638 0.583333 0.666667 -1
0 -3.745058 3.373747 1.900794 0.000000 0.000000 -1
0 -3.745058 3.373747 1.900794 0.666667 1.000000 -1
0 -3.535161 3.147011 2.326553 0.666667 0.833333 -1
0 -3.324626 2.968599 1.898162 0.666667 0.666667 -1
0 -3.106959 4.037276 1.694398 0.000000 0.000000 -1
0 -2.747395 3.966175 2.071740 0.750000 0.833333 -1
0 -3.106959 4.037276 1.694398 0.750000 1.000000 -1
0 -2.686527 3.632107 1.691763 0.750000 0.666667 -1
0 -2.627458 4.539011 1.055377 0.000000 0.000000 -1
0 -2.627458 4.539011 1.055377 0.833333 1.000000 -1
0 -2.155398 4.585587 1.282831 0.833333 0.833333 -1
0 -2.207017 4.133858 1.052751 0.833333 0.666667 -1
0 -2.435017 4.744540 0.154979 0.000000 0.000000 -1
0 -1.917843 4.839341 0.171209 0.916667 0.833333 -1
0 -2.435017 4.744540 0.154979 0.916667 1.000000 -1
0 -2.014592 4.339397 0.152343 0.916667 0.666667 -1
0 -2.581230 4.598804 -0.765559 1.000000 1.000000 -1
0 -2.098340 4.659426 -0.965263 1.000000 0.833333 -1
0 -2.160804 4.193652 -0.768202 1.000000 0.666667 -1
0 -0.609361 3.771955 -1.190208 0.000000 0.000000 -1
0 -2.265086 2.045647 0.062260 0.000000 0.000000 -1
0 -0.392747 3.987863 0.173547 0.000000 0.000000 -1
0 -0.241034 3.417010 -1.192518 0.000000 0.333333 -1
0 -0.294093 3.733876 -1.291551 0.000000 0.166667 -1
0 -0.060148 3.967063 0.181304 0.083333 0.166667 -1
0 -0.024424 3.632919 0.171245 0.083333 0.333333 -1
0 -0.392747 3.987863 0.173547 0.083333 0.000000 -1
0 -0.677840 3.683363 1.507488 0.000000 0.000000 -1
0 -0.309508 3.328414 1.505179 0.166667 0.333333 -1
0 -0.368032 3.638208 1.621960 0.166667 0.166667 -1
0 -0.677840 3.683363 1.507488 0.166667 0.000000 -1
0 -1.388225 2.940033 2.454173 0.000000 0.000000 -1
0 -1.135261 2.835404 2.644384 0.250000 0.166667 -1
0 -1.019890 2.585092 2.451865 0.250000 0.333333 -1
0 -1.388225 2.940033 2.454173 0.250000 0.000000 -1
0 -2.333561 1.957061 2.759951 0.000000 0.000000 -1
0 -1.965232 1.602117 2.757644 0.333333 0.333333 -1
0 -2.156229 1.773801 2.974619 0.333333 0.166667 -1
0 -2.333561 1.957061 2.759951 0.333333 0.000000 -1
0 -3.260548 0.997824 2.342880 0.000000 0.000000 -1
0 -3.157370 0.737818 2.524188 0.416667 0.166667 -1
0 -2.892226 0.642873 2.340574 0.416667 0.333333 -1
0 -3.260548 0.997824 2.342880 0.416667 0.000000 -1
0 -3.920816 0.319337 1.314724 0.000000 0.000000 -1
0 -3.552480 -0.035613 1.312414 0.500000 0.333333 -1
0 -3.870455 0.005054 1.413772 0.500000 0.166667 -1
0 -3.920816 0.319337 1.314724 0.500000 0.000000 -1
0 -4.137414 0.103421 -0.049038 0.000000 0.000000 -1
0 -4.104391 -0.228129 -0.059089 0.583333 0.166667 -1
0 -3.769088 -0.251526 -0.051348 0.583333 0.333333 -1
0 -4.137414 0.103421 -0.049038 0.583333 0.000000 -1
0 -3.852340 0.407917 -1.382983 0.000000 0.000000 -1
0 -3.484012 0.052975 -1.385291 0.666667 0.333333 -1
0 -3.796505 0.100729 -1.499746 0.666667 0.166667 -1
0 -3.852340 0.407917 -1.382983 0.666667 0.000000 -1
0 -3.141953 1.151244 -2.329677 0.000000 0.000000 -1
0 -3.029286 0.903518 -2.522173 0.750000 0.166667 -1
0 -2.773625 0.796301 -2.331983 0.750000 0.333333 -1
0 -3.141953 1.151244 -2.329677 0.750000 0.000000 -1
0 -2.196616 2.134223 -2.635454 0.000000 0.000000 -1
0 -1.828289 1.779280 -2.637761 0.833333 0.333333 -1
0 -2.008321 1.965142 -2.852413 0.833333 0.166667 -1
0 -2.196616 2.134223 -2.635454 0.833333 0.000000 -1
0 -1.269619 3.093471 -2.218377 0.000000 0.000000 -1
0 -1.007166 3.001129 -2.401975 0.916667 0.166667 -1
0 -0.901294 2.738522 -2.220686 0.916667 0.333333 -1
0 -1.269619 3.093471 -2.218377 0.916667 0.000000 -1
0 -0.241034 3.417010 -1.192518 1.000000 0.333333 -1
0 -0.294093 3.733876 -1.291551 1.000000 0.166667 -1
0 -0.609361 3.771955 -1.190208 1.000000 0.000000 -1
0 3.679442 -0.359213 -1.214606 0.000000 0.000000 -1
0 2.023712 -2.085516 0.037866 0.000000 0.000000 -1
0 3.019182 -1.037694 -2.242768 0.000000 0.000000 -1
0 3.311111 -0.004270 -1.212295 0.000000 0.333333 -1
0 3.629084 -0.044941 -1.313658 0.000000 0.166667 -1
0 2.916011 -0.777696 -2.424080 0.083333 0.166667 -1
0 2.650848 -0.682745 -2.240463 0.083333 0.333333 -1
0 3.019182 -1.037694 -2.242768 0.083333 0.000000 -1
0 2.092191 -1.996932 -2.659842 0.000000 0.000000 -1
0 1.723859 -1.641992 -2.657537 0.166667 0.333333 -1
0 1.914851 -1.813673 -2.874512 0.166667 0.166667 -1
0 2.092191 -1.996932 -2.659842 0.166667 0.000000 -1
0 1.146847 -2.979915 -2.354065 0.000000 0.000000 -1
0 0.893889 -2.875291 -2.544275 0.250000 0.166667 -1
0 0.778518 -2.624962 -2.351756 0.250000 0.333333 -1
0 1.146847 -2.979915 -2.354065 0.250000 0.000000 -1
0 0.436470 -3.723246 -1.407371 0.000000 0.000000 -1
0 0.068134 -3.368291 -1.405063 0.333333 0.333333 -1
0 0.126671 -3.678093 -1.521844 0.333333 0.166667 -1
0 0.436470 -3.723246 -1.407371 0.333333 0.000000 -1
0 0.151391 -4.027740 -0.073433 0.000000 0.000000 -1
0 -0.181218 -4.006943 -0.081193 0.416667 0.166667 -1
0 -0.216945 -3.672787 -0.071126 0.416667 0.333333 -1
0 0.151391 -4.027740 -0.073433 0.416667 0.000000 -1
0 0.367996 -3.811831 1.290328 0.000000 0.000000 -1
0 -0.000341 -3.456873 1.292638 0.500000 0.333333 -1
0 0.052717 -3.773755 1.391672 0.500000 0.166667 -1
0 0.367996 -3.811831 1.290328 0.500000 0.000000 -1
0 1.028248 -3.133346 2.318495 0.000000 0.000000 -1
0 0.765803 -3.041003 2.502090 0.583333 0.166667 -1
0 0.659921 -2.778399 2.320799 0.583333 0.333333 -1
0 1.028248 -3.133346 2.318495 0.583333 0.000000 -1
0 1.955249 -2.174098 2.735570 0.000000 0.000000 -1
0 1.586910 -1.819156 2.737875 0.666667 0.333333 -1
0 1.766950 -2.005020 2.952519 0.666667 0.166667 -1
0 1.955249 -2.174098 2.735570 0.666667 0.000000 -1
0 2.900578 -1.191122 2.429790 0.000000 0.000000 -1
0 2.787920 -0.943398 2.622286 0.750000 0.166667 -1
0 2.532252 -0.836173 2.432095 0.750000 0.333333 -1
0 2.900578 -1.191122 2.429790 0.750000 0.000000 -1
0 3.610969 -0.447798 1.483102 0.000000 0.000000 -1
0 3.242639 -0.092849 1.485407 0.833333 0.333333 -1
0 3.555134 -0.140611 1.599861 0.833333 0.166667 -1
0 3.610969 -0.447798 1.483102 0.833333 0.000000 -1
0 3.896052 -0.143306 0.149158 0.000000 0.000000 -1
0 3.863024 0.188252 0.159206 0.916667 0.166667 -1
0 3.527717 0.211650 0.151467 0.916667 0.333333 -1
0 3.896052 -0.143306 0.149158 0.916667 0.000000 -1
0 3.311111 -0.004270 -1.212295 1.000000 0.333333 -1
0 3.629084 -0.044941 -1.313658 1.000000 0.166667 -1
0 3.679442 -0.359213 -1.214606 1.000000 0.000000 -1
0 4.724226 -2.446643 -0.818862 0.000000 0.000000 -1
0 4.870431 -2.300901 0.101680 0.000000 0.000000 -1
0 3.190311 -3.210738 0.029163 0.000000 0.000000 -1
0 4.724226 -2.446643 -0.818862 0.000000 1.000000 -1
0 4.765639 -1.960598 -1.015778 0.000000 0.833333 -1
0 4.946154 -1.780668 0.120690 0.083333 0.833333 -1
0 4.870431 -2.300901 0.101680 0.083333 1.000000 -1
0 4.303796 -2.041493 -0.816224 0.000000 0.666667 -1
0 4.450003 -1.895743 0.104314 0.083333 0.666667 -1
0 4.677999 -2.506436 1.002083 0.000000 0.000000 -1
0 4.677999 -2.506436 1.002083 0.166667 1.000000 -1
0 4.708568 -2.034411 1.232302 0.166667 0.833333 -1
0 4.257562 -2.101281 1.004726 0.166667 0.666667 -1
0 4.198502 -3.008186 1.641099 0.000000 0.000000 -1
0 4.116594 -2.653858 2.021210 0.250000 0.833333 -1
0 4.198502 -3.008186 1.641099 0.250000 1.000000 -1
0 3.778054 -2.603025 1.643734 0.250000 0.666667 -1
0 3.560387 -3.671704 1.847496 0.000000 0.000000 -1
0 3.560387 -3.671704 1.847496 0.333333 1.000000 -1
0 3.328811 -3.473012 2.276027 0.333333 0.833333 -1
0 3.139949 -3.266541 1.850137 0.333333 0.666667 -1
0 2.934668 -4.319195 1.565981 0.000000 0.000000 -1
0 2.556326 -4.272375 1.928470 0.416667 0.833333 -1
0 2.934668 -4.319195 1.565981 0.416667 1.000000 -1
0 2.514223 -3.914018 1.568618 0.416667 0.666667 -1
0 2.488991 -4.777161 0.871971 0.000000 0.000000 -1
0 2.488991 -4.777161 0.871971 0.500000 1.000000 -1
0 2.006100 -4.837771 1.071664 0.500000 0.833333 -1
0 2.068559 -4.372005 0.874608 0.500000 0.666667 -1
0 2.342782 -4.922909 -0.048573 0.000000 0.000000 -1
0 1.825591 -5.017693 -0.064804 0.583333 0.833333 -1
0 2.342782 -4.922909 -0.048573 0.583333 1.000000 -1
0 1.922353 -4.517746 -0.045928 0.583333 0.666667 -1
0 2.535219 -4.717374 -0.948976 0.000000 0.000000 -1
0 2.535219 -4.717374 -0.948976 0.666667 1.000000 -1
0 2.063160 -4.763955 -1.176424 0.666667 0.833333 -1
0 2.114774 -4.312193 -0.946344 0.666667 0.666667 -1
0 3.014726 -4.215620 -1.587998 0.000000 0.000000 -1
0 2.655152 -4.144518 -1.965333 0.750000 0.833333 -1
0 3.014726 -4.215620 -1.587998 0.750000 1.000000 -1
0 2.594295 -3.810465 -1.585364 0.750000 0.666667 -1
0 3.652821 -3.552104 -1.794399 0.000000 0.000000 -1
0 3.652821 -3.552104 -1.794399 0.833333 1.000000 -1
0 3.442926 -3.325368 -2.220153 0.833333 0.833333 -1
0 3.232391 -3.146949 -1.791763 0.833333 0.666667 -1
0 4.278543 -2.904617 -1.512872 0.000000 0.000000 -1
0 4.215433 -2.525997 -1.872588 0.916667 0.833333 -1
0 4.278543 -2.904617 -1.512872 0.916667 1.000000 -1
0 3.858109 -2.499455 -1.510234 0.916667 0.666667 -1
0 4.724226 -2.446643 -0.818862 1.000000 1.000000 -1
0 4.765639 -1.960598 -1.015778 1.000000 0.833333 -1
0 4.303796 -2.041493 -0.816224 1.000000 0.666667 -1
208
-0.871775 0.468092 0.144561
-0.797835 0.544073 0.259701
-0.720063 0.693894 0.004508
-0.275223 0.874163 -0.400114
0.525107 0.515325 -0.677276
0.386141 0.371027 -0.844532
-0.370350 0.790050 -0.488530
0.881140 -0.279513 -0.381399
0.804733 -0.370909 -0.463499
-0.694027 0.651491 0.306409
-0.570400 0.583019 -0.578560
0.042929 0.015856 -0.998952
0.617887 -0.564270 -0.547553
-0.588162 0.761573 0.272163
-0.307073 -0.348103 -0.885737
-0.774415 0.370867 -0.512581
0.427354 -0.762409 -0.485902
-0.508605 0.844818 0.166145
-0.927732 0.210434 -0.308269
-0.570092 -0.623323 -0.535223
0.284147 -0.912239 -0.295094
-0.476682 0.878916 0.016759
-0.675658 -0.736056 -0.041325
-0.989262 0.144727 -0.020359
0.226658 -0.973621 -0.026215
-0.500937 0.854738 -0.135964
-0.942512 0.191327 0.273980
-0.595450 -0.656118 0.463625
0.270340 -0.930094 0.248678
-0.574876 0.778759 -0.251101
-0.350992 -0.404896 0.844312
-0.800008 0.337773 0.495880
0.403418 -0.793334 0.455934
-0.678694 0.671331 -0.297809
-0.599949 0.544784 0.585894
-0.007769 -0.049742 0.998732
0.590281 -0.599983 0.539991
-0.784561 0.561246 -0.263568
0.342244 0.314211 0.885517
-0.395928 0.756931 0.519900
0.780827 -0.401837 0.478367
-0.864107 0.478010 -0.157559
-0.242586 0.917365 0.315583
0.605284 0.589417 0.534995
0.924019 -0.252022 0.287531
-0.896032 0.443915 -0.008171
0.710824 0.702168 0.041103
-0.181073 0.983080 0.027685
0.981483 -0.190640 0.018650
-0.174999 0.976372 -0.126778
0.693179 0.686749 -0.218811
0.974869 -0.183918 -0.125718
-0.720063 0.693894 0.004511
-0.720063 0.693894 0.004508
-0.720061 0.693896 0.004509
0.978800 0.109862 -0.172861
0.673799 0.705787 -0.218768
0.690775 0.721893 0.041235
0.994015 0.105409 0.028694
0.065416 0.983925 -0.166167
0.061581 0.997512 0.034321
-0.720062 0.693895 0.004507
0.913105 0.018983 0.407283
0.585193 0.609112 0.535287
-0.018844 0.911614 0.410614
-0.720063 0.693894 0.004509
0.322084 0.333820 0.885904
0.711486 -0.191966 0.675971
-0.219232 0.701929 0.677667
-0.720063 0.693895 0.004509
0.443188 -0.470947 0.762753
-0.028036 -0.030225 0.999150
-0.485907 0.424649 0.763916
-0.720063 0.693894 0.004509
-0.371351 -0.385494 0.844685
0.180107 -0.743195 0.644378
-0.747399 0.154064 0.646266
-0.720064 0.693893 0.004506
-0.007291 -0.935756 0.352573
-0.615886 -0.636782 0.463889
-0.933652 -0.037327 0.356231
-0.720065 0.693892 0.004507
-0.696119 -0.716743 -0.041205
-0.068776 -0.997036 -0.034486
-0.994757 -0.098219 -0.028474
-0.720064 0.693893 0.004508
0.012138 -0.910615 -0.413078
-0.590532 -0.603970 -0.535249
-0.914338 -0.012337 -0.404764
-0.720064 0.693893 0.004507
-0.327431 -0.328672 -0.885869
0.213758 -0.699650 -0.681761
-0.713945 0.197335 -0.671820
-0.720064 0.693893 0.004507
0.482054 -0.420666 -0.768547
0.022682 0.035385 -0.999116
-0.447282 0.474624 -0.758071
-0.720064 0.693893 0.004507
0.366007 0.390653 -0.844648
0.745148 -0.148428 -0.650172
-0.185799 0.745218 -0.640413
0.848159 -0.023390 -0.529225
0.505692 0.534325 -0.677327
-0.064481 0.851451 -0.520454
0.720061 -0.693896 -0.004510
0.720063 -0.693894 -0.004508
0.720062 -0.693895 -0.004507
-0.058171 0.850005 -0.523552
0.510855 0.529347 -0.677362
0.371362 0.385489 -0.844683
-0.180091 0.743192 -0.644385
0.849861 -0.029676 -0.526171
0.747410 -0.154084 -0.646248
0.720063 -0.693895 -0.004507
-0.443186 0.470946 -0.762755
0.028031 0.030230 -0.999150
0.485910 -0.424653 -0.763912
0.720066 -0.693891 -0.004509
-0.322080 -0.333828 -0.885903
-0.711484 0.191961 -0.675974
0.219241 -0.701933 -0.677661
0.720067 -0.693890 -0.004508
-0.913103 -0.019000 -0.407287
-0.585178 -0.609129 -0.535283
0.018851 -0.911617 -0.410609
0.720066 -0.693891 -0.004508
-0.690769 -0.721899 -0.041237
-0.994015 -0.105413 -0.028692
-0.061573 -0.997512 -0.034318
0.720067 -0.693890 -0.004508
-0.932536 -0.044140 0.358369
-0.610547 -0.641928 0.463854
-0.000472 -0.936605 0.350388
0.720065 -0.693892 -0.004508
-0.366000 -0.390653 0.844650
-0.745143 0.148416 0.650180
0.185797 -0.745217 0.640415
0.720064 -0.693893 -0.004511
-0.482042 0.420654 0.768561
-0.022679 -0.035389 0.999116
0.447277 -0.474620 0.758076
0.720063 -0.693894 -0.004508
0.327438 0.328663 0.885870
-0.213745 0.699644 0.681770
0.713950 -0.197350 0.671809
0.720060 -0.693897 -0.004506
-0.012124 0.910612 0.413084
0.590538 0.603963 0.535251
0.914337 0.012336 0.404765
0.720060 -0.693897 -0.004509
0.696121 0.716741 0.041204
0.068777 0.997036 0.034484
0.994757 0.098227 0.028474
0.072471 0.983258 -0.167187
0.678962 0.700812 -0.218799
0.979737 0.102807 -0.171891
0.500939 -0.854736 0.135962
0.476683 -0.878915 -0.016759
0.720065 -0.693892 -0.004510
0.981332 -0.137929 -0.134030
0.659197 0.719489 -0.218619
0.675654 0.736060 0.041320
0.989261 -0.144736 0.020362
-0.220656 0.968158 -0.118239
-0.226681 0.973616 0.026211
0.508611 -0.844813 -0.166149
0.927735 -0.210435 0.308261
0.570092 0.623322 0.535224
-0.284152 0.912237 0.295096
0.588161 -0.761570 -0.272171
0.307080 0.348098 0.885737
0.774418 -0.370862 0.512580
-0.427333 0.762406 0.485925
0.694024 -0.651493 -0.306411
0.570392 -0.583019 0.578569
-0.042928 -0.015860 0.998952
-0.617878 0.564268 0.547566
0.797834 -0.544072 -0.259705
-0.386149 -0.371023 0.844530
0.370319 -0.790046 0.488559
-0.804731 0.370897 0.463512
0.871776 -0.468092 -0.144559
0.227805 -0.936483 0.266654
-0.630626 -0.622221 0.463845
-0.937820 0.234163 0.256243
0.896034 -0.443910 0.008173
-0.710836 -0.702156 -0.041096
0.181036 -0.983087 -0.027683
-0.981478 0.190664 -0.018646
0.864110 -0.478007 0.157555
0.242580 -0.917364 -0.315591
-0.605273 -0.589424 -0.534999
-0.924017 0.252026 -0.287533
0.784561 -0.561246 0.263566
-0.342247 -0.314204 -0.885518
0.395919 -0.756927 -0.519913
-0.780828 0.401854 -0.478353
0.678694 -0.671331 0.297808
0.599946 -0.544784 -0.585897
0.007768 0.049740 -0.998732
-0.590282 0.599982 -0.539989
0.574879 -0.778757 0.251101
0.350996 0.404902 -0.844308
0.800011 -0.337770 -0.495877
-0.403417 0.793337 -0.455929
0.881127 -0.240138 -0.407369
0.491138 0.548072 -0.677053
-0.314374 0.872562 -0.373906
240
0 0 1 2 0 1 2 2
0 3 4 5 3 4 5 1
0 3 5 6 3 5 6 1
0 4 7 5 4 7 5 1
0 7 8 5 7 8 5 1
0 1 9 2 1 9 2 2
0 6 5 10 6 5 10 1
0 5 11 10 5 11 10 1
0 5 8 12 5 8 12 1
0 5 12 11 5 12 11 1
0 9 13 2 9 13 2 2
0 10 11 14 10 11 14 1
0 10 14 15 10 14 15 1
0 11 12 14 11 12 14 1
0 12 16 14 12 16 14 1
0 13 17 2 13 17 2 2
0 15 14 18 15 14 18 1
0 14 19 18 14 19 18 1
0 14 16 20 14 16 20 1
0 14 20 19 14 20 19 1
0 17 21 2 17 21 2 2
0 18 19 22 18 19 22 1
0 18 22 23 18 22 23 1
0 19 20 22 19 20 22 1
0 20 24 22 20 24 22 1
0 21 25 2 21 25 2 2
0 23 22 26 23 22 26 1
0 22 27 26 22 27 26 1
0 22 24 28 22 24 28 1
0 22 28 27 22 28 27 1
0 25 29 2 25 29 2 2
0 26 27 30 26 27 30 1
0 26 30 31 26 30 31 1
0 27 28 30 27 28 30 1
0 28 32 30 28 32 30 1
0 29 33 2 29 33 2 2
0 31 30 34 31 30 34 1
0 30 35 34 30 35 34 1
0 30 32 36 30 32 36 1
0 30 36 35 30 36 35 1
0 33 37 2 33 37 2 2
0 34 35 38 34 35 38 1
0 34 38 39 34 38 39 1
0 35 36 38 35 36 38 1
0 36 40 38 36 40 38 1
0 37 41 2 37 41 2 2
0 39 38 42 39 38 42 1
0 38 43 42 38 43 42 1
0 38 40 44 38 40 44 1
0 38 44 43 38 44 43 1
0 41 45 2 41 45 2 2
0 42 43 46 42 43 46 1
0 42 46 47 42 46 47 1
0 43 44 46 43 44 46 1
0 44 48 46 44 48 46 1
0 45 0 2 45 0 2 2
0 47 46 49 47 46 49 1
0 46 50 49 46 50 49 1
0 46 48 51 46 48 51 1
0 46 51 50 46 51 50 1
0 52 53 54 52 53 54 2
0 55 56 57 55 56 57 1
0 55 57 58 55 57 58 1
0 56 52 57 56 59 57 1
0 52 59 57 59 60 57 1
0 54 53 60 54 53 61 2
0 58 57 61 58 57 62 1
0 57 62 61 57 63 62 1
0 57 59 63 57 60 64 1
0 57 63 62 57 64 63 1
0 60 53 64 61 53 65 2
0 61 62 65 62 63 66 1
0 61 65 66 62 66 67 1
0 62 63 65 63 64 66 1
0 63 67 65 64 68 66 1
0 64 53 68 65 53 69 2
0 66 65 69 67 66 70 1
0 65 70 69 66 71 70 1
0 65 67 71 66 68 72 1
0 65 71 70 66 72 71 1
0 68 53 72 69 53 73 2
0 69 70 73 70 71 74 1
0 69 73 74 70 74 75 1
0 70 71 73 71 72 74 1
0 71 75 73 72 76 74 1
0 72 53 76 73 53 77 2
0 74 73 77 75 74 78 1
0 73 78 77 74 79 78 1
0 73 75 79 74 76 80 1
0 73 79 78 74 80 79 1
0 76 53 80 77 53 81 2
0 77 78 81 78 79 82 1
0 77 81 82 78 82 83 1
0 78 79 81 79 80 82 1
0 79 83 81 80 84 82 1
0 80 53 84 81 53 85 2
0 82 81 85 83 82 86 1
0 81 86 85 82 87 86 1
0 81 83 87 82 84 88 1
0 81 87 86 82 88 87 1
0 84 53 88 85 53 89 2
0 85 86 89 86 87 90 1
0 85 89 90 86 90 91 1
0 86 87 89 87 88 90 1
0 87 91 89 88 92 90 1
0 88 53 92 89 53 93 2
0 90 89 93 91 90 94 1
0 89 94 93 90 95 94 1
0 89 91 95 90 92 96 1
0 89 95 94 90 96 95 1
0 92 53 96 93 53 97 2
0 93 94 97 94 95 98 1
0 93 97 98 94 98 99 1
0 94 95 97 95 96 98 1
0 95 99 97 96 100 98 1
0 96 53 52 97 53 52 2
0 98 97 100 99 98 101 1
0 97 101 100 98 102 101 1
0 97 99 102 98 100 103 1
0 97 102 101 98 103 102 1
0 103 104 105 104 105 106 2
0 106 107 108 107 108 109 1
0 106 108 109 107 109 110 1
0 107 103 108 108 111 109 1
0 103 110 108 111 112 109 1
0 105 104 111 106 105 113 2
0 109 108 112 110 109 114 1
0 108 113 112 109 115 114 1
0 108 110 114 109 112 116 1
0 108 114 113 109 116 115 1
0 111 104 115 113 105 117 2
0 112 113 116 114 115 118 1
0 112 116 117 114 118 119 1
0 113 114 116 115 116 118 1
0 114 118 116 116 120 118 1
0 115 104 119 117 105 121 2
0 117 116 120 119 118 122 1
0 116 121 120 118 123 122 1
0 116 118 122 118 120 124 1
0 116 122 121 118 124 123 1
0 119 104 123 121 105 125 2
0 120 121 124 122 123 126 1
0 120 124 125 122 126 127 1
0 121 122 124 123 124 126 1
0 122 126 124 124 128 126 1
0 123 104 127 125 105 129 2
0 125 124 128 127 126 130 1
0 124 129 128 126 131 130 1
0 124 126 130 126 128 132 1
0 124 130 129 126 132 131 1
0 127 104 131 129 105 133 2
0 128 129 132 130 131 134 1
0 128 132 133 130 134 135 1
0 129 130 132 131 132 134 1
0 130 134 132 132 136 134 1
0 131 104 135 133 105 137 2
0 133 132 136 135 134 138 1
0 132 137 136 134 139 138 1
0 132 134 138 134 136 140 1
0 132 138 137 134 140 139 1
0 135 104 139 137 105 141 2
0 136 137 140 138 139 142 1
0 136 140 141 138 142 143 1
0 137 138 140 139 140 142 1
0 138 142 140 140 144 142 1
0 139 104 143 141 105 145 2
0 141 140 144 143 142 146 1
0 140 145 144 142 147 146 1
0 140 142 146 142 144 148 1
0 140 146 145 142 148 147 1
0 143 104 147 145 105 149 2
0 144 145 148 146 147 150 1
0 144 148 149 146 150 151 1
0 145 146 148 147 148 150 1
0 146 150 148 148 152 150 1
0 147 104 103 149 105 104 2
0 149 148 151 151 150 153 1
0 148 152 151 150 154 153 1
0 148 150 153 150 152 155 1
0 148 153 152 150 155 154 1
0 154 155 156 156 157 158 2
0 157 158 159 159 160 161 1
0 157 159 160 159 161 162 1
0 158 161 159 160 163 161 1
0 161 162 159 163 164 161 1
0 155 163 156 157 165 158 2
0 160 159 164 162 161 166 1
0 159 165 164 161 167 166 1
0 159 162 166 161 164 168 1
0 159 166 165 161 168 167 1
0 163 167 156 165 169 158 2
0 164 165 168 166 167 170 1
0 164 168 169 166 170 171 1
0 165 166 168 167 168 170 1
0 166 170 168 168 172 170 1
0 167 171 156 169 173 158 2
0 169 168 172 171 170 174 1
0 168 173 172 170 175 174 1
0 168 170 174 170 172 176 1
0 168 174 173 170 176 175 1
0 171 175 156 173 177 158 2
0 172 173 176 174 175 178 1
0 172 176 177 174 178 179 1
0 173 174 176 175 176 178 1
0 174 178 176 176 180 178 1
0 175 179 156 177 181 158 2
0 177 176 180 179 178 182 1
0 176 181 180 178 183 182 1
0 176 178 182 178 180 184 1
0 176 182 181 178 184 183 1
0 179 183 156 181 185 158 2
0 180 181 184 182 183 186 1
0 180 184 185 182 186 187 1
0 181 182 184 183 184 186 1
0 182 186 184 184 188 186 1
0 183 187 156 185 189 158 2
0 185 184 188 187 186 190 1
0 184 189 188 186 191 190 1
0 184 186 190 186 188 192 1
0 184 190 189 186 192 191 1
0 187 191 156 189 193 158 2
0 188 189 192 190 191 194 1
0 188 192 193 190 194 195 1
0 189 190 192 191 192 194 1
0 190 194 192 192 196 194 1
0 191 195 156 193 197 158 2
0 193 192 196 195 194 198 1
0 192 197 196 194 199 198 1
0 192 194 198 194 196 200 1
0 192 198 197 194 200 199 1
0 195 199 156 197 201 158 2
0 196 197 200 198 199 202 1
0 196 200 201 198 202 203 1
0 197 198 200 199 200 202 1
0 198 202 200 200 204 202 1
0 199 154 156 201 156 158 2
0 201 200 203 203 202 205 1
0 200 204 203 202 206 205 1
0 200 202 205 202 204 207 1
0 200 205 204 202 207 206 1
"tops" 0 2
76
0 -4.007851 3.727459 0.076454 0.000000 0.000000 -1
0 -3.434280 4.072595 0.102339 0.083333 0.166667 -1
0 -3.486187 4.020851 -0.224492 0.000000 0.166667 -1
0 -4.007851 3.727459 0.076454 0.083333 0.000000 -1
0 -3.502600 3.999614 0.422013 0.166667 0.166667 -1
0 -4.007851 3.727459 0.076454 0.166667 0.000000 -1
0 -3.672854 3.821499 0.648893 0.250000 0.166667 -1
0 -4.007851 3.727459 0.076454 0.250000 0.000000 -1
0 -3.899399 3.585909 0.722172 0.333333 0.166667 -1
0 -4.007851 3.727459 0.076454 0.333333 0.000000 -1
0 -4.121556 3.356026 0.622222 0.416667 0.166667 -1
0 -4.007851 3.727459 0.076454 0.416667 0.000000 -1
0 -4.279788 3.193433 0.375826 0.500000 0.166667 -1
0 -4.007851 3.727459 0.076454 0.500000 0.000000 -1
0 -4.331707 3.141680 0.048996 0.583333 0.166667 -1
0 -4.007851 3.727459 0.076454 0.583333 0.000000 -1
0 -4.263384 3.214655 -0.270687 0.666667 0.166667 -1
0 -4.007851 3.727459 0.076454 0.666667 0.000000 -1
0 -4.093134 3.392807 -0.497558 0.750000 0.166667 -1
0 -4.007851 3.727459 0.076454 0.750000 0.000000 -1
0 -3.866585 3.628383 -0.570839 0.833333 0.166667 -1
0 -4.007851 3.727459 0.076454 0.833333 0.000000 -1
0 -3.644423 3.858252 -0.470892 0.916667 0.166667 -1
0 -4.007851 3.727459 0.076454 0.916667 0.000000 -1
0 -3.486187 4.020851 -0.224492 1.000000 0.166667 -1
0 -2.854635 3.995027 -0.446356 0.000000 0.333333 -1
0 -2.764739 4.084661 0.119725 0.083333 0.333333 -1
0 -2.883060 3.958260 0.673427 0.166667 0.333333 -1
0 -3.177932 3.649714 1.066387 0.250000 0.333333 -1
0 -3.570336 3.241677 1.193314 0.333333 0.333333 -1
0 -3.955110 2.843515 1.020192 0.416667 0.333333 -1
0 -4.229168 2.561879 0.593415 0.500000 0.333333 -1
0 -4.319096 2.472263 0.027331 0.583333 0.333333 -1
0 -4.200754 2.598656 -0.526371 0.666667 0.333333 -1
0 -3.905876 2.907201 -0.919326 0.750000 0.333333 -1
0 -3.513490 3.315229 -1.046255 0.833333 0.333333 -1
0 -3.128705 3.713404 -0.873134 0.916667 0.333333 -1
0 -2.854635 3.995027 -0.446356 1.000000 0.333333 -1
0 3.913061 -3.903306 0.024552 0.000000 1.000000 -1
0 4.185018 -3.369289 -0.274820 0.000000 0.833333 -1
0 4.236931 -3.317537 0.052000 0.083333 0.833333 -1
0 3.913061 -3.903306 0.024552 0.083333 1.000000 -1
0 4.168610 -3.390516 0.371686 0.166667 0.833333 -1
0 3.913061 -3.903306 0.024552 0.166667 1.000000 -1
0 3.998358 -3.568649 0.598561 0.250000 0.833333 -1
0 3.913061 -3.903306 0.024552 0.250000 1.000000 -1
0 3.771799 -3.804223 0.671841 0.333333 0.833333 -1
0 3.913061 -3.903306 0.024552 0.333333 1.000000 -1
0 3.549655 -4.034113 0.571887 0.416667 0.833333 -1
0 3.913061 -3.903306 0.024552 0.416667 1.000000 -1
0 3.391418 -4.196704 0.325489 0.500000 0.833333 -1
0 3.913061 -3.903306 0.024552 0.500000 1.000000 -1
0 3.339514 -4.248449 -0.001335 0.583333 0.833333 -1
0 3.913061 -3.903306 0.024552 0.583333 1.000000 -1
0 3.407830 -4.175472 -0.321017 0.666667 0.833333 -1
0 3.913061 -3.903306 0.024552 0.666667 1.000000 -1
0 3.578063 -3.997328 -0.547894 0.750000 0.833333 -1
0 3.913061 -3.903306 0.024552 0.750000 1.000000 -1
0 3.804625 -3.761767 -0.621171 0.833333 0.833333 -1
0 3.913061 -3.903306 0.024552 0.833333 1.000000 -1
0 4.026777 -3.531876 -0.521223 0.916667 0.833333 -1
0 3.913061 -3.903306 0.024552 0.916667 1.000000 -1
0 4.185018 -3.369289 -0.274820 1.000000 0.833333 -1
0 4.134402 -2.737736 -0.492412 0.000000 0.666667 -1
0 4.224319 -2.648108 0.073667 0.083333 0.666667 -1
0 4.105966 -2.774489 0.627372 0.166667 0.666667 -1
0 3.811107 -3.083053 1.020335 0.250000 0.666667 -1
0 3.418705 -3.491070 1.147258 0.333333 0.666667 -1
0 3.033919 -3.889244 0.974134 0.416667 0.666667 -1
0 2.759856 -4.170882 0.547356 0.500000 0.666667 -1
0 2.669937 -4.260492 -0.018725 0.583333 0.666667 -1
0 2.788269 -4.134094 -0.572427 0.666667 0.666667 -1
0 3.083162 -3.825564 -0.965386 0.750000 0.666667 -1
0 3.475537 -3.417520 -1.092310 0.833333 0.666667 -1
0 3.860343 -3.019364 -0.919191 0.916667 0.666667 -1
0 4.134402 -2.737736 -0.492412 1.000000 0.666667 -1
76
-0.513035 0.856658 -0.054146
-0.278829 0.960029 0.024460
-0.186013 0.974594 -0.124763
-0.516543 0.852117 0.084143
-0.252637 0.916316 0.310708
-0.567529 0.798454 0.200955
-0.462506 0.766685 0.445288
-0.652460 0.709903 0.265204
-0.604387 0.549566 0.576796
-0.748380 0.610399 0.259502
-0.808010 0.408279 0.424769
-0.829727 0.526467 0.185432
-0.941568 0.201664 0.269780
-0.874670 0.480628 0.062838
-0.969825 0.243234 -0.016624
-0.871161 0.485169 -0.075433
-0.927022 0.220485 -0.303341
-0.820147 0.538866 -0.192309
-0.786133 0.436584 -0.437480
-0.735296 0.627336 -0.256494
-0.575290 0.587220 -0.569398
-0.639303 0.726910 -0.250785
-0.440622 0.794999 -0.416928
-0.557975 0.810820 -0.176734
-0.284674 0.873957 -0.393903
-0.013788 0.987937 -0.154242
-0.018847 0.999299 0.032341
-0.093508 0.919553 0.381678
-0.279519 0.724890 0.629606
-0.527099 0.467455 0.709685
-0.769859 0.216242 0.600464
-0.942770 0.038547 0.331209
-0.999501 -0.017991 -0.025953
-0.924835 0.061756 -0.375321
-0.738798 0.256416 -0.623240
-0.491239 0.513844 -0.703312
-0.248468 0.765074 -0.594075
-0.134691 0.864615 -0.484046
0.874659 -0.480651 -0.062823
0.979976 -0.149012 -0.132066
0.969822 -0.243246 0.016624
0.871151 -0.485190 0.075415
0.927022 -0.220490 0.303339
0.820124 -0.538898 0.192317
0.786119 -0.436609 0.437481
0.735279 -0.627355 0.256497
0.575290 -0.587215 0.569403
0.639357 -0.726859 0.250795
0.440637 -0.794986 0.416937
0.557985 -0.810821 0.176701
0.238101 -0.935130 0.262373
0.513058 -0.856644 0.054150
0.278826 -0.960030 -0.024450
0.516567 -0.852104 -0.084129
0.252648 -0.916307 -0.310725
0.567587 -0.798395 -0.201022
0.462515 -0.766679 -0.445290
0.652401 -0.709967 -0.265180
0.604375 -0.549585 -0.576790
0.748395 -0.610392 -0.259474
0.808009 -0.408290 -0.424760
0.829708 -0.526497 -0.185436
0.881301 -0.249663 -0.401220
0.986749 0.023784 -0.160503
0.999501 0.017994 0.025962
0.924837 -0.061732 0.375320
0.738798 -0.256427 0.623236
0.491227 -0.513859 0.703310
0.248464 -0.765064 0.594090
0.075560 -0.942755 0.324812
0.018817 -0.999300 -0.032346
0.093466 -0.919558 -0.381678
0.279525 -0.724887 -0.629607
0.527079 -0.467442 -0.709708
0.769852 -0.216251 -0.600469
0.865840 -0.099539 -0.490320
72
0 0 1 2 0 1 2 1
0 3 4 1 3 4 1 1
0 5 6 4 5 6 4 1
0 7 8 6 7 8 6 1
0 9 10 8 9 10 8 1
0 11 12 10 11 12 10 1
0 13 14 12 13 14 12 1
0 15 16 14 15 16 14 1
0 17 18 16 17 18 16 1
0 19 20 18 19 20 18 1
0 21 22 20 21 22 20 1
0 23 24 22 23 24 22 1
0 25 2 26 25 2 26 1
0 2 1 26 2 1 26 1
0 26 1 4 26 1 4 1
0 26 4 27 26 4 27 1
0 27 4 28 27 4 28 1
0 4 6 28 4 6 28 1
0 28 6 8 28 6 8 1
0 28 8 29 28 8 29 1
0 29 8 30 29 8 30 1
0 8 10 30 8 10 30 1
0 30 10 12 30 10 12 1
0 30 12 31 30 12 31 1
0 31 12 32 31 12 32 1
0 12 14 32 12 14 32 1
0 32 14 16 32 14 16 1
0 32 16 33 32 16 33 1
0 33 16 34 33 16 34 1
0 16 18 34 16 18 34 1
0 34 18 20 34 18 20 1
0 34 20 35 34 20 35 1
0 35 20 36 35 20 36 1
0 20 22 36 20 22 36 1
0 36 22 24 36 22 24 1
0 36 24 37 36 24 37 1
0 38 39 40 38 39 40 1
0 41 40 42 41 40 42 1
0 43 42 44 43 42 44 1
0 45 44 46 45 44 46 1
0 47 46 48 47 46 48 1
0 49 48 50 49 48 50 1
0 51 50 52 51 50 52 1
0 53 52 54 53 52 54 1
0 55 54 56 55 54 56 1
0 57 56 58 57 56 58 1
0 59 58 60 59 58 60 1
0 61 60 62 61 60 62 1
0 39 63 64 39 63 64 1
0 39 64 40 39 64 40 1
0 40 64 42 40 64 42 1
0 64 65 42 64 65 42 1
0 42 65 66 42 65 66 1
0 42 66 44 42 66 44 1
0 44 66 46 44 66 46 1
0 66 67 46 66 67 46 1
0 46 67 68 46 67 68 1
0 46 68 48 46 68 48 1
0 48 68 50 48 68 50 1
0 68 69 50 68 69 50 1
0 50 69 70 50 69 70 1
0 50 70 52 50 70 52 1
0 52 70 54 52 70 54 1
0 70 71 54 70 71 54 1
0 54 71 72 54 71 72 1
0 54 72 56 54 72 56 1
0 56 72 58 56 72 58 1
0 72 73 58 72 73 58 1
0 58 73 74 58 73 74 1
0 58 74 60 58 74 60 1
0 60 74 62 60 74 62 1
0 74 75 62 74 75 62 1

Materials: 3
"main"
0.200000 0.200000 0.200000 1.000000
0.800000 0.800000 0.800000 1.000000
0.000000 0.000000 0.000000 1.000000
0.000000 0.000000 0.000000 1.000000
0.000000
1.000000
".\main.bmp"
""
"rings"
0.200000 0.200000 0.200000 1.000000
0.800000 0.800000 0.800000 1.000000
0.000000 0.000000 0.000000 1.000000
0.000000 0.000000 0.000000 1.000000
0.000000
1.000000
".\rings.bmp"
""
"tops"
0.200000 0.200000 0.200000 1.000000
0.800000 0.800000 0.800000 1.000000
0.000000 0.000000 0.000000 1.000000
0.000000 0.000000 0.000000 1.000000
0.000000
1.000000
".\tops.bmp"
""

Bones: 0
