// MilkShape 3D ASCII

Frames: 30
Frame: 1

Meshes: 6
"shed" 0 2
10
0 -0.029051 19.222105 49.647366 0.000000 0.000000 -1
0 -0.029051 16.107819 49.647366 0.000000 1.000000 -1
0 37.444759 10.472105 34.263222 1.000000 0.000000 -1
0 37.444759 16.107819 38.763222 1.000000 1.000000 -1
0 -0.700000 27.107819 18.344761 0.000000 1.000000 -1
0 -0.029051 16.107819 49.647366 1.000000 1.000000 -1
0 -0.029051 19.222105 49.647366 1.000000 0.000000 -1
0 -0.029051 16.107819 49.647366 0.000000 0.000000 -1
0 37.444759 16.107819 38.763222 1.000000 0.000000 -1
0 30.655554 27.107819 19.211428 1.000000 1.000000 -1
7
0.379773 0.000000 0.925080
0.243906 0.936766 0.250957
-0.221339 0.608494 -0.762066
-0.999770 0.000000 0.021429
-0.095326 -0.939784 -0.328205
-0.041065 -0.909651 -0.413338
0.013651 -0.869421 -0.493884
5
0 0 1 2 0 1 1 1
0 1 3 2 1 2 1 1
0 4 5 6 3 3 3 2
0 7 4 8 4 5 5 3
0 4 9 8 5 6 5 3
"Box01" 1 4
20
1 70.913567 0.607116 -21.290361 0.000000 0.000000 -1
1 41.103912 0.634869 -3.377245 0.000000 1.000000 -1
1 70.978249 3.003832 -21.182699 1.000000 0.000000 -1
1 41.168617 3.031580 -3.269569 1.000000 1.000000 -1
1 70.978249 3.003832 -21.182699 0.000000 0.000000 -1
1 41.168617 3.031580 -3.269569 0.000000 1.000000 -1
1 84.839516 1.593360 1.886303 1.000000 0.000000 -1
1 55.029854 1.621123 19.799425 1.000000 1.000000 -1
1 84.839516 1.593360 1.886303 0.000000 0.000000 -1
1 55.029854 1.621123 19.799425 0.000000 1.000000 -1
1 84.774818 -0.803331 1.778636 1.000000 0.000000 -1
1 54.965187 -0.775607 19.691784 1.000000 1.000000 -1
1 84.774818 -0.803331 1.778636 0.000000 0.000000 -1
1 54.965187 -0.775607 19.691784 0.000000 1.000000 -1
1 70.913567 0.607116 -21.290361 1.000000 0.000000 -1
1 41.103912 0.634869 -3.377245 1.000000 1.000000 -1
1 70.913567 0.607116 -21.290361 0.000000 1.000000 -1
1 70.978249 3.003832 -21.182699 1.000000 1.000000 -1
1 41.103912 0.634869 -3.377245 0.000000 0.000000 -1
1 41.168617 3.031580 -3.269569 1.000000 0.000000 -1
18
-0.514332 0.052332 -0.855993
-0.514332 0.052337 -0.855993
-0.514332 0.052342 -0.855992
0.027640 0.998629 0.044450
0.027640 0.998629 0.044449
0.027640 0.998629 0.044449
0.514332 -0.052338 0.855993
0.514332 -0.052330 0.855993
0.514333 -0.052321 0.855993
-0.027639 -0.998629 -0.044449
-0.027640 -0.998629 -0.044450
-0.027640 -0.998629 -0.044450
0.857167 -0.000001 -0.515038
0.857167 0.000001 -0.515038
0.857167 0.000003 -0.515038
-0.857167 0.000002 0.515038
-0.857167 -0.000001 0.515038
-0.857168 -0.000004 0.515038
12
1 0 1 2 0 1 1 1
1 1 3 2 1 2 1 1
1 4 5 6 3 4 4 2
1 5 7 6 4 5 4 2
1 8 9 10 6 7 7 1
1 9 11 10 7 8 7 1
1 12 13 14 9 10 10 2
1 13 15 14 10 11 10 2
1 12 16 6 12 13 13 3
1 16 17 6 13 14 13 3
1 18 13 19 15 16 16 3
1 13 7 19 16 17 16 3
"Regroup03" 0 3
78
0 -22.016666 27.494967 10.223305 0.000000 0.000000 -1
0 -22.016666 -0.020188 18.359671 0.000000 1.000000 -1
0 30.650000 27.494967 11.223307 1.000000 0.000000 -1
0 30.650000 -0.020188 19.359671 1.000000 1.000000 -1
0 30.650000 27.494967 11.223307 0.000000 0.000000 -1
0 30.650000 -0.020188 19.359671 0.000000 1.000000 -1
0 30.650000 33.579811 -19.173658 1.000000 0.000000 -1
0 38.316666 -0.020188 -21.973661 1.000000 1.000000 -1
0 30.650000 33.579811 -19.173658 0.000000 0.000000 -1
0 38.316666 -0.020188 -21.973661 0.000000 1.000000 -1
0 -17.016665 30.817425 -27.509960 1.000000 0.000000 -1
0 -17.016665 0.305340 -13.325024 1.000000 1.000000 -1
0 -17.016665 30.817425 -27.509960 0.000000 0.000000 -1
0 -17.016665 0.305340 -13.325024 0.000000 1.000000 -1
0 -22.016666 27.494967 10.223305 1.000000 0.000000 -1
0 -22.016666 -0.020188 18.359671 1.000000 1.000000 -1
0 -22.016666 27.494967 10.223305 0.000000 1.000000 -1
0 30.650000 27.494967 11.223307 1.000000 1.000000 -1
0 -22.016666 -0.020188 18.359671 0.000000 0.000000 -1
0 30.650000 -0.020188 19.359671 1.000000 0.000000 -1
0 19.900000 31.646484 -36.515327 0.000000 0.000000 -1
0 8.150000 31.646484 -36.515327 0.000000 0.000000 -1
0 18.325798 40.896484 -30.890331 0.000000 0.000000 -1
0 19.900000 -0.303536 -33.931999 0.000000 0.166667 -1
0 18.325798 -0.303536 -28.056997 0.083333 0.166667 -1
0 18.325798 40.896484 -30.890331 0.083333 0.000000 -1
0 14.025000 40.896484 -26.589531 0.000000 0.000000 -1
0 14.025000 40.896484 -26.589531 0.166667 0.000000 -1
0 14.025000 -0.303536 -23.756197 0.166667 0.166667 -1
0 7.816666 25.146484 -30.515331 0.000000 0.000000 -1
0 8.150000 -0.303536 -22.181997 0.250000 0.166667 -1
0 7.816666 25.146484 -30.515331 0.250000 0.000000 -1
0 2.275000 40.896484 -26.589531 0.000000 0.000000 -1
0 2.275000 40.896484 -26.589531 0.333333 0.000000 -1
0 2.275000 -0.303536 -23.756197 0.333333 0.166667 -1
0 -2.025798 40.896484 -30.890331 0.000000 0.000000 -1
0 -2.025798 -0.303536 -28.056997 0.416667 0.166667 -1
0 -2.025798 40.896484 -30.890331 0.416667 0.000000 -1
0 -3.600000 31.646484 -36.515327 0.000000 0.000000 -1
0 -3.600000 31.646484 -36.515327 0.500000 0.000000 -1
0 -3.600000 -0.303536 -33.931999 0.500000 0.166667 -1
0 -2.025798 24.896484 -42.890327 0.000000 0.000000 -1
0 -2.025798 -0.303536 -39.806999 0.583333 0.166667 -1
0 -2.025798 24.896484 -42.890327 0.583333 0.000000 -1
0 2.275000 40.896484 -46.941124 0.000000 0.000000 -1
0 2.275000 40.896484 -46.941124 0.666667 0.000000 -1
0 2.275000 -0.303536 -44.107796 0.666667 0.166667 -1
0 8.150000 40.896484 -48.515327 0.000000 0.000000 -1
0 8.150000 -0.303536 -45.681999 0.750000 0.166667 -1
0 8.150000 40.896484 -48.515327 0.750000 0.000000 -1
0 14.025000 40.896484 -46.941124 0.000000 0.000000 -1
0 14.025000 40.896484 -46.941124 0.833333 0.000000 -1
0 14.025000 -0.303536 -44.107796 0.833333 0.166667 -1
0 18.325798 24.896484 -42.890327 0.000000 0.000000 -1
0 18.325798 -0.303536 -39.806999 0.916667 0.166667 -1
0 18.325798 24.896484 -42.890327 0.916667 0.000000 -1
0 19.900000 31.646484 -36.515327 1.000000 0.000000 -1
0 19.900000 -0.303536 -33.931999 1.000000 0.166667 -1
0 -0.085836 15.991150 49.524952 0.000000 0.000000 -1
0 -0.720842 -0.008849 44.411430 0.000000 1.000000 -1
0 37.403381 15.991150 38.775089 1.000000 0.000000 -1
0 38.279167 -0.008849 44.411430 1.000000 1.000000 -1
0 37.403381 15.991150 38.775089 0.000000 0.000000 -1
0 38.279167 -0.008849 44.411430 0.000000 1.000000 -1
0 30.612499 26.991150 19.411428 1.000000 0.000000 -1
0 30.612499 -0.008849 19.411428 1.000000 1.000000 -1
0 30.612499 26.991150 19.411428 0.000000 0.000000 -1
0 30.612499 -0.008849 19.411428 0.000000 1.000000 -1
0 -0.720842 26.991150 18.411427 1.000000 0.000000 -1
0 -0.720842 -0.008849 18.411427 1.000000 1.000000 -1
0 -0.720842 26.991150 18.411427 0.000000 0.000000 -1
0 -0.720842 -0.008849 18.411427 0.000000 1.000000 -1
0 -0.085836 15.991150 49.524952 1.000000 0.000000 -1
0 -0.720842 -0.008849 44.411430 1.000000 1.000000 -1
0 -0.085836 15.991150 49.524952 0.000000 1.000000 -1
0 37.403381 15.991150 38.775089 1.000000 1.000000 -1
0 -0.720842 -0.008849 44.411430 0.000000 0.000000 -1
0 38.279167 -0.008849 44.411430 1.000000 0.000000 -1
69
-0.018205 0.283520 0.958794
-0.018205 0.283520 0.958794
-0.018205 0.283520 0.958794
1.000000 0.000000 0.000000
0.990557 0.103336 0.090106
0.962405 0.204720 0.178511
0.164345 0.119098 -0.979186
0.011371 -0.156892 -0.987550
-0.142737 -0.417250 -0.897513
-0.988591 -0.063499 -0.136588
-0.987705 -0.054845 -0.146393
-0.986650 -0.046181 -0.156173
-0.071288 0.994393 0.078111
-0.037595 0.989785 0.137520
-0.003727 0.980540 0.196284
0.000194 -0.999948 -0.010243
-0.002932 -0.999980 -0.005683
-0.006059 -0.999981 -0.001124
0.000000 0.606457 -0.795116
-0.000018 0.990691 -0.136127
-0.238624 0.682568 -0.690768
0.965714 0.020922 0.258762
0.967728 0.018845 0.251290
0.867490 0.034936 0.496227
0.869440 0.033895 0.492874
-0.784768 0.610868 -0.104779
0.280660 0.109738 0.953513
0.499234 0.059447 0.864426
-0.000151 0.678284 0.734800
0.014790 0.159044 0.987161
0.039931 0.311406 0.949438
0.800738 0.593735 -0.079360
-0.273081 0.112269 0.955417
-0.499234 0.059447 0.864426
0.238624 0.682568 -0.690768
-0.867490 0.034936 0.496227
-0.869440 0.033895 0.492874
-0.999967 -0.002413 0.007815
-1.000000 -0.000000 -0.000000
-0.533446 0.844743 -0.042945
-0.828723 -0.055087 -0.556941
-0.784580 -0.075301 -0.615438
-0.276771 0.636064 0.720292
-0.424135 -0.074321 -0.902544
-0.499234 -0.059447 -0.864426
0.000000 0.792010 0.610508
0.000000 -0.068608 -0.997644
0.276771 0.636064 0.720292
0.424135 -0.074321 -0.902544
0.499234 -0.059447 -0.864426
0.533446 0.844743 -0.042945
0.828723 -0.055087 -0.556941
0.784580 -0.075301 -0.615438
0.971421 -0.023529 -0.236194
0.965714 -0.020922 -0.258762
0.262664 -0.303180 0.916018
0.139872 0.015485 0.990049
0.000000 0.332258 0.943188
0.925666 -0.079626 -0.369867
0.942410 -0.039878 -0.332074
0.956054 0.000000 -0.293190
0.031899 0.000000 -0.999491
-0.999792 0.000000 0.020405
-0.999751 0.019833 0.010205
-0.999213 0.039657 0.000000
-0.010644 0.942690 0.333500
0.060167 0.916263 0.396032
0.130399 0.881020 0.454754
0.000000 -1.000000 0.000000
60
0 0 1 2 0 1 1 1
0 1 3 2 1 2 1 1
0 4 5 6 3 4 4 2
0 5 7 6 4 5 4 2
0 8 9 10 6 7 7 1
0 9 11 10 7 8 7 1
0 12 13 14 9 10 10 2
0 13 15 14 10 11 10 2
0 12 16 6 12 13 13 3
0 16 17 6 13 14 13 3
0 18 13 19 15 16 16 3
0 13 7 19 16 17 16 3
0 20 21 22 18 19 20 2
0 23 20 24 21 22 23 1
0 20 25 24 22 24 23 1
0 22 21 26 20 19 25 2
0 24 25 27 23 24 26 1
0 24 27 28 23 26 27 1
0 26 21 29 25 19 28 2
0 28 27 30 27 26 29 1
0 27 31 30 26 30 29 1
0 29 21 32 28 19 31 2
0 30 31 33 29 30 32 1
0 30 33 34 29 32 33 1
0 32 21 35 31 19 34 2
0 34 33 36 33 32 35 1
0 33 37 36 32 36 35 1
0 35 21 38 34 19 18 2
0 36 37 39 35 36 37 1
0 36 39 40 35 37 38 1
0 38 21 41 18 19 39 2
0 40 39 42 38 37 40 1
0 39 43 42 37 41 40 1
0 41 21 44 39 19 42 2
0 42 43 45 40 41 43 1
0 42 45 46 40 43 44 1
0 44 21 47 42 19 45 2
0 46 45 48 44 43 46 1
0 45 49 48 43 46 46 1
0 47 21 50 45 19 47 2
0 48 49 51 46 46 48 1
0 48 51 52 46 48 49 1
0 50 21 53 47 19 50 2
0 52 51 54 49 48 51 1
0 51 55 54 48 52 51 1
0 53 21 20 50 19 18 2
0 54 55 56 51 52 53 1
0 54 56 57 51 53 54 1
0 58 59 60 55 56 56 1
0 59 61 60 56 57 56 1
0 62 63 64 58 59 59 2
0 63 65 64 59 60 59 2
0 66 67 68 61 61 61 1
0 67 69 68 61 61 61 1
0 70 71 72 62 63 63 2
0 71 73 72 63 64 63 2
0 70 74 64 65 66 66 3
0 74 75 64 66 67 66 3
0 76 71 77 68 68 68 3
0 71 65 77 68 68 68 3
"Duplicate01" 0 3
20
0 -17.028570 39.893314 -23.923454 0.000000 0.000000 -1
0 -17.028570 4.638471 -5.178121 0.000000 1.000000 -1
0 30.733334 39.909580 -11.603235 1.000000 0.000000 -1
0 30.733334 -0.018997 -11.603235 1.000000 1.000000 -1
0 30.733334 39.909580 -11.603235 0.000000 0.000000 -1
0 30.733334 -0.018997 -11.603235 0.000000 1.000000 -1
0 30.733334 33.509583 -19.053232 1.000000 0.000000 -1
0 38.400002 -0.018997 -21.853235 1.000000 1.000000 -1
0 30.733334 33.509583 -19.053232 0.000000 0.000000 -1
0 38.400002 -0.018997 -21.853235 0.000000 1.000000 -1
0 -17.028570 30.744894 -27.496796 1.000000 0.000000 -1
0 -17.028570 0.295856 -13.345390 1.000000 1.000000 -1
0 -17.028570 30.744894 -27.496796 0.000000 0.000000 -1
0 -17.028570 0.295856 -13.345390 0.000000 1.000000 -1
0 -17.028570 39.893314 -23.923454 1.000000 0.000000 -1
0 -17.028570 4.638471 -5.178121 1.000000 1.000000 -1
0 -17.028570 39.893314 -23.923454 0.000000 1.000000 -1
0 30.733334 39.909580 -11.603235 1.000000 1.000000 -1
0 -17.028570 4.638471 -5.178121 0.000000 0.000000 -1
0 30.733334 -0.018997 -11.603235 1.000000 0.000000 -1
16
-0.222218 0.457733 0.860871
-0.046548 0.239683 0.969735
0.133323 0.000000 0.991073
1.000000 0.000000 0.000000
0.947043 0.069651 0.313461
0.793782 0.131924 0.593723
0.166109 0.119724 -0.978813
0.013639 -0.156593 -0.987569
-0.140189 -0.417301 -0.897890
-1.000000 0.000000 0.000000
0.142150 0.360133 -0.922007
0.158437 0.570687 -0.805738
0.165515 0.748075 -0.642642
-0.022939 -0.882715 0.469348
-0.015137 -0.970770 0.239536
-0.006417 -0.999968 -0.004800
12
0 0 1 2 0 1 1 1
0 1 3 2 1 2 1 1
0 4 5 6 3 4 4 2
0 5 7 6 4 5 4 2
0 8 9 10 6 7 7 1
0 9 11 10 7 8 7 1
0 12 13 14 9 9 9 2
0 13 15 14 9 9 9 2
0 12 16 6 10 11 11 3
0 16 17 6 11 12 11 3
0 18 13 19 13 14 14 3
0 13 7 19 14 15 14 3
"Box02" 0 3
20
0 -22.006441 40.166668 18.573879 0.000000 0.000000 -1
0 -22.006441 -0.166668 18.573879 0.000000 1.000000 -1
0 -17.673107 40.166668 18.573879 1.000000 0.000000 -1
0 -17.673107 -0.166668 18.573879 1.000000 1.000000 -1
0 -17.673107 40.166668 18.573879 0.000000 0.000000 -1
0 -17.673107 -0.166668 18.573879 0.000000 1.000000 -1
0 -12.673105 31.082989 -27.408552 1.000000 0.000000 -1
0 -12.673105 0.276569 -13.067118 1.000000 1.000000 -1
0 -12.673105 31.082989 -27.408552 0.000000 0.000000 -1
0 -12.673105 0.276569 -13.067118 0.000000 1.000000 -1
0 -17.006441 31.082989 -27.408552 1.000000 0.000000 -1
0 -17.006441 0.276569 -13.067118 1.000000 1.000000 -1
0 -17.006441 31.082989 -27.408552 0.000000 0.000000 -1
0 -17.006441 0.276569 -13.067118 0.000000 1.000000 -1
0 -22.006441 40.166668 18.573879 1.000000 0.000000 -1
0 -22.006441 -0.166668 18.573879 1.000000 1.000000 -1
0 -22.006441 40.166668 18.573879 0.000000 1.000000 -1
0 -17.673107 40.166668 18.573879 1.000000 1.000000 -1
0 -22.006441 -0.166668 18.573879 0.000000 0.000000 -1
0 -17.673107 -0.166668 18.573879 1.000000 0.000000 -1
11
0.000000 0.000000 1.000000
0.994140 0.000000 0.108100
0.990509 0.036502 0.132512
0.984955 0.072934 0.156667
0.000000 -0.422042 -0.906576
-0.994021 -0.046080 -0.098984
-0.991555 -0.023056 -0.127622
-0.987743 0.000000 -0.156086
0.000000 0.981041 -0.193801
0.000000 0.981041 -0.193801
0.000000 -0.999902 -0.014007
12
0 0 1 2 0 0 0 1
0 1 3 2 0 0 0 1
0 4 5 6 1 2 2 2
0 5 7 6 2 3 2 2
0 8 9 10 4 4 4 1
0 9 11 10 4 4 4 1
0 12 13 14 5 6 6 2
0 13 15 14 6 7 6 2
0 12 16 6 8 9 9 3
0 16 17 6 9 9 9 3
0 18 13 19 10 10 10 3
0 13 7 19 10 10 10 3
"Duplicate02" 0 3
20
0 26.306440 40.166668 0.573882 1.000000 0.000000 -1
0 30.639774 -0.166668 19.573881 0.000000 1.000000 -1
0 30.639774 40.166668 0.573882 0.000000 0.000000 -1
0 26.306440 -0.166668 19.573881 1.000000 1.000000 -1
0 26.306440 33.766670 -18.959452 1.000000 0.000000 -1
0 26.306440 -0.166668 19.573881 0.000000 1.000000 -1
0 26.306440 40.166668 0.573882 0.000000 0.000000 -1
0 33.973106 -0.166668 -21.759453 1.000000 1.000000 -1
0 30.639774 33.766670 -18.959452 1.000000 0.000000 -1
0 33.973106 -0.166668 -21.759453 0.000000 1.000000 -1
0 26.306440 33.766670 -18.959452 0.000000 0.000000 -1
0 38.306442 -0.166668 -21.759453 1.000000 1.000000 -1
0 30.639774 40.166668 0.573882 1.000000 0.000000 -1
0 38.306442 -0.166668 -21.759453 0.000000 1.000000 -1
0 30.639774 33.766670 -18.959452 0.000000 0.000000 -1
0 30.639774 -0.166668 19.573881 1.000000 1.000000 -1
0 30.639774 40.166668 0.573882 0.000000 1.000000 -1
0 26.306440 40.166668 0.573882 1.000000 1.000000 -1
0 26.306440 -0.166668 19.573881 1.000000 0.000000 -1
0 30.639774 -0.166668 19.573881 0.000000 0.000000 -1
10
0.000000 0.426157 0.904649
-0.990656 -0.102353 -0.090134
-1.000000 0.000000 0.000000
-0.962800 -0.202793 -0.178584
0.000000 0.082235 -0.996613
0.986053 0.157265 0.054480
0.971418 0.225574 -0.073908
0.979621 0.085596 0.181704
0.000000 0.950293 -0.311359
0.000000 -1.000000 0.000000
12
0 0 1 2 0 0 0 1
0 0 3 1 0 0 0 1
0 4 5 6 1 1 2 2
0 4 7 5 1 3 1 2
0 8 9 10 4 4 4 1
0 8 11 9 4 4 4 1
0 12 13 14 5 5 6 2
0 12 15 13 5 7 5 2
0 4 16 14 8 8 8 3
0 4 17 16 8 8 8 3
0 18 13 19 9 9 9 3
0 18 7 13 9 9 9 3

Materials: 5
"red"
0.200000 0.200000 0.200000 1.000000
0.800000 0.800000 0.800000 1.000000
0.000000 0.000000 0.000000 1.000000
0.000000 0.000000 0.000000 1.000000
0.000000
1.000000
".\red.bmp"
""
"white"
0.678431 0.678431 0.678431 1.000000
0.800000 0.800000 0.800000 1.000000
0.070588 0.070588 0.070588 1.000000
0.000000 0.000000 0.000000 1.000000
21.000000
1.000000
".\white.bmp"
""
"black"
0.200000 0.200000 0.200000 1.000000
0.800000 0.800000 0.800000 1.000000
0.000000 0.000000 0.000000 1.000000
0.000000 0.000000 0.000000 1.000000
0.000000
1.000000
".\black.bmp"
""
"redsiding"
0.200000 0.200000 0.200000 1.000000
0.800000 0.800000 0.800000 1.000000
0.000000 0.000000 0.000000 1.000000
0.000000 0.000000 0.000000 1.000000
0.000000
1.000000
".\redsiding.bmp"
""
"door"
0.200000 0.200000 0.200000 1.000000
0.800000 0.800000 0.800000 1.000000
0.000000 0.000000 0.000000 1.000000
0.000000 0.000000 0.000000 1.000000
0.000000
1.000000
".\door.bmp"
""

Bones: 0
GroupComments: 0
MaterialComments: 0
BoneComments: 0
ModelComment: 0
