// MilkShape 3D ASCII

Frames: 30
Frame: 1

Meshes: 4
"shed" 1 3
20
1 -0.700000 30.222105 44.544762 0.000000 0.000000 -1
1 -0.700000 27.107819 44.544762 0.000000 1.000000 -1
1 38.322220 30.222105 44.411427 1.000000 0.000000 -1
1 38.322220 27.107819 44.411427 1.000000 1.000000 -1
1 38.322220 30.222105 44.411427 0.000000 0.000000 -1
1 38.322220 27.107819 44.411427 0.000000 1.000000 -1
1 38.134720 41.807816 14.578093 1.000000 0.000000 -1
1 38.322220 27.107819 18.211426 1.000000 1.000000 -1
1 38.134720 41.807816 14.578093 0.000000 0.000000 -1
1 38.322220 27.107819 18.211426 0.000000 1.000000 -1
1 -0.887500 41.807816 14.711428 1.000000 0.000000 -1
1 -0.700000 27.107819 18.344761 1.000000 1.000000 -1
1 -0.887500 41.807816 14.711428 0.000000 0.000000 -1
1 -0.700000 27.107819 18.344761 0.000000 1.000000 -1
1 -0.700000 30.222105 44.544762 1.000000 0.000000 -1
1 -0.700000 27.107819 44.544762 1.000000 1.000000 -1
1 -0.700000 30.222105 44.544762 0.000000 1.000000 -1
1 38.322220 30.222105 44.411427 1.000000 1.000000 -1
1 -0.700000 27.107819 44.544762 0.000000 0.000000 -1
1 38.322220 27.107819 44.411427 1.000000 0.000000 -1
10
0.003417 0.000000 0.999994
0.999980 0.000000 -0.006285
0.999975 0.006377 -0.003142
0.999919 0.012754 0.000000
-0.003317 -0.239984 -0.970771
-0.999922 -0.012390 0.001473
-0.999981 -0.006195 0.000736
-1.000000 0.000000 0.000000
0.001237 0.932177 0.362001
0.000000 -1.000000 0.000000
12
1 0 1 2 0 0 0 1
1 1 3 2 0 0 0 1
1 4 5 6 1 2 2 2
1 5 7 6 2 3 2 2
1 8 9 10 4 4 4 1
1 9 11 10 4 4 4 1
1 12 13 14 5 6 6 2
1 13 15 14 6 7 6 2
1 12 16 6 8 8 8 3
1 16 17 6 8 8 8 3
1 18 13 19 9 9 9 3
1 13 7 19 9 9 9 3
"Regroup02" 1 2
95
1 8.150000 82.646477 -34.015324 0.000000 0.000000 -1
1 13.346151 81.038780 -31.015326 0.083333 0.166667 -1
1 14.150000 81.038780 -34.015324 0.000000 0.166667 -1
1 8.150000 82.646477 -34.015324 0.083333 0.000000 -1
1 11.150000 81.038780 -28.819174 0.166667 0.166667 -1
1 8.150000 82.646477 -34.015324 0.166667 0.000000 -1
1 8.150000 81.038780 -28.015326 0.250000 0.166667 -1
1 8.150000 82.646477 -34.015324 0.250000 0.000000 -1
1 5.150000 81.038780 -28.819174 0.333333 0.166667 -1
1 8.150000 82.646477 -34.015324 0.333333 0.000000 -1
1 2.953847 81.038780 -31.015326 0.416667 0.166667 -1
1 8.150000 82.646477 -34.015324 0.416667 0.000000 -1
1 2.150000 81.038780 -34.015324 0.500000 0.166667 -1
1 8.150000 82.646477 -34.015324 0.500000 0.000000 -1
1 2.953847 81.038780 -37.015324 0.583333 0.166667 -1
1 8.150000 82.646477 -34.015324 0.583333 0.000000 -1
1 5.150000 81.038780 -39.211475 0.666667 0.166667 -1
1 8.150000 82.646477 -34.015324 0.666667 0.000000 -1
1 8.150000 81.038780 -40.015324 0.750000 0.166667 -1
1 8.150000 82.646477 -34.015324 0.750000 0.000000 -1
1 11.150000 81.038780 -39.211475 0.833333 0.166667 -1
1 8.150000 82.646477 -34.015324 0.833333 0.000000 -1
1 13.346151 81.038780 -37.015324 0.916667 0.166667 -1
1 8.150000 82.646477 -34.015324 0.916667 0.000000 -1
1 14.150000 81.038780 -34.015324 1.000000 0.166667 -1
1 20.150000 67.396477 -34.015324 0.000000 0.500000 -1
1 18.542303 74.896477 -34.015324 0.000000 0.333333 -1
1 17.150000 74.896477 -28.819174 0.083333 0.333333 -1
1 18.542303 67.396477 -28.015326 0.083333 0.500000 -1
1 14.150000 67.396477 -23.623022 0.166667 0.500000 -1
1 13.346151 74.896477 -25.015326 0.166667 0.333333 -1
1 8.150000 74.896477 -23.623022 0.250000 0.333333 -1
1 8.150000 67.396477 -22.015326 0.250000 0.500000 -1
1 2.150000 67.396477 -23.623022 0.333333 0.500000 -1
1 2.953847 74.896477 -25.015326 0.333333 0.333333 -1
1 -0.850000 74.896477 -28.819174 0.416667 0.333333 -1
1 -2.242304 67.396477 -28.015326 0.416667 0.500000 -1
1 -3.850000 67.396477 -34.015324 0.500000 0.500000 -1
1 -2.242304 74.896477 -34.015324 0.500000 0.333333 -1
1 -0.850000 74.896477 -39.211475 0.583333 0.333333 -1
1 -2.242304 67.396477 -40.015324 0.583333 0.500000 -1
1 2.150000 67.396477 -44.407627 0.666667 0.500000 -1
1 2.953847 74.896477 -43.015324 0.666667 0.333333 -1
1 8.150000 74.896477 -44.407627 0.750000 0.333333 -1
1 8.150000 67.396477 -46.015324 0.750000 0.500000 -1
1 14.150000 67.396477 -44.407627 0.833333 0.500000 -1
1 13.346151 74.896477 -43.015324 0.833333 0.333333 -1
1 17.150000 74.896477 -39.211475 0.916667 0.333333 -1
1 18.542303 67.396477 -40.015324 0.916667 0.500000 -1
1 20.150000 67.396477 -34.015324 1.000000 0.500000 -1
1 18.542303 74.896477 -34.015324 1.000000 0.333333 -1
1 38.310776 39.996094 -21.982660 0.000000 0.000000 -1
1 38.310776 50.032051 -19.141106 0.000000 0.000000 -1
1 38.310783 39.982037 -1.733974 0.000000 0.000000 -1
1 -21.980591 39.991051 -21.982649 0.000000 0.000000 -1
1 -21.980591 39.815376 -1.733974 0.000000 0.000000 -1
1 -21.980583 49.865387 -19.141106 0.000000 0.000000 -1
1 38.310776 39.996094 -21.982660 0.500000 1.000000 -1
1 9.119433 39.994076 -21.982651 0.500000 0.833333 -1
1 9.119436 49.965393 -19.141113 0.583333 0.833333 -1
1 38.310776 50.032051 -19.141106 0.583333 1.000000 -1
1 9.119433 39.994076 -21.982651 0.500000 0.166667 -1
1 -21.980591 39.991051 -21.982649 0.500000 0.000000 -1
1 9.119436 49.965393 -19.141113 0.583333 0.166667 -1
1 -21.980583 49.865387 -19.141106 0.583333 0.000000 -1
1 38.310768 57.389160 -11.783983 0.000000 0.000000 -1
1 -21.980583 57.222511 -11.783981 0.000000 0.000000 -1
1 38.310768 57.389160 -11.783983 0.666667 1.000000 -1
1 9.119434 57.322510 -11.783986 0.666667 0.833333 -1
1 -21.980583 57.222511 -11.783981 0.666667 0.000000 -1
1 9.119434 57.322510 -11.783986 0.666667 0.166667 -1
1 38.310768 60.082054 -1.733974 0.000000 0.000000 -1
1 -21.980583 59.915390 -1.733974 0.000000 0.000000 -1
1 9.119435 60.015408 -1.733974 0.750000 0.833333 -1
1 38.310768 60.082054 -1.733974 0.750000 1.000000 -1
1 9.119435 60.015408 -1.733974 0.750000 0.166667 -1
1 -21.980583 59.915390 -1.733974 0.750000 0.000000 -1
1 38.310776 57.389160 8.316036 0.000000 0.000000 -1
1 -21.980579 57.222511 8.316036 0.000000 0.000000 -1
1 38.310776 57.389160 8.316036 0.833333 1.000000 -1
1 9.119434 57.322510 8.316041 0.833333 0.833333 -1
1 -21.980579 57.222511 8.316036 0.833333 0.000000 -1
1 9.119434 57.322510 8.316041 0.833333 0.166667 -1
1 38.310768 50.032051 15.673145 0.000000 0.000000 -1
1 -21.980587 49.865387 15.673161 0.000000 0.000000 -1
1 9.119440 49.965393 15.673160 0.916667 0.833333 -1
1 38.310768 50.032051 15.673145 0.916667 1.000000 -1
1 9.119440 49.965393 15.673160 0.916667 0.166667 -1
1 -21.980587 49.865387 15.673161 0.916667 0.000000 -1
1 38.310776 39.830521 18.396349 0.000000 0.000000 -1
1 -21.980591 39.815376 18.366062 0.000000 0.000000 -1
1 38.310776 39.830521 18.396349 1.000000 1.000000 -1
1 9.119436 39.824463 18.384232 1.000000 0.833333 -1
1 -21.980591 39.815376 18.366062 1.000000 0.000000 -1
1 9.119436 39.824463 18.384232 1.000000 0.166667 -1
95
0.258199 0.963611 0.069184
0.490551 0.824103 0.283220
0.650417 0.739314 0.174279
0.189015 0.963611 0.189015
0.330263 0.750804 0.572032
0.069184 0.963611 0.258199
0.000000 0.824103 0.566439
-0.069184 0.963611 0.258199
-0.330263 0.750804 0.572032
-0.189015 0.963611 0.189015
-0.490551 0.824103 0.283220
-0.258199 0.963611 0.069184
-0.660526 0.750804 0.000000
-0.258199 0.963611 -0.069184
-0.490551 0.824103 -0.283220
-0.189015 0.963611 -0.189015
-0.330263 0.750804 -0.572032
-0.069184 0.963611 -0.258199
0.000000 0.824103 -0.566439
0.069184 0.963611 -0.258199
0.330263 0.750804 -0.572032
0.189015 0.963611 -0.189015
0.490551 0.824103 -0.283220
0.258199 0.963611 -0.069184
0.650417 0.739314 -0.174279
0.945863 0.202755 0.253443
0.888043 0.393395 0.237950
0.791810 0.405029 0.457152
0.846789 0.209598 0.488894
0.488894 0.209598 0.846789
0.457152 0.405029 0.791810
-0.000000 0.405029 0.914304
0.000000 0.209598 0.977788
-0.488894 0.209598 0.846789
-0.457152 0.405029 0.791810
-0.791810 0.405029 0.457152
-0.846789 0.209598 0.488894
-0.977788 0.209598 0.000000
-0.914304 0.405029 0.000000
-0.791810 0.405029 -0.457152
-0.846789 0.209598 -0.488894
-0.488894 0.209598 -0.846789
-0.457152 0.405029 -0.791810
0.000000 0.405029 -0.914304
0.000000 0.209598 -0.977788
0.488894 0.209598 -0.846789
0.457152 0.405029 -0.791810
0.791810 0.405029 -0.457152
0.846789 0.209598 -0.488894
0.945863 0.202755 -0.253443
0.888043 0.393396 -0.237950
1.000000 0.000000 -0.000000
1.000000 0.000001 -0.000000
1.000000 0.000001 0.000000
-1.000000 0.000001 0.000000
-1.000000 0.000000 -0.000000
-1.000000 0.000001 -0.000000
-0.000321 0.273244 -0.961945
-0.000019 0.274060 -0.961713
-0.001000 0.506466 -0.862259
-0.001155 0.506100 -0.862474
-0.000027 0.274060 -0.961713
-0.000458 0.275304 -0.961357
-0.001411 0.507389 -0.861716
-0.001634 0.507945 -0.861388
1.000000 0.000001 -0.000000
-1.000000 0.000000 -0.000000
-0.001977 0.866024 -0.499999
-0.001977 0.866024 -0.499999
-0.002785 0.866022 -0.499998
-0.002785 0.866022 -0.499998
1.000000 0.000001 -0.000000
-1.000000 0.000000 0.000000
-0.002283 0.999997 -0.000000
-0.002283 0.999997 -0.000000
-0.003216 0.999995 -0.000000
-0.003216 0.999995 -0.000000
1.000000 0.000000 0.000000
-1.000000 0.000001 0.000000
-0.001977 0.866024 0.499999
-0.001977 0.866024 0.499999
-0.002785 0.866022 0.499998
-0.002785 0.866022 0.499998
1.000000 0.000000 0.000001
-1.000000 0.000001 -0.000000
-0.001106 0.499673 0.866214
-0.001140 0.499592 0.866260
-0.001558 0.499876 0.866095
-0.001608 0.499999 0.866024
1.000000 0.000001 0.000000
-1.000000 0.000000 0.000000
-0.000522 0.258090 0.966121
-0.000455 0.258269 0.966073
-0.000736 0.258545 0.965999
-0.000640 0.258269 0.966073
96
1 0 1 2 0 1 2 1
1 3 4 1 3 4 1 1
1 5 6 4 5 6 4 1
1 7 8 6 7 8 6 1
1 9 10 8 9 10 8 1
1 11 12 10 11 12 10 1
1 13 14 12 13 14 12 1
1 15 16 14 15 16 14 1
1 17 18 16 17 18 16 1
1 19 20 18 19 20 18 1
1 21 22 20 21 22 20 1
1 23 24 22 23 24 22 1
1 25 26 27 25 26 27 1
1 25 27 28 25 27 28 1
1 28 27 29 28 27 29 1
1 27 30 29 27 30 29 1
1 29 30 31 29 30 31 1
1 29 31 32 29 31 32 1
1 32 31 33 32 31 33 1
1 31 34 33 31 34 33 1
1 33 34 35 33 34 35 1
1 33 35 36 33 35 36 1
1 36 35 37 36 35 37 1
1 35 38 37 35 38 37 1
1 37 38 39 37 38 39 1
1 37 39 40 37 39 40 1
1 40 39 41 40 39 41 1
1 39 42 41 39 42 41 1
1 41 42 43 41 42 43 1
1 41 43 44 41 43 44 1
1 44 43 45 44 43 45 1
1 43 46 45 43 46 45 1
1 45 46 47 45 46 47 1
1 45 47 48 45 47 48 1
1 48 47 49 48 47 49 1
1 47 50 49 47 50 49 1
1 26 2 27 26 2 27 1
1 2 1 27 2 1 27 1
1 27 1 4 27 1 4 1
1 27 4 30 27 4 30 1
1 30 4 31 30 4 31 1
1 4 6 31 4 6 31 1
1 31 6 8 31 6 8 1
1 31 8 34 31 8 34 1
1 34 8 35 34 8 35 1
1 8 10 35 8 10 35 1
1 35 10 12 35 10 12 1
1 35 12 38 35 12 38 1
1 38 12 39 38 12 39 1
1 12 14 39 12 14 39 1
1 39 14 16 39 14 16 1
1 39 16 42 39 16 42 1
1 42 16 43 42 16 43 1
1 16 18 43 16 18 43 1
1 43 18 20 43 18 20 1
1 43 20 46 43 20 46 1
1 46 20 47 46 20 47 1
1 20 22 47 20 22 47 1
1 47 22 24 47 22 24 1
1 47 24 50 47 24 50 1
1 51 52 53 51 52 53 2
1 54 55 56 54 55 56 2
1 57 58 59 57 58 59 1
1 57 59 60 57 59 60 1
1 61 62 63 61 62 63 1
1 62 64 63 62 64 63 1
1 52 65 53 52 65 53 2
1 56 55 66 56 55 66 2
1 60 59 67 60 59 67 1
1 59 68 67 59 68 67 1
1 63 64 69 63 64 69 1
1 63 69 70 63 69 70 1
1 65 71 53 65 71 53 2
1 66 55 72 66 55 72 2
1 67 68 73 67 68 73 1
1 67 73 74 67 73 74 1
1 70 69 75 70 69 75 1
1 69 76 75 69 76 75 1
1 71 77 53 71 77 53 2
1 72 55 78 72 55 78 2
1 74 73 79 74 73 79 1
1 73 80 79 73 80 79 1
1 75 76 81 75 76 81 1
1 75 81 82 75 81 82 1
1 77 83 53 77 83 53 2
1 78 55 84 78 55 84 2
1 79 80 85 79 80 85 1
1 79 85 86 79 85 86 1
1 82 81 87 82 81 87 1
1 81 88 87 81 88 87 1
1 83 89 53 83 89 53 2
1 84 55 90 84 55 90 2
1 86 85 91 86 85 91 1
1 85 92 91 85 92 91 1
1 87 88 93 87 88 93 1
1 87 93 94 87 93 94 1
"walls" 1 4
93
1 -22.016666 39.828297 18.389973 0.000000 -1.184121 -1
1 -22.016666 -0.020188 18.359671 0.000000 -0.008360 -1
1 38.316666 39.828297 18.389973 2.000000 -1.184121 -1
1 38.316666 -0.020188 18.359671 2.000000 -0.008360 -1
1 38.316666 39.828297 18.389973 1.422345 -1.184121 -1
1 38.316666 -0.020188 18.359671 1.421672 -0.008360 -1
1 38.316666 39.979813 -21.973661 0.526306 -1.188591 -1
1 38.316666 -0.020188 -21.973661 0.526306 -0.008360 -1
1 38.316666 39.979813 -21.973661 2.000000 -1.188591 -1
1 38.316666 -0.020188 -21.973661 2.000000 -0.008360 -1
1 -22.016666 39.979813 -21.973661 0.000000 -1.188591 -1
1 -22.016666 -0.020188 -21.973661 0.000000 -0.008360 -1
1 -22.016666 39.979813 -21.973661 0.526306 -1.188591 -1
1 -22.016666 -0.020188 -21.973661 0.526306 -0.008360 -1
1 -22.016666 39.828297 18.389973 1.422345 -1.184121 -1
1 -22.016666 -0.020188 18.359671 1.421672 -0.008360 -1
1 -22.016666 39.979813 -21.973661 0.000000 0.526306 -1
1 -22.016666 39.828297 18.389973 0.000000 1.422345 -1
1 38.316666 39.979813 -21.973661 2.000000 0.526306 -1
1 38.316666 39.828297 18.389973 2.000000 1.422345 -1
1 -22.016666 -0.020188 18.359671 0.000000 1.421672 -1
1 -22.016666 -0.020188 -21.973661 0.000000 0.526306 -1
1 38.316666 -0.020188 18.359671 2.000000 1.421672 -1
1 38.316666 -0.020188 -21.973661 2.000000 0.526306 -1
1 19.900000 67.479813 -33.931995 1.389503 0.260840 -1
1 8.150000 67.479813 -33.931995 1.000000 0.260840 -1
1 18.325798 67.479813 -28.056997 1.337319 0.391261 -1
1 19.900000 -0.303536 -33.931999 0.260840 0.000000 -1
1 19.900000 67.479813 -33.931995 0.260840 -2.000000 -1
1 18.325798 -0.303536 -28.056997 0.391261 0.000000 -1
1 18.325798 67.479813 -28.056997 0.391261 -2.000000 -1
1 14.025000 67.479813 -23.756197 1.194751 0.486735 -1
1 14.025000 67.479813 -23.756197 0.486735 -2.000000 -1
1 14.025000 -0.303536 -23.756197 0.486735 0.000000 -1
1 8.150000 67.479813 -22.181997 1.000000 0.521681 -1
1 14.025000 -0.303536 -23.756197 1.194751 0.000000 -1
1 14.025000 67.479813 -23.756197 1.194751 -2.000000 -1
1 8.150000 -0.303536 -22.181997 1.000000 0.000000 -1
1 8.150000 67.479813 -22.181997 1.000000 -2.000000 -1
1 2.275000 67.479813 -23.756197 0.805249 0.486735 -1
1 2.275000 67.479813 -23.756197 0.805249 -2.000000 -1
1 2.275000 -0.303536 -23.756197 0.805249 0.000000 -1
1 -2.025798 67.479813 -28.056997 0.662681 0.391261 -1
1 2.275000 -0.303536 -23.756197 0.486735 0.000000 -1
1 2.275000 67.479813 -23.756197 0.486735 -2.000000 -1
1 -2.025798 -0.303536 -28.056997 0.391261 0.000000 -1
1 -2.025798 67.479813 -28.056997 0.391261 -2.000000 -1
1 -3.600000 67.479813 -33.931995 0.610497 0.260840 -1
1 -3.600000 67.479813 -33.931995 0.260840 -2.000000 -1
1 -3.600000 -0.303536 -33.931999 0.260840 0.000000 -1
1 -2.025798 67.479813 -39.806995 0.662681 0.130420 -1
1 -2.025798 -0.303536 -39.806999 0.130420 0.000000 -1
1 -2.025798 67.479813 -39.806995 0.130420 -2.000000 -1
1 2.275000 67.479813 -44.107792 0.805249 0.034946 -1
1 2.275000 67.479813 -44.107792 0.034946 -2.000000 -1
1 2.275000 -0.303536 -44.107796 0.034946 0.000000 -1
1 8.150000 67.479813 -45.681995 1.000000 0.000000 -1
1 2.275000 -0.303536 -44.107796 0.805249 0.000000 -1
1 2.275000 67.479813 -44.107792 0.805249 -2.000000 -1
1 8.150000 -0.303536 -45.681999 1.000000 0.000000 -1
1 8.150000 67.479813 -45.681995 1.000000 -2.000000 -1
1 14.025000 67.479813 -44.107792 1.194751 0.034946 -1
1 14.025000 67.479813 -44.107792 1.194751 -2.000000 -1
1 14.025000 -0.303536 -44.107796 1.194751 0.000000 -1
1 18.325798 67.479813 -39.806995 1.337319 0.130420 -1
1 14.025000 -0.303536 -44.107796 0.034946 0.000000 -1
1 14.025000 67.479813 -44.107792 0.034946 -2.000000 -1
1 18.325798 -0.303536 -39.806999 0.130420 0.000000 -1
1 18.325798 67.479813 -39.806995 0.130420 -2.000000 -1
1 -0.720842 26.991150 44.411430 0.705939 -0.805351 -1
1 -0.720842 -0.008849 44.411430 0.705939 -0.008695 -1
1 38.279167 26.991150 44.411430 1.998757 -0.805351 -1
1 38.279167 -0.008849 44.411430 1.998757 -0.008695 -1
1 38.279167 26.991150 44.411430 2.000000 -0.805351 -1
1 38.279167 -0.008849 44.411430 2.000000 -0.008695 -1
1 38.279167 26.991150 18.411427 1.422821 -0.805351 -1
1 38.279167 -0.008849 18.411427 1.422821 -0.008695 -1
1 38.279167 26.991150 18.411427 1.998757 -0.805351 -1
1 38.279167 -0.008849 18.411427 1.998757 -0.008695 -1
1 -0.720842 26.991150 18.411427 0.705939 -0.805351 -1
1 -0.720842 -0.008849 18.411427 0.705939 -0.008695 -1
1 -0.720842 26.991150 18.411427 1.422821 -0.805351 -1
1 -0.720842 -0.008849 18.411427 1.422821 -0.008695 -1
1 -0.720842 26.991150 44.411430 2.000000 -0.805351 -1
1 -0.720842 -0.008849 44.411430 2.000000 -0.008695 -1
1 -0.720842 26.991150 18.411427 0.705939 1.422821 -1
1 -0.720842 26.991150 44.411430 0.705939 2.000000 -1
1 38.279167 26.991150 18.411427 1.998757 1.422821 -1
1 38.279167 26.991150 44.411430 1.998757 2.000000 -1
1 -0.720842 -0.008849 44.411430 0.705939 2.000000 -1
1 -0.720842 -0.008849 18.411427 0.705939 1.422821 -1
1 38.279167 -0.008849 44.411430 1.998757 2.000000 -1
1 38.279167 -0.008849 18.411427 1.998757 1.422821 -1
28
0.000000 -0.000760 1.000000
1.000000 0.000000 0.000000
0.000000 0.000000 -1.000000
-1.000000 0.000000 0.000000
0.000000 0.999993 0.003754
0.000000 -1.000000 0.000000
0.000000 1.000000 0.000000
1.000000 0.000000 -0.000000
1.000000 0.000000 0.000000
0.866025 -0.000000 0.500000
0.866025 0.000000 0.500000
0.707107 0.000000 0.707107
0.258819 0.000000 0.965926
0.000000 0.000000 1.000000
-0.258819 0.000000 0.965926
-0.707107 0.000000 0.707107
-0.866025 -0.000000 0.500000
-0.866025 0.000000 0.500000
-1.000000 0.000000 0.000000
-1.000000 0.000000 -0.000000
-0.866025 0.000000 -0.500000
-0.707107 0.000000 -0.707107
-0.258819 0.000000 -0.965926
0.000000 0.000000 -1.000000
0.258819 0.000000 -0.965926
0.707107 0.000000 -0.707107
0.866025 0.000000 -0.500000
0.866025 0.000000 -0.500000
60
1 0 1 2 0 0 0 1
1 1 3 2 0 0 0 1
1 4 5 6 1 1 1 2
1 5 7 6 1 1 1 2
1 8 9 10 2 2 2 1
1 9 11 10 2 2 2 1
1 12 13 14 3 3 3 2
1 13 15 14 3 3 3 2
1 16 17 18 4 4 4 3
1 17 19 18 4 4 4 3
1 20 21 22 5 5 5 3
1 21 23 22 5 5 5 3
1 24 25 26 6 6 6 2
1 27 28 29 7 8 9 1
1 28 30 29 8 10 9 1
1 26 25 31 6 6 6 2
1 29 30 32 9 10 11 1
1 29 32 33 9 11 11 1
1 31 25 34 6 6 6 2
1 35 36 37 12 12 13 1
1 36 38 37 12 13 13 1
1 34 25 39 6 6 6 2
1 37 38 40 13 13 14 1
1 37 40 41 13 14 14 1
1 39 25 42 6 6 6 2
1 43 44 45 15 15 16 1
1 44 46 45 15 17 16 1
1 42 25 47 6 6 6 2
1 45 46 48 16 17 18 1
1 45 48 49 16 18 19 1
1 47 25 50 6 6 6 2
1 49 48 51 19 18 20 1
1 48 52 51 18 20 20 1
1 50 25 53 6 6 6 2
1 51 52 54 20 20 21 1
1 51 54 55 20 21 21 1
1 53 25 56 6 6 6 2
1 57 58 59 22 22 23 1
1 58 60 59 22 23 23 1
1 56 25 61 6 6 6 2
1 59 60 62 23 23 24 1
1 59 62 63 23 24 24 1
1 61 25 64 6 6 6 2
1 65 66 67 25 25 26 1
1 66 68 67 25 27 26 1
1 64 25 24 6 6 6 2
1 67 68 28 26 27 8 1
1 67 28 27 26 8 7 1
1 69 70 71 13 13 13 1
1 70 72 71 13 13 13 1
1 73 74 75 1 1 1 2
1 74 76 75 1 1 1 2
1 77 78 79 2 2 2 1
1 78 80 79 2 2 2 1
1 81 82 83 3 3 3 2
1 82 84 83 3 3 3 2
1 85 86 87 6 6 6 3
1 86 88 87 6 6 6 3
1 89 90 91 5 5 5 3
1 90 92 91 5 5 5 3
"doors" 1 5
16
1 36.962509 34.615925 11.876667 2.015920 0.010645 -1
1 36.990295 -0.161861 11.876667 2.015920 0.988436 -1
1 39.362511 34.615925 11.876667 2.015920 0.010645 -1
1 39.390297 -0.161861 11.876667 2.015920 0.988436 -1
1 39.362511 34.615925 -15.073336 -0.021950 0.010645 -1
1 39.390297 -0.161861 -15.073336 -0.021950 0.988436 -1
1 36.962509 34.615925 -15.073336 -0.021950 0.010645 -1
1 36.990295 -0.161861 -15.073336 -0.021950 0.988436 -1
1 -23.173624 34.615936 11.876667 2.015920 0.010644 -1
1 -20.690294 -0.161861 11.876667 2.015920 0.988436 -1
1 -20.773623 34.615936 11.876667 2.015920 0.010644 -1
1 -23.090296 -0.161861 11.876667 2.015920 0.988436 -1
1 -23.173624 34.615936 -15.073336 -0.021950 0.010644 -1
1 -23.090296 -0.161861 -15.073336 -0.021950 0.988436 -1
1 -20.773623 34.615936 -15.073336 -0.021950 0.010644 -1
1 -20.690294 -0.161861 -15.073336 -0.021950 0.988436 -1
8
0.000000 0.000000 1.000000
1.000000 0.000799 0.000000
0.000000 0.000000 -1.000000
-1.000000 -0.000799 0.000000
0.000000 1.000000 0.000000
0.000000 -1.000000 0.000000
-0.999997 -0.002396 0.000000
0.999997 0.002396 0.000000
24
1 0 1 2 0 0 0 1
1 1 3 2 0 0 0 1
1 2 3 4 1 1 1 2
1 3 5 4 1 1 1 2
1 4 5 6 2 2 2 1
1 5 7 6 2 2 2 1
1 6 7 0 3 3 3 2
1 7 1 0 3 3 3 2
1 6 0 4 4 4 4 3
1 0 2 4 4 4 4 3
1 1 7 3 5 5 5 3
1 7 5 3 5 5 5 3
1 8 9 10 0 0 0 1
1 8 11 9 0 0 0 1
1 12 11 8 6 6 6 2
1 12 13 11 6 6 6 2
1 14 13 12 2 2 2 1
1 14 15 13 2 2 2 1
1 10 15 14 7 7 7 2
1 10 9 15 7 7 7 2
1 12 10 14 4 4 4 3
1 12 8 10 4 4 4 3
1 11 15 9 5 5 5 3
1 11 13 15 5 5 5 3

Materials: 6
"corn"
0.200000 0.200000 0.200000 1.000000
0.800000 0.800000 0.800000 1.000000
0.000000 0.000000 0.000000 1.000000
0.000000 0.000000 0.000000 1.000000
0.000000
1.000000
".\yellow.bmp"
""
"red"
0.200000 0.200000 0.200000 1.000000
0.800000 0.800000 0.800000 1.000000
0.000000 0.000000 0.000000 1.000000
0.000000 0.000000 0.000000 1.000000
0.000000
1.000000
".\red.bmp"
""
"white"
0.678431 0.678431 0.678431 1.000000
0.800000 0.800000 0.800000 1.000000
0.070588 0.070588 0.070588 1.000000
0.000000 0.000000 0.000000 1.000000
21.000000
1.000000
".\white.bmp"
""
"black"
0.200000 0.200000 0.200000 1.000000
0.800000 0.800000 0.800000 1.000000
0.000000 0.000000 0.000000 1.000000
0.000000 0.000000 0.000000 1.000000
0.000000
1.000000
".\black.bmp"
""
"redsiding"
0.200000 0.200000 0.200000 1.000000
0.800000 0.800000 0.800000 1.000000
0.000000 0.000000 0.000000 1.000000
0.000000 0.000000 0.000000 1.000000
0.000000
1.000000
".\redsiding.bmp"
""
"doors"
0.200000 0.200000 0.200000 1.000000
0.800000 0.800000 0.800000 1.000000
0.000000 0.000000 0.000000 1.000000
0.000000 0.000000 0.000000 1.000000
0.000000
1.000000
".\door.bmp"
""

Bones: 0
GroupComments: 0
MaterialComments: 0
BoneComments: 0
ModelComment: 0
