// MilkShape 3D ASCII

Frames: 30
Frame: 1

Meshes: 8
"door" 0 0
20
0 -3.328573 12.794098 16.077883 0.000000 0.000000 -1
0 -3.328573 0.879812 16.077883 0.000000 1.000000 -1
0 2.928572 12.794098 16.077883 1.000000 0.000000 -1
0 2.928572 0.879812 16.077883 1.000000 1.000000 -1
0 2.928572 12.794098 16.077883 0.000000 0.000000 -1
0 2.928572 0.879812 16.077883 0.000000 1.000000 -1
0 2.928572 12.794098 14.792168 1.000000 0.000000 -1
0 2.928572 0.879812 14.792168 1.000000 1.000000 -1
0 2.928572 12.794098 14.792168 0.000000 0.000000 -1
0 2.928572 0.879812 14.792168 0.000000 1.000000 -1
0 -3.328573 12.794098 14.792168 1.000000 0.000000 -1
0 -3.328573 0.879812 14.792168 1.000000 1.000000 -1
0 -3.328573 12.794098 14.792168 0.000000 0.000000 -1
0 -3.328573 0.879812 14.792168 0.000000 1.000000 -1
0 -3.328573 12.794098 16.077883 1.000000 0.000000 -1
0 -3.328573 0.879812 16.077883 1.000000 1.000000 -1
0 -3.328573 12.794098 16.077883 0.000000 1.000000 -1
0 2.928572 12.794098 16.077883 1.000000 1.000000 -1
0 -3.328573 0.879812 16.077883 0.000000 0.000000 -1
0 2.928572 0.879812 16.077883 1.000000 0.000000 -1
6
0.000000 0.000000 1.000000
1.000000 0.000000 0.000000
0.000000 0.000000 -1.000000
-1.000000 0.000000 0.000000
0.000000 1.000000 0.000000
0.000000 -1.000000 0.000000
12
0 0 1 2 0 0 0 1
0 1 3 2 0 0 0 1
0 4 5 6 1 1 1 2
0 5 7 6 1 1 1 2
0 8 9 10 2 2 2 1
0 9 11 10 2 2 2 1
0 12 13 14 3 3 3 2
0 13 15 14 3 3 3 2
0 12 16 6 4 4 4 3
0 16 17 6 4 4 4 3
0 18 13 19 5 5 5 3
0 13 7 19 5 5 5 3
"frame" 0 3
20
0 -24.056999 19.598230 15.433997 0.000000 0.000000 -1
0 -24.056999 0.198230 15.433997 0.000000 1.000000 -1
0 24.056999 19.598230 15.433997 1.000000 0.000000 -1
0 24.056999 0.198230 15.433997 1.000000 1.000000 -1
0 24.056999 19.598230 15.433997 0.000000 0.000000 -1
0 24.056999 0.198230 15.433997 0.000000 1.000000 -1
0 24.056999 19.638229 -15.532002 1.000000 0.000000 -1
0 24.056999 0.198230 -15.532002 1.000000 1.000000 -1
0 24.056999 19.638229 -15.532002 0.000000 0.000000 -1
0 24.056999 0.198230 -15.532002 0.000000 1.000000 -1
0 -24.056999 19.638229 -15.532002 1.000000 0.000000 -1
0 -24.056999 0.198230 -15.532002 1.000000 1.000000 -1
0 -24.056999 19.638229 -15.532002 0.000000 0.000000 -1
0 -24.056999 0.198230 -15.532002 0.000000 1.000000 -1
0 -24.056999 19.598230 15.433997 1.000000 0.000000 -1
0 -24.056999 0.198230 15.433997 1.000000 1.000000 -1
0 -24.056999 19.598230 15.433997 0.000000 1.000000 -1
0 24.056999 19.598230 15.433997 1.000000 1.000000 -1
0 -24.056999 0.198230 15.433997 0.000000 0.000000 -1
0 24.056999 0.198230 15.433997 1.000000 0.000000 -1
6
0.000000 0.000000 1.000000
1.000000 0.000000 0.000000
0.000000 0.000000 -1.000000
-1.000000 0.000000 0.000000
0.000000 0.999999 0.001292
0.000000 -1.000000 0.000000
12
0 0 1 2 0 0 0 1
0 1 3 2 0 0 0 1
0 4 5 6 1 1 1 2
0 5 7 6 1 1 1 2
0 8 9 10 2 2 2 1
0 9 11 10 2 2 2 1
0 12 13 14 3 3 3 2
0 13 15 14 3 3 3 2
0 12 16 6 4 4 4 3
0 16 17 6 4 4 4 3
0 18 13 19 5 5 5 3
0 13 7 19 5 5 5 3
"windows" 0 1
160
0 23.497845 14.031717 3.783595 0.000000 0.000000 -1
0 23.497845 5.781717 3.783595 0.000000 1.000000 -1
0 24.614510 14.031717 3.783595 1.000000 0.000000 -1
0 24.614510 5.781717 3.783595 1.000000 1.000000 -1
0 24.614510 14.031717 3.783595 0.000000 0.000000 -1
0 24.614510 5.781717 3.783595 0.000000 1.000000 -1
0 24.614510 14.031717 -3.866405 1.000000 0.000000 -1
0 24.614510 5.781717 -3.866405 1.000000 1.000000 -1
0 24.614510 14.031717 -3.866405 0.000000 0.000000 -1
0 24.614510 5.781717 -3.866405 0.000000 1.000000 -1
0 23.497845 14.031717 -3.866405 1.000000 0.000000 -1
0 23.497845 5.781717 -3.866405 1.000000 1.000000 -1
0 23.497845 14.031717 -3.866405 0.000000 0.000000 -1
0 23.497845 5.781717 -3.866405 0.000000 1.000000 -1
0 23.497845 14.031717 3.783595 1.000000 0.000000 -1
0 23.497845 5.781717 3.783595 1.000000 1.000000 -1
0 23.497845 14.031717 3.783595 0.000000 1.000000 -1
0 24.614510 14.031717 3.783595 1.000000 1.000000 -1
0 23.497845 5.781717 3.783595 0.000000 0.000000 -1
0 24.614510 5.781717 3.783595 1.000000 0.000000 -1
0 -24.614510 14.031717 3.783595 1.000000 0.000000 -1
0 -23.497845 5.781717 3.783595 0.000000 1.000000 -1
0 -23.497845 14.031717 3.783595 0.000000 0.000000 -1
0 -24.614510 5.781717 3.783595 1.000000 1.000000 -1
0 -24.614510 14.031717 -3.866405 1.000000 0.000000 -1
0 -24.614510 5.781717 3.783595 0.000000 1.000000 -1
0 -24.614510 14.031717 3.783595 0.000000 0.000000 -1
0 -24.614510 5.781717 -3.866405 1.000000 1.000000 -1
0 -23.497845 14.031717 -3.866405 1.000000 0.000000 -1
0 -24.614510 5.781717 -3.866405 0.000000 1.000000 -1
0 -24.614510 14.031717 -3.866405 0.000000 0.000000 -1
0 -23.497845 5.781717 -3.866405 1.000000 1.000000 -1
0 -23.497845 14.031717 3.783595 1.000000 0.000000 -1
0 -23.497845 5.781717 -3.866405 0.000000 1.000000 -1
0 -23.497845 14.031717 -3.866405 0.000000 0.000000 -1
0 -23.497845 5.781717 3.783595 1.000000 1.000000 -1
0 -23.497845 14.031717 3.783595 0.000000 1.000000 -1
0 -24.614510 14.031717 3.783595 1.000000 1.000000 -1
0 -24.614510 5.781717 3.783595 1.000000 0.000000 -1
0 -23.497845 5.781717 3.783595 0.000000 0.000000 -1
0 -2.494494 28.856911 12.440000 0.000000 0.000000 -1
0 -2.494494 24.473381 12.440000 0.000000 1.000000 -1
0 2.235506 28.856911 12.440000 1.000000 0.000000 -1
0 2.235506 24.473381 12.440000 1.000000 1.000000 -1
0 2.235506 28.856911 12.440000 0.000000 0.000000 -1
0 2.235506 24.473381 12.440000 0.000000 1.000000 -1
0 2.235506 28.856911 11.895423 1.000000 0.000000 -1
0 2.235506 24.473381 11.895423 1.000000 1.000000 -1
0 2.235506 28.856911 11.895423 0.000000 0.000000 -1
0 2.235506 24.473381 11.895423 0.000000 1.000000 -1
0 -2.494494 28.856911 11.895423 1.000000 0.000000 -1
0 -2.494494 24.473381 11.895423 1.000000 1.000000 -1
0 -2.494494 28.856911 11.895423 0.000000 0.000000 -1
0 -2.494494 24.473381 11.895423 0.000000 1.000000 -1
0 -2.494494 28.856911 12.440000 1.000000 0.000000 -1
0 -2.494494 24.473381 12.440000 1.000000 1.000000 -1
0 -2.494494 28.856911 12.440000 0.000000 1.000000 -1
0 2.235506 28.856911 12.440000 1.000000 1.000000 -1
0 -2.494494 24.473381 12.440000 0.000000 0.000000 -1
0 2.235506 24.473381 12.440000 1.000000 0.000000 -1
0 2.235506 28.856911 -12.440000 1.000000 0.000000 -1
0 -2.494494 24.473381 -12.440000 0.000000 1.000000 -1
0 -2.494494 28.856911 -12.440000 0.000000 0.000000 -1
0 2.235506 24.473381 -12.440000 1.000000 1.000000 -1
0 2.235506 28.856911 -11.895423 1.000000 0.000000 -1
0 2.235506 24.473381 -12.440000 0.000000 1.000000 -1
0 2.235506 28.856911 -12.440000 0.000000 0.000000 -1
0 2.235506 24.473381 -11.895423 1.000000 1.000000 -1
0 -2.494494 28.856911 -11.895423 1.000000 0.000000 -1
0 2.235506 24.473381 -11.895423 0.000000 1.000000 -1
0 2.235506 28.856911 -11.895423 0.000000 0.000000 -1
0 -2.494494 24.473381 -11.895423 1.000000 1.000000 -1
0 -2.494494 28.856911 -12.440000 1.000000 0.000000 -1
0 -2.494494 24.473381 -11.895423 0.000000 1.000000 -1
0 -2.494494 28.856911 -11.895423 0.000000 0.000000 -1
0 -2.494494 24.473381 -12.440000 1.000000 1.000000 -1
0 -2.494494 28.856911 -12.440000 0.000000 1.000000 -1
0 2.235506 28.856911 -12.440000 1.000000 1.000000 -1
0 2.235506 24.473381 -12.440000 1.000000 0.000000 -1
0 -2.494494 24.473381 -12.440000 0.000000 0.000000 -1
0 18.444035 13.806717 16.010910 0.000000 0.000000 -1
0 18.444035 5.556717 16.010910 0.000000 1.000000 -1
0 18.444031 13.806717 14.894246 1.000000 0.000000 -1
0 18.444031 5.556717 14.894246 1.000000 1.000000 -1
0 18.444031 13.806717 14.894246 0.000000 0.000000 -1
0 18.444031 5.556717 14.894246 0.000000 1.000000 -1
0 10.794032 13.806717 14.894246 1.000000 0.000000 -1
0 10.794032 5.556717 14.894246 1.000000 1.000000 -1
0 10.794032 13.806717 14.894246 0.000000 0.000000 -1
0 10.794032 5.556717 14.894246 0.000000 1.000000 -1
0 10.794033 13.806717 16.010912 1.000000 0.000000 -1
0 10.794033 5.556717 16.010912 1.000000 1.000000 -1
0 10.794033 13.806717 16.010912 0.000000 0.000000 -1
0 10.794033 5.556717 16.010912 0.000000 1.000000 -1
0 18.444035 13.806717 16.010910 1.000000 0.000000 -1
0 18.444035 5.556717 16.010910 1.000000 1.000000 -1
0 18.444035 13.806717 16.010910 0.000000 1.000000 -1
0 18.444031 13.806717 14.894246 1.000000 1.000000 -1
0 18.444035 5.556717 16.010910 0.000000 0.000000 -1
0 18.444031 5.556717 14.894246 1.000000 0.000000 -1
0 18.444031 13.806717 -14.894246 1.000000 0.000000 -1
0 18.444035 5.556717 -16.010910 0.000000 1.000000 -1
0 18.444035 13.806717 -16.010910 0.000000 0.000000 -1
0 18.444031 5.556717 -14.894246 1.000000 1.000000 -1
0 10.794032 13.806717 -14.894246 1.000000 0.000000 -1
0 18.444031 5.556717 -14.894246 0.000000 1.000000 -1
0 18.444031 13.806717 -14.894246 0.000000 0.000000 -1
0 10.794032 5.556717 -14.894246 1.000000 1.000000 -1
0 10.794033 13.806717 -16.010912 1.000000 0.000000 -1
0 10.794032 5.556717 -14.894246 0.000000 1.000000 -1
0 10.794032 13.806717 -14.894246 0.000000 0.000000 -1
0 10.794033 5.556717 -16.010912 1.000000 1.000000 -1
0 18.444035 13.806717 -16.010910 1.000000 0.000000 -1
0 10.794033 5.556717 -16.010912 0.000000 1.000000 -1
0 10.794033 13.806717 -16.010912 0.000000 0.000000 -1
0 18.444035 5.556717 -16.010910 1.000000 1.000000 -1
0 18.444035 13.806717 -16.010910 0.000000 1.000000 -1
0 18.444031 13.806717 -14.894246 1.000000 1.000000 -1
0 18.444031 5.556717 -14.894246 1.000000 0.000000 -1
0 18.444035 5.556717 -16.010910 0.000000 0.000000 -1
0 -10.033113 13.806717 -14.894246 1.000000 0.000000 -1
0 -10.033109 5.556717 -16.010910 0.000000 1.000000 -1
0 -10.033109 13.806717 -16.010910 0.000000 0.000000 -1
0 -10.033113 5.556717 -14.894246 1.000000 1.000000 -1
0 -17.683111 13.806717 -14.894246 1.000000 0.000000 -1
0 -10.033113 5.556717 -14.894246 0.000000 1.000000 -1
0 -10.033113 13.806717 -14.894246 0.000000 0.000000 -1
0 -17.683111 5.556717 -14.894246 1.000000 1.000000 -1
0 -17.683111 13.806717 -16.010912 1.000000 0.000000 -1
0 -17.683111 5.556717 -14.894246 0.000000 1.000000 -1
0 -17.683111 13.806717 -14.894246 0.000000 0.000000 -1
0 -17.683111 5.556717 -16.010912 1.000000 1.000000 -1
0 -10.033109 13.806717 -16.010910 1.000000 0.000000 -1
0 -17.683111 5.556717 -16.010912 0.000000 1.000000 -1
0 -17.683111 13.806717 -16.010912 0.000000 0.000000 -1
0 -10.033109 5.556717 -16.010910 1.000000 1.000000 -1
0 -10.033109 13.806717 -16.010910 0.000000 1.000000 -1
0 -10.033113 13.806717 -14.894246 1.000000 1.000000 -1
0 -10.033113 5.556717 -14.894246 1.000000 0.000000 -1
0 -10.033109 5.556717 -16.010910 0.000000 0.000000 -1
0 -10.033109 13.806717 16.010910 0.000000 0.000000 -1
0 -10.033109 5.556717 16.010910 0.000000 1.000000 -1
0 -10.033113 13.806717 14.894246 1.000000 0.000000 -1
0 -10.033113 5.556717 14.894246 1.000000 1.000000 -1
0 -10.033113 13.806717 14.894246 0.000000 0.000000 -1
0 -10.033113 5.556717 14.894246 0.000000 1.000000 -1
0 -17.683111 13.806717 14.894246 1.000000 0.000000 -1
0 -17.683111 5.556717 14.894246 1.000000 1.000000 -1
0 -17.683111 13.806717 14.894246 0.000000 0.000000 -1
0 -17.683111 5.556717 14.894246 0.000000 1.000000 -1
0 -17.683111 13.806717 16.010912 1.000000 0.000000 -1
0 -17.683111 5.556717 16.010912 1.000000 1.000000 -1
0 -17.683111 13.806717 16.010912 0.000000 0.000000 -1
0 -17.683111 5.556717 16.010912 0.000000 1.000000 -1
0 -10.033109 13.806717 16.010910 1.000000 0.000000 -1
0 -10.033109 5.556717 16.010910 1.000000 1.000000 -1
0 -10.033109 13.806717 16.010910 0.000000 1.000000 -1
0 -10.033113 13.806717 14.894246 1.000000 1.000000 -1
0 -10.033109 5.556717 16.010910 0.000000 0.000000 -1
0 -10.033113 5.556717 14.894246 1.000000 0.000000 -1
16
0.000000 0.000000 1.000000
1.000000 0.000000 0.000000
0.000000 0.000000 -1.000000
-1.000000 0.000000 0.000000
0.000000 1.000000 0.000000
0.000000 -1.000000 0.000000
1.000000 0.000000 -0.000003
-1.000000 0.000000 0.000001
0.000000 0.000000 1.000000
1.000000 0.000000 0.000003
-1.000000 0.000000 -0.000001
0.000000 0.000000 -1.000000
1.000000 0.000000 0.000004
0.000000 0.000000 -1.000000
1.000000 0.000000 -0.000004
0.000000 0.000000 1.000000
96
0 0 1 2 0 0 0 1
0 1 3 2 0 0 0 1
0 4 5 6 1 1 1 2
0 5 7 6 1 1 1 2
0 8 9 10 2 2 2 1
0 9 11 10 2 2 2 1
0 12 13 14 3 3 3 2
0 13 15 14 3 3 3 2
0 12 16 6 4 4 4 3
0 16 17 6 4 4 4 3
0 18 13 19 5 5 5 3
0 13 7 19 5 5 5 3
0 20 21 22 0 0 0 1
0 20 23 21 0 0 0 1
0 24 25 26 3 3 3 2
0 24 27 25 3 3 3 2
0 28 29 30 2 2 2 1
0 28 31 29 2 2 2 1
0 32 33 34 1 1 1 2
0 32 35 33 1 1 1 2
0 24 36 34 4 4 4 3
0 24 37 36 4 4 4 3
0 38 33 39 5 5 5 3
0 38 27 33 5 5 5 3
0 40 41 42 0 0 0 1
0 41 43 42 0 0 0 1
0 44 45 46 1 1 1 2
0 45 47 46 1 1 1 2
0 48 49 50 2 2 2 1
0 49 51 50 2 2 2 1
0 52 53 54 3 3 3 2
0 53 55 54 3 3 3 2
0 52 56 46 4 4 4 3
0 56 57 46 4 4 4 3
0 58 53 59 5 5 5 3
0 53 47 59 5 5 5 3
0 60 61 62 2 2 2 1
0 60 63 61 2 2 2 1
0 64 65 66 1 1 1 2
0 64 67 65 1 1 1 2
0 68 69 70 0 0 0 1
0 68 71 69 0 0 0 1
0 72 73 74 3 3 3 2
0 72 75 73 3 3 3 2
0 64 76 74 4 4 4 3
0 64 77 76 4 4 4 3
0 78 73 79 5 5 5 3
0 78 67 73 5 5 5 3
0 80 81 82 6 6 6 1
0 81 83 82 6 6 6 1
0 84 85 86 2 2 2 2
0 85 87 86 2 2 2 2
0 88 89 90 7 7 7 1
0 89 91 90 7 7 7 1
0 92 93 94 8 8 8 2
0 93 95 94 8 8 8 2
0 92 96 86 4 4 4 3
0 96 97 86 4 4 4 3
0 98 93 99 5 5 5 3
0 93 87 99 5 5 5 3
0 100 101 102 9 9 9 1
0 100 103 101 9 9 9 1
0 104 105 106 0 0 0 2
0 104 107 105 0 0 0 2
0 108 109 110 10 10 10 1
0 108 111 109 10 10 10 1
0 112 113 114 11 11 11 2
0 112 115 113 11 11 11 2
0 104 116 114 4 4 4 3
0 104 117 116 4 4 4 3
0 118 113 119 5 5 5 3
0 118 107 113 5 5 5 3
0 120 121 122 12 12 12 1
0 120 123 121 12 12 12 1
0 124 125 126 0 0 0 2
0 124 127 125 0 0 0 2
0 128 129 130 3 3 3 1
0 128 131 129 3 3 3 1
0 132 133 134 13 13 13 2
0 132 135 133 13 13 13 2
0 124 136 134 4 4 4 3
0 124 137 136 4 4 4 3
0 138 133 139 5 5 5 3
0 138 127 133 5 5 5 3
0 140 141 142 14 14 14 1
0 141 143 142 14 14 14 1
0 144 145 146 2 2 2 2
0 145 147 146 2 2 2 2
0 148 149 150 3 3 3 1
0 149 151 150 3 3 3 1
0 152 153 154 15 15 15 2
0 153 155 154 15 15 15 2
0 152 156 146 4 4 4 3
0 156 157 146 4 4 4 3
0 158 153 159 5 5 5 3
0 153 147 159 5 5 5 3
"roof" 0 2
8
0 -25.349998 35.978977 0.044606 0.000000 0.000000 -1
0 -25.349998 19.613907 15.442129 0.000000 1.000000 -1
0 25.199999 35.978977 0.044606 1.000000 0.000000 -1
0 25.199999 19.613907 15.442128 1.000000 1.000000 -1
0 25.199999 35.979069 0.044478 1.000000 0.000000 -1
0 -25.349998 19.637886 -15.532329 0.000000 1.000000 -1
0 -25.349998 35.979069 0.044478 0.000000 0.000000 -1
0 25.199999 19.637886 -15.532327 1.000000 1.000000 -1
6
0.000000 0.685249 0.728309
0.000000 0.685249 0.728309
0.000000 0.685249 0.728309
0.000000 0.689975 -0.723833
0.000000 0.689975 -0.723833
0.000000 0.689975 -0.723833
4
0 0 1 2 0 1 1 1
0 1 3 2 1 2 1 1
0 4 5 6 3 3 4 1
0 4 7 5 3 5 3 1
"attic-right" 0 3
9
0 24.047880 19.599991 15.434720 0.000000 1.000000 -1
0 24.047888 19.637783 -15.532353 1.000000 0.997693 -1
0 24.047884 35.978981 0.044456 0.496988 0.000000 -1
0 3.656894 29.213377 6.334072 0.293881 0.413066 -1
0 3.655231 29.212126 12.254884 0.102684 0.413142 -1
0 3.664204 22.981222 12.254998 0.102681 0.793563 -1
0 3.664204 22.981737 -12.258679 0.894285 0.793531 -1
0 3.655231 29.209822 -12.260322 0.894338 0.413283 -1
0 3.655231 29.213268 -6.407097 0.705324 0.413073 -1
3
1.000000 -0.000000 0.000000
0.999999 0.001440 0.000281
0.999999 0.001441 -0.000001
3
0 0 1 2 0 0 0 1
0 3 4 5 1 1 1 1
0 6 7 8 2 2 2 1
"attic-left" 0 3
9
0 -24.047884 35.978981 0.044456 0.503012 0.000000 -1
0 -24.047888 19.637783 -15.532353 0.000000 0.997693 -1
0 -24.047880 19.599991 15.434720 1.000000 1.000000 -1
0 -3.999999 22.996181 12.255557 0.897337 0.792650 -1
0 -3.999999 29.212816 12.255022 0.897320 0.413100 -1
0 -3.999999 29.213053 6.342300 0.706384 0.413086 -1
0 -3.999999 29.213535 -6.396845 0.295007 0.413056 -1
0 -3.999999 29.212774 -12.250070 0.105993 0.413103 -1
0 -3.999999 23.009983 -12.252797 0.105905 0.791807 -1
2
-1.000000 -0.000000 0.000000
-1.000000 0.000000 0.000000
3
0 0 1 2 0 0 0 1
0 3 4 5 1 1 1 1
0 6 7 8 1 1 1 1
"attic-front" 1 3
16
1 3.655700 29.213060 12.254644 0.998074 0.528334 -1
1 -0.140615 22.995865 12.255560 0.503699 0.912888 -1
1 3.664808 22.981297 12.255633 0.999260 0.913789 -1
1 -0.140744 32.855026 12.260001 0.503683 0.303067 -1
1 -4.002853 22.981297 12.255633 0.000740 0.913789 -1
1 -0.136413 22.995867 12.255560 0.504247 0.912888 -1
1 -3.993745 29.213060 12.254644 0.001926 0.528334 -1
1 -0.139854 32.855022 12.260001 0.503798 0.303067 -1
1 3.664808 22.981297 -12.255633 0.999260 0.913789 -1
1 -0.140615 22.995865 -12.255560 0.503699 0.912888 -1
1 3.655700 29.213060 -12.254644 0.998074 0.528334 -1
1 -0.140744 32.855026 -12.260001 0.503683 0.303067 -1
1 -3.993745 29.213060 -12.254644 0.001926 0.528334 -1
1 -0.136413 22.995867 -12.255560 0.504247 0.912888 -1
1 -4.002853 22.981297 -12.255633 0.000740 0.913789 -1
1 -0.139854 32.855022 -12.260001 0.503798 0.303067 -1
12
0.000480 -0.000146 1.000000
-0.000019 0.000159 1.000000
0.000979 -0.000450 0.999999
0.000018 0.000159 1.000000
-0.000473 -0.000146 1.000000
-0.000964 -0.000451 0.999999
-0.000019 0.000159 -1.000000
0.000480 -0.000146 -1.000000
0.000979 -0.000450 -0.999999
-0.000473 -0.000146 -1.000000
0.000018 0.000159 -1.000000
-0.000964 -0.000451 -0.999999
8
1 0 1 2 0 0 1 1
1 1 0 3 0 0 2 1
1 4 5 6 3 4 4 1
1 7 6 5 5 4 4 1
1 8 9 10 6 7 7 1
1 11 10 9 8 7 7 1
1 12 13 14 9 9 10 1
1 13 12 15 9 9 11 1
"roof-attic" 0 2
20
0 -0.141177 32.855129 2.910724 0.390587 0.486418 -1
0 -0.141177 32.855129 13.072515 0.008608 0.486418 -1
0 4.672030 28.256372 13.077047 0.008438 0.967503 -1
0 -5.018185 28.256443 13.077047 0.008438 0.967496 -1
0 4.672067 28.257011 2.904105 0.390836 0.967436 -1
0 -0.141187 32.854332 2.910285 0.390603 0.486502 -1
0 4.662059 28.255713 13.077505 0.008421 0.967572 -1
0 -5.018440 28.256804 13.077505 0.008421 0.967458 -1
0 -0.140895 32.855045 2.910285 0.390603 0.486427 -1
0 -5.018037 28.256920 2.904105 0.390836 0.967446 -1
0 4.672030 28.256372 -13.077047 0.991562 0.967503 -1
0 -0.141177 32.855129 -13.072515 0.991392 0.486418 -1
0 -0.141177 32.855129 -2.910724 0.609413 0.486418 -1
0 -5.018185 28.256443 -13.077047 0.991562 0.967496 -1
0 4.662059 28.255713 -13.077505 0.991579 0.967572 -1
0 -0.141187 32.854332 -2.910285 0.609397 0.486502 -1
0 4.672067 28.257011 -2.904105 0.609164 0.967436 -1
0 -5.018037 28.256920 -2.904105 0.609164 0.967446 -1
0 -0.140895 32.855045 -2.910285 0.609397 0.486427 -1
0 -5.018440 28.256804 -13.077505 0.991579 0.967458 -1
7
0.003291 0.999995 0.000000
0.690816 0.723030 0.000000
-0.686042 0.727562 0.000000
0.690700 0.723141 0.000772
-0.685987 0.727613 -0.000019
0.690700 0.723141 -0.000772
-0.685987 0.727613 0.000019
8
0 0 1 2 0 0 1 1
0 3 1 0 2 0 0 1
0 4 5 6 3 3 3 1
0 7 8 9 4 4 4 1
0 10 11 12 1 0 0 1
0 12 11 13 0 0 2 1
0 14 15 16 5 5 5 1
0 17 18 19 6 6 6 1

Materials: 4
"door"
0.200000 0.200000 0.200000 1.000000
0.800000 0.800000 0.800000 1.000000
0.000000 0.000000 0.000000 1.000000
0.000000 0.000000 0.000000 1.000000
0.000000
1.000000
".\door.bmp"
""
"window"
0.200000 0.200000 0.200000 1.000000
0.800000 0.800000 0.800000 1.000000
0.000000 0.000000 0.000000 1.000000
0.000000 0.000000 0.000000 1.000000
0.000000
1.000000
"..\common\window-tan.bmp"
""
"roof"
0.200000 0.200000 0.200000 1.000000
0.800000 0.800000 0.800000 1.000000
0.000000 0.000000 0.000000 1.000000
0.000000 0.000000 0.000000 1.000000
0.000000
1.000000
"..\common\black-shingles.bmp"
""
"frame"
0.200000 0.200000 0.200000 1.000000
0.800000 0.800000 0.800000 1.000000
0.000000 0.000000 0.000000 1.000000
0.000000 0.000000 0.000000 1.000000
0.000000
1.000000
".\wood.bmp"
""

Bones: 0
GroupComments: 0
MaterialComments: 0
BoneComments: 0
ModelComment: 0
