// MilkShape 3D ASCII

Frames: 30
Frame: 1

Meshes: 2
"door" 0 0
20
0 -5.213855 -0.037967 26.174364 0.000000 0.000000 -1
0 -0.048049 0.041381 20.634716 0.000000 1.000000 -1
0 -0.637666 -0.037967 30.441723 1.000000 0.000000 -1
0 4.528140 0.041381 24.902077 1.000000 1.000000 -1
0 -0.637666 -0.037967 30.441723 0.000000 0.000000 -1
0 4.528140 0.041381 24.902077 0.000000 1.000000 -1
0 -0.652966 1.247554 30.458136 1.000000 0.000000 -1
0 5.114871 0.996855 24.272892 1.000000 1.000000 -1
0 -0.652966 1.247554 30.458136 0.000000 0.000000 -1
0 5.114871 0.996855 24.272892 0.000000 1.000000 -1
0 -5.229152 1.247554 26.190767 1.000000 0.000000 -1
0 0.538682 0.996855 20.005531 1.000000 1.000000 -1
0 -5.229152 1.247554 26.190767 0.000000 0.000000 -1
0 0.538682 0.996855 20.005531 0.000000 1.000000 -1
0 -5.213855 -0.037967 26.174364 1.000000 0.000000 -1
0 -0.048049 0.041381 20.634716 1.000000 1.000000 -1
0 -5.213855 -0.037967 26.174364 0.000000 1.000000 -1
0 -0.637666 -0.037967 30.441723 1.000000 1.000000 -1
0 -0.048049 0.041381 20.634716 0.000000 0.000000 -1
0 4.528140 0.041381 24.902077 1.000000 0.000000 -1
17
0.007144 -0.999945 -0.007661
0.007144 -0.999945 -0.007661
0.007144 -0.999945 -0.007661
0.731354 -0.000002 0.681998
0.731354 -0.000004 0.681999
0.731353 -0.000005 0.681999
0.020208 0.999561 -0.021670
0.020208 0.999561 -0.021670
0.020208 0.999561 -0.021670
-0.731353 -0.000000 -0.681999
-0.731353 0.000003 -0.681999
-0.731354 0.000006 -0.681998
-0.681895 -0.017445 0.731242
-0.681894 -0.017448 0.731242
-0.681894 -0.017452 0.731243
0.506825 -0.669128 -0.543504
0.506825 -0.669128 -0.543504
12
0 0 1 2 0 1 1 1
0 1 3 2 1 2 1 1
0 4 5 6 3 4 4 2
0 5 7 6 4 5 4 2
0 8 9 10 6 7 7 1
0 9 11 10 7 8 7 1
0 12 13 14 9 10 10 2
0 13 15 14 10 11 10 2
0 12 16 6 12 13 13 3
0 16 17 6 13 14 13 3
0 18 13 19 15 16 16 3
0 13 7 19 16 16 16 3
"frame" 0 1
286
0 -15.417307 7.798232 -19.111967 0.000000 0.000000 -1
0 -24.077303 0.180957 -12.566515 0.000000 1.000000 -1
0 23.674999 13.465923 -19.111967 1.000000 0.000000 -1
0 24.075001 0.088649 -12.566515 1.000000 1.000000 -1
0 23.674999 13.465923 -19.111967 0.000000 0.000000 -1
0 24.075001 0.088649 -12.566515 0.000000 1.000000 -1
0 23.674999 13.465922 -22.166513 1.000000 0.000000 -1
0 24.075001 0.088649 -15.566515 1.000000 1.000000 -1
0 23.674999 13.465922 -22.166513 0.000000 0.000000 -1
0 24.075001 0.088649 -15.566515 0.000000 1.000000 -1
0 -15.417307 7.798229 -22.166513 1.000000 0.000000 -1
0 -24.077303 0.180957 -15.566515 1.000000 1.000000 -1
0 -15.417307 7.798229 -22.166513 0.000000 0.000000 -1
0 -24.077303 0.180957 -15.566515 0.000000 1.000000 -1
0 -15.417307 7.798232 -19.111967 1.000000 0.000000 -1
0 -24.077303 0.180957 -12.566515 1.000000 1.000000 -1
0 -15.417307 7.798232 -19.111967 0.000000 1.000000 -1
0 23.674999 13.465923 -19.111967 1.000000 1.000000 -1
0 -24.077303 0.180957 -12.566515 0.000000 0.000000 -1
0 24.075001 0.088649 -12.566515 1.000000 0.000000 -1
0 24.075001 8.938650 14.966516 1.000000 0.000000 -1
0 -24.077303 0.030957 13.616515 0.000000 1.000000 -1
0 -24.077303 16.879887 17.070795 0.000000 0.000000 -1
0 24.075001 0.110078 9.687943 1.000000 1.000000 -1
0 24.075001 8.938650 17.966515 1.000000 0.000000 -1
0 24.075001 0.110078 9.687943 0.000000 1.000000 -1
0 24.075001 8.938650 14.966516 0.000000 0.000000 -1
0 24.075001 0.260078 11.637943 1.000000 1.000000 -1
0 -24.077303 11.430958 20.366516 1.000000 0.000000 -1
0 24.075001 0.260078 11.637943 0.000000 1.000000 -1
0 24.075001 8.938650 17.966515 0.000000 0.000000 -1
0 -24.077303 0.180957 15.566515 1.000000 1.000000 -1
0 -24.077303 16.879887 17.070795 1.000000 0.000000 -1
0 -24.077303 0.180957 15.566515 0.000000 1.000000 -1
0 -24.077303 11.430958 20.366516 0.000000 0.000000 -1
0 -24.077303 0.030957 13.616515 1.000000 1.000000 -1
0 -24.077303 16.879887 17.070795 0.000000 1.000000 -1
0 24.075001 8.938650 14.966516 1.000000 1.000000 -1
0 24.075001 0.110078 9.687943 1.000000 0.000000 -1
0 -24.077303 0.030957 13.616515 0.000000 0.000000 -1
0 24.155003 1.100083 -13.355087 0.000000 0.000000 -1
0 24.155003 0.088649 13.233486 0.000000 1.000000 -1
0 21.429766 1.100083 -13.355087 1.000000 0.000000 -1
0 21.429766 0.088649 13.233486 1.000000 1.000000 -1
0 21.429766 1.100083 -13.355087 0.000000 0.000000 -1
0 21.429766 0.088649 13.233486 0.000000 1.000000 -1
0 21.429766 8.866390 -0.727110 1.000000 0.000000 -1
0 21.429766 0.088649 -13.016515 1.000000 1.000000 -1
0 21.429766 8.866390 -0.727110 0.000000 0.000000 -1
0 21.429766 0.088649 -13.016515 0.000000 1.000000 -1
0 24.155003 8.866390 -0.727110 1.000000 0.000000 -1
0 24.155003 0.088649 -13.016515 1.000000 1.000000 -1
0 24.155003 8.866390 -0.727110 0.000000 0.000000 -1
0 24.155003 0.088649 -13.016515 0.000000 1.000000 -1
0 24.155003 1.100083 -13.355087 1.000000 0.000000 -1
0 24.155003 0.088649 13.233486 1.000000 1.000000 -1
0 24.155003 1.100083 -13.355087 0.000000 1.000000 -1
0 21.429766 1.100083 -13.355087 1.000000 1.000000 -1
0 24.155003 0.088649 13.233486 0.000000 0.000000 -1
0 21.429766 0.088649 13.233486 1.000000 0.000000 -1
0 -21.429766 1.100083 -13.355087 1.000000 0.000000 -1
0 -24.155003 0.088649 13.233486 0.000000 1.000000 -1
0 -24.155003 1.100083 -13.355087 0.000000 0.000000 -1
0 -21.429766 0.088649 13.233486 1.000000 1.000000 -1
0 -21.429766 4.248652 1.103484 1.000000 0.000000 -1
0 -21.429766 0.088649 13.233486 0.000000 1.000000 -1
0 -21.429766 1.100083 -13.355087 0.000000 0.000000 -1
0 -21.429766 0.088649 -13.016515 1.000000 1.000000 -1
0 -24.155003 4.248652 1.103484 1.000000 0.000000 -1
0 -21.429766 0.088649 -13.016515 0.000000 1.000000 -1
0 -21.429766 4.248652 1.103484 0.000000 0.000000 -1
0 -24.155003 0.088649 -13.016515 1.000000 1.000000 -1
0 -24.155003 1.100083 -13.355087 1.000000 0.000000 -1
0 -24.155003 0.088649 -13.016515 0.000000 1.000000 -1
0 -24.155003 4.248652 1.103484 0.000000 0.000000 -1
0 -24.155003 0.088649 13.233486 1.000000 1.000000 -1
0 -24.155003 1.100083 -13.355087 0.000000 1.000000 -1
0 -21.429766 1.100083 -13.355087 1.000000 1.000000 -1
0 -21.429766 0.088649 13.233486 1.000000 0.000000 -1
0 -24.155003 0.088649 13.233486 0.000000 0.000000 -1
0 1.200000 16.403101 20.395111 0.000000 0.000000 -1
0 1.039230 16.917397 20.086084 0.000000 0.000000 -1
0 0.000000 16.403101 20.395111 0.000000 0.000000 -1
0 28.390352 9.036572 14.483804 0.000000 0.000000 -1
0 27.914820 8.378553 15.367482 0.000000 0.000000 -1
0 28.638960 8.471468 14.415123 0.000000 0.000000 -1
0 1.200000 16.403101 20.395111 0.000000 1.000000 -1
0 1.200000 14.381569 17.030720 0.000000 0.833333 -1
0 1.039230 14.895869 16.721703 0.083333 0.833333 -1
0 1.039230 16.917397 20.086084 0.083333 1.000000 -1
0 1.200000 1.121536 -5.088283 0.000000 0.666667 -1
0 1.039230 1.635835 -5.397312 0.083333 0.666667 -1
0 6.687379 1.789585 -2.591928 0.000000 0.333333 -1
0 9.655992 2.808997 -0.235290 0.000000 0.166667 -1
0 9.904567 2.243898 -0.303987 0.083333 0.166667 -1
0 6.935954 1.224490 -2.660625 0.083333 0.333333 -1
0 28.638960 8.471468 14.415123 0.083333 0.000000 -1
0 0.600000 17.293894 19.859863 0.000000 0.000000 -1
0 28.693499 7.881484 14.601582 0.000000 0.000000 -1
0 0.600000 17.293894 19.859863 0.166667 1.000000 -1
0 0.600000 15.272366 16.495480 0.166667 0.833333 -1
0 0.600000 2.012337 -5.623525 0.166667 0.666667 -1
0 6.990519 0.634487 -2.474129 0.166667 0.333333 -1
0 9.959139 1.653909 -0.117494 0.166667 0.166667 -1
0 28.693499 7.881484 14.601582 0.166667 0.000000 -1
0 0.000000 17.431698 19.777058 0.000000 0.000000 -1
0 28.539406 7.424674 14.993299 0.000000 0.000000 -1
0 0.000000 15.410169 16.412676 0.250000 0.833333 -1
0 0.000000 17.431698 19.777058 0.250000 1.000000 -1
0 0.000000 2.150139 -5.706324 0.250000 0.666667 -1
0 9.805046 1.197107 0.274214 0.250000 0.166667 -1
0 6.836426 0.177695 -2.082424 0.250000 0.333333 -1
0 28.539406 7.424674 14.993299 0.250000 0.000000 -1
0 -0.600000 17.293894 19.859863 0.000000 0.000000 -1
0 28.217958 7.223469 15.485271 0.000000 0.000000 -1
0 -0.600000 17.293894 19.859863 0.333333 1.000000 -1
0 -0.600000 15.272366 16.495480 0.333333 0.833333 -1
0 -0.600000 2.012337 -5.623525 0.333333 0.666667 -1
0 6.514965 -0.023520 -1.590464 0.333333 0.333333 -1
0 9.483578 0.995895 0.766177 0.333333 0.166667 -1
0 28.217958 7.223469 15.485271 0.333333 0.000000 -1
0 -1.039230 16.917397 20.086084 0.000000 0.000000 -1
0 27.815287 7.331758 15.945679 0.000000 0.000000 -1
0 -1.039230 14.895869 16.721703 0.416667 0.833333 -1
0 -1.039230 16.917397 20.086084 0.416667 1.000000 -1
0 -1.039230 1.635835 -5.397312 0.416667 0.666667 -1
0 9.080903 1.104186 1.226580 0.416667 0.166667 -1
0 6.112290 0.084777 -1.130055 0.416667 0.333333 -1
0 27.815287 7.331758 15.945679 0.416667 0.000000 -1
0 -1.200000 16.403101 20.395111 0.000000 0.000000 -1
0 27.439280 7.720554 16.251144 0.000000 0.000000 -1
0 -1.200000 16.403101 20.395111 0.500000 1.000000 -1
0 -1.200000 14.381569 17.030720 0.500000 0.833333 -1
0 -1.200000 1.121536 -5.088283 0.500000 0.666667 -1
0 5.736292 0.473557 -0.824579 0.500000 0.333333 -1
0 8.704906 1.492974 1.532060 0.500000 0.166667 -1
0 27.439280 7.720554 16.251144 0.500000 0.000000 -1
0 -1.039230 15.888796 20.704134 0.000000 0.000000 -1
0 27.190678 8.285645 16.319845 0.000000 0.000000 -1
0 -1.039230 13.867268 17.339743 0.583333 0.833333 -1
0 -1.039230 15.888796 20.704134 0.583333 1.000000 -1
0 -1.039230 0.607236 -4.779260 0.583333 0.666667 -1
0 8.456324 2.058065 1.600748 0.583333 0.166667 -1
0 5.487692 1.038655 -0.755882 0.583333 0.333333 -1
0 27.190678 8.285645 16.319845 0.583333 0.000000 -1
0 -0.600000 15.512300 20.930357 0.000000 0.000000 -1
0 27.136131 8.875620 16.133358 0.000000 0.000000 -1
0 -0.600000 15.512300 20.930357 0.666667 1.000000 -1
0 -0.600000 13.490777 17.565960 0.666667 0.833333 -1
0 -0.600000 0.230739 -4.553040 0.666667 0.666667 -1
0 5.433138 1.628656 -0.942388 0.666667 0.333333 -1
0 8.401772 2.648062 1.414261 0.666667 0.166667 -1
0 27.136131 8.875620 16.133358 0.666667 0.000000 -1
0 0.000000 15.374489 21.013157 0.000000 0.000000 -1
0 27.290224 9.332443 15.741642 0.000000 0.000000 -1
0 0.000000 13.352965 17.648762 0.750000 0.833333 -1
0 0.000000 15.374489 21.013157 0.750000 1.000000 -1
0 0.000000 0.092936 -4.470233 0.750000 0.666667 -1
0 8.555860 3.104858 1.022557 0.750000 0.166667 -1
0 5.587245 2.085449 -1.334082 0.750000 0.333333 -1
0 27.290224 9.332443 15.741642 0.750000 0.000000 -1
0 0.600000 15.512300 20.930357 0.000000 0.000000 -1
0 27.611673 9.533640 15.249672 0.000000 0.000000 -1
0 0.600000 15.512300 20.930357 0.833333 1.000000 -1
0 0.600000 13.490777 17.565960 0.833333 0.833333 -1
0 0.600000 0.230739 -4.553040 0.833333 0.666667 -1
0 5.908679 2.286666 -1.826064 0.833333 0.333333 -1
0 8.877311 3.306076 0.530577 0.833333 0.166667 -1
0 27.611673 9.533640 15.249672 0.833333 0.000000 -1
0 1.039230 15.888796 20.704134 0.000000 0.000000 -1
0 28.014360 9.425358 14.789283 0.000000 0.000000 -1
0 1.039230 13.867268 17.339743 0.916667 0.833333 -1
0 1.039230 15.888796 20.704134 0.916667 1.000000 -1
0 1.039230 0.607236 -4.779260 0.916667 0.666667 -1
0 9.279984 3.197779 0.070180 0.916667 0.166667 -1
0 6.311384 2.178371 -2.286462 0.916667 0.333333 -1
0 28.014360 9.425358 14.789283 0.916667 0.000000 -1
0 1.200000 16.403101 20.395111 1.000000 1.000000 -1
0 1.200000 14.381569 17.030720 1.000000 0.833333 -1
0 1.200000 1.121536 -5.088283 1.000000 0.666667 -1
0 6.687379 1.789585 -2.591928 1.000000 0.333333 -1
0 9.655992 2.808997 -0.235290 1.000000 0.166667 -1
0 28.390352 9.036572 14.483804 1.000000 0.000000 -1
0 -21.165810 1.242128 -31.614662 0.000000 0.000000 -1
0 -21.312708 0.642126 -31.680029 0.000000 0.000000 -1
0 -22.262064 1.242128 -32.102749 0.000000 0.000000 -1
0 38.928005 5.141018 -28.567015 0.000000 0.000000 -1
0 39.395435 4.098764 -28.199245 0.000000 0.000000 -1
0 38.671589 4.711095 -28.934839 0.000000 0.000000 -1
0 -21.165810 1.242128 -31.614662 0.000000 1.000000 -1
0 -22.762260 1.242123 -28.028976 0.000000 0.833333 -1
0 -22.909142 0.642137 -28.094355 0.083333 0.833333 -1
0 -21.312708 0.642126 -31.680029 0.083333 1.000000 -1
0 -33.251667 1.216081 -4.469400 0.000000 0.666667 -1
0 -33.398529 0.616070 -4.534795 0.083333 0.666667 -1
0 17.571049 2.165647 -9.854734 0.000000 0.333333 -1
0 20.522663 2.588764 -12.407102 0.000000 0.166667 -1
0 20.266211 2.158856 -12.774903 0.083333 0.166667 -1
0 17.314642 1.735745 -10.222513 0.083333 0.333333 -1
0 38.671589 4.711095 -28.934839 0.083333 0.000000 -1
0 -21.713943 0.202895 -31.858700 0.000000 0.000000 -1
0 38.609108 4.117112 -29.105515 0.000000 0.000000 -1
0 -21.713943 0.202895 -31.858700 0.166667 1.000000 -1
0 -23.310396 0.202899 -28.273033 0.166667 0.833333 -1
0 -33.799797 0.176839 -4.713446 0.166667 0.666667 -1
0 17.252172 1.141761 -10.393234 0.166667 0.333333 -1
0 20.203754 1.564891 -12.945609 0.166667 0.166667 -1
0 38.609108 4.117112 -29.105515 0.166667 0.000000 -1
0 -22.262072 0.042123 -32.102734 0.000000 0.000000 -1
0 38.757332 3.518229 -29.033401 0.000000 0.000000 -1
0 -23.858515 0.042128 -28.517056 0.250000 0.833333 -1
0 -22.262072 0.042123 -32.102734 0.250000 1.000000 -1
0 -34.347916 0.016070 -4.957487 0.250000 0.666667 -1
0 20.351999 0.965992 -12.873475 0.250000 0.166667 -1
0 17.400396 0.542875 -10.321091 0.250000 0.333333 -1
0 38.757332 3.518229 -29.033401 0.250000 0.000000 -1
0 -22.810204 0.202895 -32.346790 0.000000 0.000000 -1
0 39.076595 3.074887 -28.737772 0.000000 0.000000 -1
0 -22.810204 0.202895 -32.346790 0.333333 1.000000 -1
0 -24.406639 0.202899 -28.761118 0.333333 0.833333 -1
0 -34.896042 0.176839 -5.201533 0.333333 0.666667 -1
0 17.719585 0.099542 -10.025416 0.333333 0.333333 -1
0 20.671221 0.522651 -12.577827 0.333333 0.166667 -1
0 39.076595 3.074887 -28.737772 0.333333 0.000000 -1
0 -23.211454 0.642126 -32.525414 0.000000 0.000000 -1
0 39.481220 2.905906 -28.297825 0.000000 0.000000 -1
0 -24.807911 0.642137 -28.939737 0.416667 0.833333 -1
0 -23.211454 0.642126 -32.525414 0.416667 1.000000 -1
0 -35.297295 0.616070 -5.380180 0.416667 0.666667 -1
0 21.075850 0.353650 -12.137877 0.416667 0.166667 -1
0 18.124275 -0.069464 -9.585516 0.416667 0.333333 -1
0 39.481220 2.905906 -28.297825 0.416667 0.000000 -1
0 -23.358322 1.242128 -32.590824 0.000000 0.000000 -1
0 39.862881 3.056551 -27.831491 0.000000 0.000000 -1
0 -23.358322 1.242128 -32.590824 0.500000 1.000000 -1
0 -24.954788 1.242123 -29.005138 0.500000 0.833333 -1
0 -35.444168 1.216081 -5.445583 0.500000 0.666667 -1
0 18.505915 0.081187 -9.119152 0.500000 0.333333 -1
0 21.457531 0.504296 -11.671532 0.500000 0.166667 -1
0 39.862881 3.056551 -27.831491 0.500000 0.000000 -1
0 -23.211451 1.842130 -32.525436 0.000000 0.000000 -1
0 40.119297 3.486446 -27.463654 0.000000 0.000000 -1
0 -24.807911 1.842135 -28.939737 0.583333 0.833333 -1
0 -23.211451 1.842130 -32.525436 0.583333 1.000000 -1
0 -35.297295 1.816077 -5.380180 0.583333 0.666667 -1
0 21.713980 0.934192 -11.303756 0.583333 0.166667 -1
0 18.762356 0.511075 -8.751351 0.583333 0.333333 -1
0 40.119297 3.486446 -27.463654 0.583333 0.000000 -1
0 -22.810209 2.281376 -32.346783 0.000000 0.000000 -1
0 40.181797 4.080389 -27.292984 0.000000 0.000000 -1
0 -22.810209 2.281376 -32.346783 0.666667 1.000000 -1
0 -24.406649 2.281353 -28.761093 0.666667 0.833333 -1
0 -34.896042 2.255307 -5.201533 0.666667 0.666667 -1
0 18.824821 1.105063 -8.580648 0.666667 0.333333 -1
0 21.776453 1.528172 -11.133053 0.666667 0.166667 -1
0 40.181797 4.080389 -27.292984 0.666667 0.000000 -1
0 -22.262072 2.442138 -32.102734 0.000000 0.000000 -1
0 40.033562 4.679322 -27.365097 0.000000 0.000000 -1
0 -23.858524 2.442133 -28.517042 0.750000 0.833333 -1
0 -22.262072 2.442138 -32.102734 0.750000 1.000000 -1
0 -34.347904 2.416069 -4.957490 0.750000 0.666667 -1
0 21.628212 2.127060 -11.205183 0.750000 0.166667 -1
0 18.676596 1.703952 -8.652798 0.750000 0.333333 -1
0 40.033562 4.679322 -27.365097 0.750000 0.000000 -1
0 -21.713947 2.281376 -31.858690 0.000000 0.000000 -1
0 39.714310 5.122647 -27.660730 0.000000 0.000000 -1
0 -21.713947 2.281376 -31.858690 0.833333 1.000000 -1
0 -23.310390 2.281353 -28.273027 0.833333 0.833333 -1
0 -33.799797 2.255307 -4.713446 0.833333 0.666667 -1
0 18.357359 2.147299 -8.948421 0.833333 0.333333 -1
0 21.308994 2.570410 -11.500834 0.833333 0.166667 -1
0 39.714310 5.122647 -27.660730 0.833333 0.000000 -1
0 -21.312685 1.842130 -31.680044 0.000000 0.000000 -1
0 39.309708 5.291641 -28.100685 0.000000 0.000000 -1
0 -22.909142 1.842135 -28.094355 0.916667 0.833333 -1
0 -21.312685 1.842130 -31.680044 0.916667 1.000000 -1
0 -33.398525 1.816077 -4.534803 0.916667 0.666667 -1
0 20.904337 2.739408 -11.940750 0.916667 0.166667 -1
0 17.952700 2.316302 -9.388382 0.916667 0.333333 -1
0 39.309708 5.291641 -28.100685 0.916667 0.000000 -1
0 -21.165810 1.242128 -31.614662 1.000000 1.000000 -1
0 -22.762260 1.242123 -28.028976 1.000000 0.833333 -1
0 -33.251667 1.216081 -4.469400 1.000000 0.666667 -1
0 17.571049 2.165647 -9.854734 1.000000 0.333333 -1
0 20.522663 2.588764 -12.407102 1.000000 0.166667 -1
0 38.928005 5.141018 -28.567015 1.000000 0.000000 -1
244
-0.103409 0.713255 0.693235
-0.052123 0.585826 0.808759
0.000843 0.439526 0.898230
0.999553 0.029888 -0.000000
0.999553 0.029888 -0.000000
0.999553 0.029888 0.000000
0.063795 -0.440018 -0.895720
0.031545 -0.551829 -0.833360
-0.001254 -0.654023 -0.756474
-0.660456 0.750865 -0.000001
-0.660456 0.750865 -0.000000
-0.660456 0.750865 0.000000
-0.143482 0.989653 -0.000001
-0.143482 0.989653 -0.000001
-0.143482 0.989653 -0.000000
-0.001917 -0.999998 0.000000
-0.040783 0.361625 -0.931431
-0.009688 0.200828 -0.979579
-0.070691 0.511884 -0.856141
1.000000 0.000000 0.000000
0.042921 -0.493675 0.868587
0.009775 -0.589171 0.807949
0.075470 -0.391320 0.917155
-1.000000 0.000000 0.000000
0.133025 0.861816 0.489466
0.069268 0.516294 0.853606
0.162721 0.986672 0.000000
0.007895 -0.997023 0.076694
0.007895 -0.997023 0.076694
0.007895 -0.997023 0.076694
0.000000 -0.999277 -0.038013
0.000000 0.000000 0.000000
0.000000 -0.813746 0.581220
0.000000 0.851801 -0.523865
0.000000 1.000000 0.000000
0.000000 -0.959236 0.282608
0.000000 0.977101 -0.212778
0.000000 0.515041 0.857166
0.000002 0.515043 0.857164
0.000000 0.515040 0.857166
0.756336 0.259733 0.600412
0.756336 0.259723 0.600417
0.756331 0.259717 0.600426
0.965926 0.221852 -0.133302
0.965925 0.221920 -0.133190
0.866026 0.428713 -0.257302
0.866026 0.428583 -0.257519
0.965926 0.221986 -0.133078
0.866026 0.428842 -0.257085
0.517500 0.323920 -0.792003
0.516660 0.323630 -0.792670
0.601816 0.076879 -0.794926
0.603441 0.077432 -0.793639
0.515819 0.323342 -0.793335
0.600188 0.076326 -0.796209
-0.000000 0.515042 0.857165
0.756343 0.259698 0.600418
0.500001 0.742328 -0.446036
0.500000 0.742554 -0.445661
0.499999 0.742780 -0.445286
0.648904 -0.414227 -0.638231
0.646090 -0.415185 -0.640460
0.643266 -0.416139 -0.642679
0.000000 0.515044 0.857164
0.756346 0.259720 0.600405
0.000000 0.857427 -0.514605
0.000000 0.857167 -0.515039
0.000000 0.857687 -0.514172
0.517242 -0.796007 -0.314377
0.520492 -0.794900 -0.311805
0.513983 -0.797100 -0.316945
0.000000 0.515042 0.857165
0.756344 0.259720 0.600407
-0.500001 0.742328 -0.446036
-0.500000 0.742554 -0.445661
-0.499999 0.742780 -0.445286
0.252617 -0.962574 0.098165
0.249803 -0.963532 0.095935
0.246988 -0.964478 0.093701
-0.000002 0.515043 0.857164
0.756338 0.259723 0.600414
-0.866026 0.428713 -0.257302
-0.866026 0.428583 -0.257519
-0.866026 0.428842 -0.257085
-0.084572 -0.872883 0.480544
-0.082948 -0.872329 0.481832
-0.086198 -0.873431 0.479257
0.756331 0.259731 0.600420
-1.000000 0.000001 -0.000001
-1.000000 0.000001 -0.000000
-1.000000 0.000000 -0.000000
-0.396286 -0.548344 0.736394
-0.396290 -0.548339 0.736396
-0.396289 -0.548341 0.736395
-0.000001 0.515036 0.857168
0.756329 0.259727 0.600423
-0.866025 -0.428714 0.257302
-0.866027 -0.428582 0.257518
-0.866026 -0.428843 0.257085
-0.601816 -0.076874 0.794926
-0.603439 -0.077429 0.793641
-0.600189 -0.076325 0.796208
0.000002 0.515036 0.857169
0.756332 0.259721 0.600422
-0.500002 -0.742329 0.446034
-0.500001 -0.742554 0.445660
-0.500000 -0.742779 0.445286
-0.648902 0.414236 0.638228
-0.646089 0.415189 0.640458
-0.643266 0.416144 0.642676
0.000000 0.515034 0.857170
0.756336 0.259730 0.600413
-0.000000 -0.857428 0.514604
0.000000 -0.857168 0.515036
0.000000 -0.857687 0.514172
-0.517244 0.796004 0.314382
-0.520494 0.794897 0.311809
-0.513983 0.797099 0.316945
-0.000002 0.515036 0.857169
0.756328 0.259733 0.600422
0.500002 -0.742329 0.446034
0.500001 -0.742554 0.445660
0.500000 -0.742779 0.445286
-0.252618 0.962574 -0.098161
-0.249804 0.963533 -0.095932
-0.246987 0.964478 -0.093702
0.000001 0.515036 0.857168
0.756334 0.259720 0.600420
0.866025 -0.428714 0.257302
0.866027 -0.428582 0.257518
0.866026 -0.428843 0.257085
0.084575 0.872882 -0.480546
0.082957 0.872324 -0.481839
0.086192 0.873436 -0.479251
0.965926 -0.221850 0.133301
0.965926 -0.221919 0.133190
0.965926 -0.221986 0.133078
0.248078 0.735388 -0.630604
0.248912 0.735680 -0.629934
0.249752 0.735967 -0.629267
0.406739 -0.000019 -0.913545
0.406758 -0.000020 -0.913536
0.406738 -0.000001 -0.913545
0.751998 0.107794 -0.650292
0.752001 0.107807 -0.650286
0.752011 0.107784 -0.650279
0.882413 -0.258837 0.392875
0.882467 -0.258832 0.392757
0.791254 -0.500004 0.352013
0.791152 -0.500004 0.352242
0.882524 -0.258819 0.392639
0.791360 -0.499999 0.351783
-0.513891 0.713712 -0.475954
-0.514713 0.713608 -0.475220
-0.604833 0.510038 -0.611586
-0.603227 0.510266 -0.612981
-0.515553 0.713477 -0.474505
-0.606443 0.509793 -0.610195
0.406753 0.000001 -0.913538
0.751999 0.107785 -0.650292
0.456777 -0.866022 0.203372
0.456953 -0.866023 0.202971
0.457128 -0.866025 0.202569
-0.655279 0.015293 -0.755232
-0.658066 0.014887 -0.752813
-0.660846 0.014493 -0.750382
0.406739 -0.000014 -0.913544
0.751983 0.107846 -0.650300
0.000208 -1.000000 -0.000459
0.000002 -1.000000 0.000002
0.000413 -0.999999 -0.000922
-0.534971 -0.484247 -0.692323
-0.531747 -0.483794 -0.695117
-0.538188 -0.484685 -0.689518
0.406727 0.000001 -0.913550
0.752003 0.107848 -0.650277
-0.456779 -0.866022 -0.203369
-0.456598 -0.866023 -0.203769
-0.456419 -0.866023 -0.204169
-0.265748 -0.853228 -0.448754
-0.268540 -0.853624 -0.446333
-0.271322 -0.854012 -0.443901
0.406716 -0.000009 -0.913554
0.752017 0.107820 -0.650266
-0.791050 -0.500002 -0.352475
-0.791156 -0.499995 -0.352246
-0.790948 -0.500000 -0.352706
0.069857 -0.994284 -0.080740
0.071469 -0.994055 -0.082141
0.068253 -0.994509 -0.079333
0.406729 -0.000019 -0.913549
0.752009 0.107831 -0.650273
-0.913544 -0.000005 -0.406739
-0.913545 -0.000005 -0.406738
-0.913546 -0.000001 -0.406736
0.389532 -0.868523 0.306484
0.389531 -0.868523 0.306485
0.389530 -0.868524 0.306483
0.406735 0.000006 -0.913546
0.752003 0.107789 -0.650287
-0.791255 0.500003 -0.352013
-0.791161 0.499985 -0.352249
-0.791357 0.500004 -0.351782
0.604828 -0.510050 0.611581
0.603218 -0.510281 0.612977
0.606434 -0.509824 0.610178
0.406738 0.000015 -0.913545
0.751984 0.107776 -0.650311
-0.456777 0.866023 -0.203367
-0.456952 0.866025 -0.202966
-0.457126 0.866026 -0.202568
0.655276 -0.015288 0.755235
0.658066 -0.014893 0.752813
0.660847 -0.014505 0.750381
0.406740 0.000014 -0.913544
0.751975 0.107832 -0.650313
-0.000204 1.000000 0.000464
0.000002 1.000000 0.000002
-0.000406 0.999999 0.000926
0.534973 0.484242 0.692325
0.531751 0.483783 0.695122
0.538185 0.484688 0.689517
0.406741 0.000016 -0.913543
0.752012 0.107810 -0.650273
0.456773 0.866025 0.203372
0.456595 0.866025 0.203771
0.456414 0.866027 0.204166
0.265752 0.853225 0.448758
0.268544 0.853620 0.446338
0.271325 0.854009 0.443904
0.406739 0.000018 -0.913545
0.752016 0.107773 -0.650275
0.791049 0.500003 0.352475
0.791157 0.499994 0.352246
0.790947 0.500002 0.352705
-0.069852 0.994284 0.080745
-0.071476 0.994056 0.082127
-0.068229 0.994508 0.079359
0.882416 0.258821 0.392878
0.882363 0.258822 0.392997
0.882311 0.258817 0.393117
-0.238644 0.964136 -0.116147
-0.237801 0.964259 -0.116858
-0.236953 0.964381 -0.117566
288
0 0 1 2 0 1 1 1
0 1 3 2 1 2 1 1
0 4 5 6 3 4 4 2
0 5 7 6 4 5 4 2
0 8 9 10 6 7 7 1
0 9 11 10 7 8 7 1
0 12 13 14 9 10 10 2
0 13 15 14 10 11 10 2
0 12 16 6 12 13 13 3
0 16 17 6 13 14 13 3
0 18 13 19 15 15 15 3
0 13 7 19 15 15 15 3
0 20 21 22 16 16 17 1
0 20 23 21 16 18 16 1
0 24 25 26 19 19 19 2
0 24 27 25 19 19 19 2
0 28 29 30 20 20 21 1
0 28 31 29 20 22 20 1
0 32 33 34 23 23 23 2
0 32 35 33 23 23 23 2
0 24 36 34 24 24 25 3
0 24 37 36 24 26 24 3
0 38 33 39 27 27 28 3
0 38 27 33 27 29 27 3
0 40 41 42 30 30 30 1
0 41 43 42 30 30 30 1
0 44 45 46 23 31 31 2
0 45 47 46 31 19 31 2
0 48 49 50 32 32 32 1
0 49 51 50 32 32 32 1
0 52 53 54 19 31 31 2
0 53 55 54 31 23 31 2
0 52 56 46 33 33 33 3
0 56 57 46 33 33 33 3
0 58 53 59 34 34 34 3
0 53 47 59 34 34 34 3
0 60 61 62 30 30 30 1
0 60 63 61 30 30 30 1
0 64 65 66 31 31 19 2
0 64 67 65 31 23 31 2
0 68 69 70 35 35 35 1
0 68 71 69 35 35 35 1
0 72 73 74 31 31 23 2
0 72 75 73 31 19 31 2
0 64 76 74 36 36 36 3
0 64 77 76 36 36 36 3
0 78 73 79 34 34 34 3
0 78 67 73 34 34 34 3
0 80 81 82 37 38 39 2
0 83 84 85 40 41 42 2
0 86 87 88 43 44 45 1
0 86 88 89 43 45 46 1
0 87 90 88 44 47 45 1
0 90 91 88 47 48 45 1
0 92 93 94 49 50 51 1
0 92 94 95 49 51 52 1
0 93 83 94 50 53 51 1
0 83 96 94 53 54 51 1
0 81 97 82 38 55 39 2
0 85 84 98 42 41 56 2
0 89 88 99 46 45 57 1
0 88 100 99 45 58 57 1
0 88 91 101 45 48 59 1
0 88 101 100 45 59 58 1
0 95 94 102 52 51 60 1
0 94 103 102 51 61 60 1
0 94 96 104 51 54 62 1
0 94 104 103 51 62 61 1
0 97 105 82 55 63 39 2
0 98 84 106 56 41 64 2
0 99 100 107 57 58 65 1
0 99 107 108 57 65 66 1
0 100 101 107 58 59 65 1
0 101 109 107 59 67 65 1
0 102 103 110 60 61 68 1
0 102 110 111 60 68 69 1
0 103 104 110 61 62 68 1
0 104 112 110 62 70 68 1
0 105 113 82 63 71 39 2
0 106 84 114 64 41 72 2
0 108 107 115 66 65 73 1
0 107 116 115 65 74 73 1
0 107 109 117 65 67 75 1
0 107 117 116 65 75 74 1
0 111 110 118 69 68 76 1
0 110 119 118 68 77 76 1
0 110 112 120 68 70 78 1
0 110 120 119 68 78 77 1
0 113 121 82 71 79 39 2
0 114 84 122 72 41 80 2
0 115 116 123 73 74 81 1
0 115 123 124 73 81 82 1
0 116 117 123 74 75 81 1
0 117 125 123 75 83 81 1
0 118 119 126 76 77 84 1
0 118 126 127 76 84 85 1
0 119 120 126 77 78 84 1
0 120 128 126 78 86 84 1
0 121 129 82 79 37 39 2
0 122 84 130 80 41 87 2
0 124 123 131 82 81 88 1
0 123 132 131 81 89 88 1
0 123 125 133 81 83 90 1
0 123 133 132 81 90 89 1
0 127 126 134 85 84 91 1
0 126 135 134 84 92 91 1
0 126 128 136 84 86 93 1
0 126 136 135 84 93 92 1
0 129 137 82 37 94 39 2
0 130 84 138 87 41 95 2
0 131 132 139 88 89 96 1
0 131 139 140 88 96 97 1
0 132 133 139 89 90 96 1
0 133 141 139 90 98 96 1
0 134 135 142 91 92 99 1
0 134 142 143 91 99 100 1
0 135 136 142 92 93 99 1
0 136 144 142 93 101 99 1
0 137 145 82 94 102 39 2
0 138 84 146 95 41 103 2
0 140 139 147 97 96 104 1
0 139 148 147 96 105 104 1
0 139 141 149 96 98 106 1
0 139 149 148 96 106 105 1
0 143 142 150 100 99 107 1
0 142 151 150 99 108 107 1
0 142 144 152 99 101 109 1
0 142 152 151 99 109 108 1
0 145 153 82 102 110 39 2
0 146 84 154 103 41 111 2
0 147 148 155 104 105 112 1
0 147 155 156 104 112 113 1
0 148 149 155 105 106 112 1
0 149 157 155 106 114 112 1
0 150 151 158 107 108 115 1
0 150 158 159 107 115 116 1
0 151 152 158 108 109 115 1
0 152 160 158 109 117 115 1
0 153 161 82 110 118 39 2
0 154 84 162 111 41 119 2
0 156 155 163 113 112 120 1
0 155 164 163 112 121 120 1
0 155 157 165 112 114 122 1
0 155 165 164 112 122 121 1
0 159 158 166 116 115 123 1
0 158 167 166 115 124 123 1
0 158 160 168 115 117 125 1
0 158 168 167 115 125 124 1
0 161 169 82 118 126 39 2
0 162 84 170 119 41 127 2
0 163 164 171 120 121 128 1
0 163 171 172 120 128 129 1
0 164 165 171 121 122 128 1
0 165 173 171 122 130 128 1
0 166 167 174 123 124 131 1
0 166 174 175 123 131 132 1
0 167 168 174 124 125 131 1
0 168 176 174 125 133 131 1
0 169 80 82 126 37 39 2
0 170 84 83 127 41 40 2
0 172 171 177 129 128 134 1
0 171 178 177 128 135 134 1
0 171 173 179 128 130 136 1
0 171 179 178 128 136 135 1
0 175 174 180 132 131 137 1
0 174 181 180 131 138 137 1
0 174 176 182 131 133 139 1
0 174 182 181 131 139 138 1
0 183 184 185 140 141 142 2
0 186 187 188 143 144 145 2
0 189 190 191 146 147 148 1
0 189 191 192 146 148 149 1
0 190 193 191 147 150 148 1
0 193 194 191 150 151 148 1
0 195 196 197 152 153 154 1
0 195 197 198 152 154 155 1
0 196 186 197 153 156 154 1
0 186 199 197 156 157 154 1
0 184 200 185 141 158 142 2
0 188 187 201 145 144 159 2
0 192 191 202 149 148 160 1
0 191 203 202 148 161 160 1
0 191 194 204 148 151 162 1
0 191 204 203 148 162 161 1
0 198 197 205 155 154 163 1
0 197 206 205 154 164 163 1
0 197 199 207 154 157 165 1
0 197 207 206 154 165 164 1
0 200 208 185 158 166 142 2
0 201 187 209 159 144 167 2
0 202 203 210 160 161 168 1
0 202 210 211 160 168 169 1
0 203 204 210 161 162 168 1
0 204 212 210 162 170 168 1
0 205 206 213 163 164 171 1
0 205 213 214 163 171 172 1
0 206 207 213 164 165 171 1
0 207 215 213 165 173 171 1
0 208 216 185 166 174 142 2
0 209 187 217 167 144 175 2
0 211 210 218 169 168 176 1
0 210 219 218 168 177 176 1
0 210 212 220 168 170 178 1
0 210 220 219 168 178 177 1
0 214 213 221 172 171 179 1
0 213 222 221 171 180 179 1
0 213 215 223 171 173 181 1
0 213 223 222 171 181 180 1
0 216 224 185 174 182 142 2
0 217 187 225 175 144 183 2
0 218 219 226 176 177 184 1
0 218 226 227 176 184 185 1
0 219 220 226 177 178 184 1
0 220 228 226 178 186 184 1
0 221 222 229 179 180 187 1
0 221 229 230 179 187 188 1
0 222 223 229 180 181 187 1
0 223 231 229 181 189 187 1
0 224 232 185 182 190 142 2
0 225 187 233 183 144 191 2
0 227 226 234 185 184 192 1
0 226 235 234 184 193 192 1
0 226 228 236 184 186 194 1
0 226 236 235 184 194 193 1
0 230 229 237 188 187 195 1
0 229 238 237 187 196 195 1
0 229 231 239 187 189 197 1
0 229 239 238 187 197 196 1
0 232 240 185 190 198 142 2
0 233 187 241 191 144 199 2
0 234 235 242 192 193 200 1
0 234 242 243 192 200 201 1
0 235 236 242 193 194 200 1
0 236 244 242 194 202 200 1
0 237 238 245 195 196 203 1
0 237 245 246 195 203 204 1
0 238 239 245 196 197 203 1
0 239 247 245 197 205 203 1
0 240 248 185 198 206 142 2
0 241 187 249 199 144 207 2
0 243 242 250 201 200 208 1
0 242 251 250 200 209 208 1
0 242 244 252 200 202 210 1
0 242 252 251 200 210 209 1
0 246 245 253 204 203 211 1
0 245 254 253 203 212 211 1
0 245 247 255 203 205 213 1
0 245 255 254 203 213 212 1
0 248 256 185 206 214 142 2
0 249 187 257 207 144 215 2
0 250 251 258 208 209 216 1
0 250 258 259 208 216 217 1
0 251 252 258 209 210 216 1
0 252 260 258 210 218 216 1
0 253 254 261 211 212 219 1
0 253 261 262 211 219 220 1
0 254 255 261 212 213 219 1
0 255 263 261 213 221 219 1
0 256 264 185 214 222 142 2
0 257 187 265 215 144 223 2
0 259 258 266 217 216 224 1
0 258 267 266 216 225 224 1
0 258 260 268 216 218 226 1
0 258 268 267 216 226 225 1
0 262 261 269 220 219 227 1
0 261 270 269 219 228 227 1
0 261 263 271 219 221 229 1
0 261 271 270 219 229 228 1
0 264 272 185 222 230 142 2
0 265 187 273 223 144 231 2
0 266 267 274 224 225 232 1
0 266 274 275 224 232 233 1
0 267 268 274 225 226 232 1
0 268 276 274 226 234 232 1
0 269 270 277 227 228 235 1
0 269 277 278 227 235 236 1
0 270 271 277 228 229 235 1
0 271 279 277 229 237 235 1
0 272 183 185 230 140 142 2
0 273 187 186 231 144 143 2
0 275 274 280 233 232 238 1
0 274 281 280 232 239 238 1
0 274 276 282 232 234 240 1
0 274 282 281 232 240 239 1
0 278 277 283 236 235 241 1
0 277 284 283 235 242 241 1
0 277 279 285 235 237 243 1
0 277 285 284 235 243 242 1

Materials: 2
"door"
0.200000 0.200000 0.200000 1.000000
0.800000 0.800000 0.800000 1.000000
0.000000 0.000000 0.000000 1.000000
0.000000 0.000000 0.000000 1.000000
0.000000
1.000000
".\door.bmp"
""
"frame"
0.200000 0.200000 0.200000 1.000000
0.800000 0.800000 0.800000 1.000000
0.000000 0.000000 0.000000 1.000000
0.000000 0.000000 0.000000 1.000000
0.000000
1.000000
".\wood-burnt.bmp"
""

Bones: 0
