// MilkShape 3D ASCII

Frames: 30
Frame: 1

Meshes: 3
"windows" 0 0
660
0 35.184490 30.004932 -33.661541 0.000000 0.000000 -1
0 35.184490 22.004951 -33.661541 0.000000 1.000000 -1
0 37.424492 30.004932 -33.661541 1.000000 0.000000 -1
0 37.424492 22.004951 -33.661541 1.000000 1.000000 -1
0 37.424492 30.004932 -33.661541 0.000000 0.000000 -1
0 37.424492 22.004951 -33.661541 0.000000 1.000000 -1
0 37.424492 30.004932 -41.661537 1.000000 0.000000 -1
0 37.424492 22.004951 -41.661537 1.000000 1.000000 -1
0 37.424492 30.004932 -41.661537 0.000000 0.000000 -1
0 37.424492 22.004951 -41.661537 0.000000 1.000000 -1
0 35.184490 30.004932 -41.661537 1.000000 0.000000 -1
0 35.184490 22.004951 -41.661537 1.000000 1.000000 -1
0 35.184490 30.004932 -41.661537 0.000000 0.000000 -1
0 35.184490 22.004951 -41.661537 0.000000 1.000000 -1
0 35.184490 30.004932 -33.661541 1.000000 0.000000 -1
0 35.184490 22.004951 -33.661541 1.000000 1.000000 -1
0 35.184490 30.004932 -33.661541 0.000000 1.000000 -1
0 37.424492 30.004932 -33.661541 1.000000 1.000000 -1
0 35.184490 22.004951 -33.661541 0.000000 0.000000 -1
0 37.424492 22.004951 -33.661541 1.000000 0.000000 -1
0 35.179405 30.004932 -18.738434 0.000000 0.000000 -1
0 35.179405 22.004951 -18.738434 0.000000 1.000000 -1
0 37.419407 30.004932 -18.738434 1.000000 0.000000 -1
0 37.419407 22.004951 -18.738434 1.000000 1.000000 -1
0 37.419407 30.004932 -18.738434 0.000000 0.000000 -1
0 37.419407 22.004951 -18.738434 0.000000 1.000000 -1
0 37.419407 30.004932 -26.738428 1.000000 0.000000 -1
0 37.419407 22.004951 -26.738428 1.000000 1.000000 -1
0 37.419407 30.004932 -26.738428 0.000000 0.000000 -1
0 37.419407 22.004951 -26.738428 0.000000 1.000000 -1
0 35.179405 30.004932 -26.738428 1.000000 0.000000 -1
0 35.179405 22.004951 -26.738428 1.000000 1.000000 -1
0 35.179405 30.004932 -26.738428 0.000000 0.000000 -1
0 35.179405 22.004951 -26.738428 0.000000 1.000000 -1
0 35.179405 30.004932 -18.738434 1.000000 0.000000 -1
0 35.179405 22.004951 -18.738434 1.000000 1.000000 -1
0 35.179405 30.004932 -18.738434 0.000000 1.000000 -1
0 37.419407 30.004932 -18.738434 1.000000 1.000000 -1
0 35.179405 22.004951 -18.738434 0.000000 0.000000 -1
0 37.419407 22.004951 -18.738434 1.000000 0.000000 -1
0 35.199120 30.004932 -3.797176 0.000000 0.000000 -1
0 35.199120 22.004951 -3.797176 0.000000 1.000000 -1
0 37.439121 30.004932 -3.797176 1.000000 0.000000 -1
0 37.439121 22.004951 -3.797176 1.000000 1.000000 -1
0 37.439121 30.004932 -3.797176 0.000000 0.000000 -1
0 37.439121 22.004951 -3.797176 0.000000 1.000000 -1
0 37.439121 30.004932 -11.797172 1.000000 0.000000 -1
0 37.439121 22.004951 -11.797172 1.000000 1.000000 -1
0 37.439121 30.004932 -11.797172 0.000000 0.000000 -1
0 37.439121 22.004951 -11.797172 0.000000 1.000000 -1
0 35.199120 30.004932 -11.797172 1.000000 0.000000 -1
0 35.199120 22.004951 -11.797172 1.000000 1.000000 -1
0 35.199120 30.004932 -11.797172 0.000000 0.000000 -1
0 35.199120 22.004951 -11.797172 0.000000 1.000000 -1
0 35.199120 30.004932 -3.797176 1.000000 0.000000 -1
0 35.199120 22.004951 -3.797176 1.000000 1.000000 -1
0 35.199120 30.004932 -3.797176 0.000000 1.000000 -1
0 37.439121 30.004932 -3.797176 1.000000 1.000000 -1
0 35.199120 22.004951 -3.797176 0.000000 0.000000 -1
0 37.439121 22.004951 -3.797176 1.000000 0.000000 -1
0 -37.241371 30.004932 -33.652172 0.000000 0.000000 -1
0 -37.241371 22.004951 -33.652172 0.000000 1.000000 -1
0 -35.001369 30.004932 -33.652172 1.000000 0.000000 -1
0 -35.001369 22.004951 -33.652172 1.000000 1.000000 -1
0 -35.001369 30.004932 -33.652172 0.000000 0.000000 -1
0 -35.001369 22.004951 -33.652172 0.000000 1.000000 -1
0 -35.001369 30.004932 -41.652168 1.000000 0.000000 -1
0 -35.001369 22.004951 -41.652168 1.000000 1.000000 -1
0 -35.001369 30.004932 -41.652168 0.000000 0.000000 -1
0 -35.001369 22.004951 -41.652168 0.000000 1.000000 -1
0 -37.241371 30.004932 -41.652168 1.000000 0.000000 -1
0 -37.241371 22.004951 -41.652168 1.000000 1.000000 -1
0 -37.241371 30.004932 -41.652168 0.000000 0.000000 -1
0 -37.241371 22.004951 -41.652168 0.000000 1.000000 -1
0 -37.241371 30.004932 -33.652172 1.000000 0.000000 -1
0 -37.241371 22.004951 -33.652172 1.000000 1.000000 -1
0 -37.241371 30.004932 -33.652172 0.000000 1.000000 -1
0 -35.001369 30.004932 -33.652172 1.000000 1.000000 -1
0 -37.241371 22.004951 -33.652172 0.000000 0.000000 -1
0 -35.001369 22.004951 -33.652172 1.000000 0.000000 -1
0 -37.246460 30.004932 -18.729067 0.000000 0.000000 -1
0 -37.246460 22.004951 -18.729067 0.000000 1.000000 -1
0 -35.006458 30.004932 -18.729067 1.000000 0.000000 -1
0 -35.006458 22.004951 -18.729067 1.000000 1.000000 -1
0 -35.006458 30.004932 -18.729067 0.000000 0.000000 -1
0 -35.006458 22.004951 -18.729067 0.000000 1.000000 -1
0 -35.006458 30.004932 -26.729061 1.000000 0.000000 -1
0 -35.006458 22.004951 -26.729061 1.000000 1.000000 -1
0 -35.006458 30.004932 -26.729061 0.000000 0.000000 -1
0 -35.006458 22.004951 -26.729061 0.000000 1.000000 -1
0 -37.246460 30.004932 -26.729061 1.000000 0.000000 -1
0 -37.246460 22.004951 -26.729061 1.000000 1.000000 -1
0 -37.246460 30.004932 -26.729061 0.000000 0.000000 -1
0 -37.246460 22.004951 -26.729061 0.000000 1.000000 -1
0 -37.246460 30.004932 -18.729067 1.000000 0.000000 -1
0 -37.246460 22.004951 -18.729067 1.000000 1.000000 -1
0 -37.246460 30.004932 -18.729067 0.000000 1.000000 -1
0 -35.006458 30.004932 -18.729067 1.000000 1.000000 -1
0 -37.246460 22.004951 -18.729067 0.000000 0.000000 -1
0 -35.006458 22.004951 -18.729067 1.000000 0.000000 -1
0 -37.226746 30.004932 -3.787809 0.000000 0.000000 -1
0 -37.226746 22.004951 -3.787809 0.000000 1.000000 -1
0 -34.986744 30.004932 -3.787809 1.000000 0.000000 -1
0 -34.986744 22.004951 -3.787809 1.000000 1.000000 -1
0 -34.986744 30.004932 -3.787809 0.000000 0.000000 -1
0 -34.986744 22.004951 -3.787809 0.000000 1.000000 -1
0 -34.986744 30.004932 -11.787804 1.000000 0.000000 -1
0 -34.986744 22.004951 -11.787804 1.000000 1.000000 -1
0 -34.986744 30.004932 -11.787804 0.000000 0.000000 -1
0 -34.986744 22.004951 -11.787804 0.000000 1.000000 -1
0 -37.226746 30.004932 -11.787804 1.000000 0.000000 -1
0 -37.226746 22.004951 -11.787804 1.000000 1.000000 -1
0 -37.226746 30.004932 -11.787804 0.000000 0.000000 -1
0 -37.226746 22.004951 -11.787804 0.000000 1.000000 -1
0 -37.226746 30.004932 -3.787809 1.000000 0.000000 -1
0 -37.226746 22.004951 -3.787809 1.000000 1.000000 -1
0 -37.226746 30.004932 -3.787809 0.000000 1.000000 -1
0 -34.986744 30.004932 -3.787809 1.000000 1.000000 -1
0 -37.226746 22.004951 -3.787809 0.000000 0.000000 -1
0 -34.986744 22.004951 -3.787809 1.000000 0.000000 -1
0 10.266094 30.004932 -48.318741 0.000000 0.000000 -1
0 10.266094 22.004951 -48.318741 0.000000 1.000000 -1
0 10.266102 30.004932 -46.078728 1.000000 0.000000 -1
0 10.266102 22.004951 -46.078728 1.000000 1.000000 -1
0 10.266102 30.004932 -46.078728 0.000000 0.000000 -1
0 10.266102 22.004951 -46.078728 0.000000 1.000000 -1
0 18.266123 30.004932 -46.078732 1.000000 0.000000 -1
0 18.266123 22.004951 -46.078732 1.000000 1.000000 -1
0 18.266123 30.004932 -46.078732 0.000000 0.000000 -1
0 18.266123 22.004951 -46.078732 0.000000 1.000000 -1
0 18.266115 30.004932 -48.318733 1.000000 0.000000 -1
0 18.266115 22.004951 -48.318733 1.000000 1.000000 -1
0 18.266115 30.004932 -48.318733 0.000000 0.000000 -1
0 18.266115 22.004951 -48.318733 0.000000 1.000000 -1
0 10.266094 30.004932 -48.318741 1.000000 0.000000 -1
0 10.266094 22.004951 -48.318741 1.000000 1.000000 -1
0 10.266094 30.004932 -48.318741 0.000000 1.000000 -1
0 10.266102 30.004932 -46.078728 1.000000 1.000000 -1
0 10.266094 22.004951 -48.318741 0.000000 0.000000 -1
0 10.266102 22.004951 -46.078728 1.000000 0.000000 -1
0 -4.657019 30.004932 -48.323814 0.000000 0.000000 -1
0 -4.657019 22.004951 -48.323814 0.000000 1.000000 -1
0 -4.657020 30.004932 -46.083817 1.000000 0.000000 -1
0 -4.657020 22.004951 -46.083817 1.000000 1.000000 -1
0 -4.657020 30.004932 -46.083817 0.000000 0.000000 -1
0 -4.657020 22.004951 -46.083817 0.000000 1.000000 -1
0 3.342976 30.004932 -46.083820 1.000000 0.000000 -1
0 3.342976 22.004951 -46.083820 1.000000 1.000000 -1
0 3.342976 30.004932 -46.083820 0.000000 0.000000 -1
0 3.342976 22.004951 -46.083820 0.000000 1.000000 -1
0 3.342978 30.004932 -48.323818 1.000000 0.000000 -1
0 3.342978 22.004951 -48.323818 1.000000 1.000000 -1
0 3.342978 30.004932 -48.323818 0.000000 0.000000 -1
0 3.342978 22.004951 -48.323818 0.000000 1.000000 -1
0 -4.657019 30.004932 -48.323814 1.000000 0.000000 -1
0 -4.657019 22.004951 -48.323814 1.000000 1.000000 -1
0 -4.657019 30.004932 -48.323814 0.000000 1.000000 -1
0 -4.657020 30.004932 -46.083817 1.000000 1.000000 -1
0 -4.657019 22.004951 -48.323814 0.000000 0.000000 -1
0 -4.657020 22.004951 -46.083817 1.000000 0.000000 -1
0 -19.598291 30.004932 -48.304100 0.000000 0.000000 -1
0 -19.598291 22.004951 -48.304100 0.000000 1.000000 -1
0 -19.598291 30.004932 -46.064102 1.000000 0.000000 -1
0 -19.598291 22.004951 -46.064102 1.000000 1.000000 -1
0 -19.598291 30.004932 -46.064102 0.000000 0.000000 -1
0 -19.598291 22.004951 -46.064102 0.000000 1.000000 -1
0 -11.598280 30.004932 -46.064091 1.000000 0.000000 -1
0 -11.598280 22.004951 -46.064091 1.000000 1.000000 -1
0 -11.598280 30.004932 -46.064091 0.000000 0.000000 -1
0 -11.598280 22.004951 -46.064091 0.000000 1.000000 -1
0 -11.598288 30.004932 -48.304100 1.000000 0.000000 -1
0 -11.598288 22.004951 -48.304100 1.000000 1.000000 -1
0 -11.598288 30.004932 -48.304100 0.000000 0.000000 -1
0 -11.598288 22.004951 -48.304100 0.000000 1.000000 -1
0 -19.598291 30.004932 -48.304100 1.000000 0.000000 -1
0 -19.598291 22.004951 -48.304100 1.000000 1.000000 -1
0 -19.598291 30.004932 -48.304100 0.000000 1.000000 -1
0 -19.598291 30.004932 -46.064102 1.000000 1.000000 -1
0 -19.598291 22.004951 -48.304100 0.000000 0.000000 -1
0 -19.598291 22.004951 -46.064102 1.000000 0.000000 -1
0 -0.463531 30.004932 46.274181 0.000000 0.000000 -1
0 -0.463531 22.004951 46.274181 0.000000 1.000000 -1
0 -0.463524 30.004932 48.514202 1.000000 0.000000 -1
0 -0.463524 22.004951 48.514202 1.000000 1.000000 -1
0 -0.463524 30.004932 48.514202 0.000000 0.000000 -1
0 -0.463524 22.004951 48.514202 0.000000 1.000000 -1
0 7.536491 30.004932 48.514194 1.000000 0.000000 -1
0 7.536491 22.004951 48.514194 1.000000 1.000000 -1
0 7.536491 30.004932 48.514194 0.000000 0.000000 -1
0 7.536491 22.004951 48.514194 0.000000 1.000000 -1
0 7.536484 30.004932 46.274197 1.000000 0.000000 -1
0 7.536484 22.004951 46.274197 1.000000 1.000000 -1
0 7.536484 30.004932 46.274197 0.000000 0.000000 -1
0 7.536484 22.004951 46.274197 0.000000 1.000000 -1
0 -0.463531 30.004932 46.274181 1.000000 0.000000 -1
0 -0.463531 22.004951 46.274181 1.000000 1.000000 -1
0 -0.463531 30.004932 46.274181 0.000000 1.000000 -1
0 -0.463524 30.004932 48.514202 1.000000 1.000000 -1
0 -0.463531 22.004951 46.274181 0.000000 0.000000 -1
0 -0.463524 22.004951 48.514202 1.000000 0.000000 -1
0 -15.386645 30.004932 46.269115 0.000000 0.000000 -1
0 -15.386645 22.004951 46.269115 0.000000 1.000000 -1
0 -15.386646 30.004932 48.509106 1.000000 0.000000 -1
0 -15.386646 22.004951 48.509106 1.000000 1.000000 -1
0 -15.386646 30.004932 48.509106 0.000000 0.000000 -1
0 -15.386646 22.004951 48.509106 0.000000 1.000000 -1
0 -7.386650 30.004932 48.509106 1.000000 0.000000 -1
0 -7.386650 22.004951 48.509106 1.000000 1.000000 -1
0 -7.386650 30.004932 48.509106 0.000000 0.000000 -1
0 -7.386650 22.004951 48.509106 0.000000 1.000000 -1
0 -7.386648 30.004932 46.269108 1.000000 0.000000 -1
0 -7.386648 22.004951 46.269108 1.000000 1.000000 -1
0 -7.386648 30.004932 46.269108 0.000000 0.000000 -1
0 -7.386648 22.004951 46.269108 0.000000 1.000000 -1
0 -15.386645 30.004932 46.269115 1.000000 0.000000 -1
0 -15.386645 22.004951 46.269115 1.000000 1.000000 -1
0 -15.386645 30.004932 46.269115 0.000000 1.000000 -1
0 -15.386646 30.004932 48.509106 1.000000 1.000000 -1
0 -15.386645 22.004951 46.269115 0.000000 0.000000 -1
0 -15.386646 22.004951 48.509106 1.000000 0.000000 -1
0 -30.327923 30.004932 46.288830 0.000000 0.000000 -1
0 -30.327923 22.004951 46.288830 0.000000 1.000000 -1
0 -30.327923 30.004932 48.528820 1.000000 0.000000 -1
0 -30.327923 22.004951 48.528820 1.000000 1.000000 -1
0 -30.327923 30.004932 48.528820 0.000000 0.000000 -1
0 -30.327923 22.004951 48.528820 0.000000 1.000000 -1
0 -22.327906 30.004932 48.528835 1.000000 0.000000 -1
0 -22.327906 22.004951 48.528835 1.000000 1.000000 -1
0 -22.327906 30.004932 48.528835 0.000000 0.000000 -1
0 -22.327906 22.004951 48.528835 0.000000 1.000000 -1
0 -22.327913 30.004932 46.288822 1.000000 0.000000 -1
0 -22.327913 22.004951 46.288822 1.000000 1.000000 -1
0 -22.327913 30.004932 46.288822 0.000000 0.000000 -1
0 -22.327913 22.004951 46.288822 0.000000 1.000000 -1
0 -30.327923 30.004932 46.288830 1.000000 0.000000 -1
0 -30.327923 22.004951 46.288830 1.000000 1.000000 -1
0 -30.327923 30.004932 46.288830 0.000000 1.000000 -1
0 -30.327923 30.004932 48.528820 1.000000 1.000000 -1
0 -30.327923 22.004951 46.288830 0.000000 0.000000 -1
0 -30.327923 22.004951 48.528820 1.000000 0.000000 -1
0 -0.281713 43.277657 46.274181 0.000000 0.000000 -1
0 -0.281713 35.277679 46.274181 0.000000 1.000000 -1
0 -0.281706 43.277657 48.514202 1.000000 0.000000 -1
0 -0.281706 35.277679 48.514202 1.000000 1.000000 -1
0 -0.281706 43.277657 48.514202 0.000000 0.000000 -1
0 -0.281706 35.277679 48.514202 0.000000 1.000000 -1
0 7.718309 43.277657 48.514194 1.000000 0.000000 -1
0 7.718309 35.277679 48.514194 1.000000 1.000000 -1
0 7.718309 43.277657 48.514194 0.000000 0.000000 -1
0 7.718309 35.277679 48.514194 0.000000 1.000000 -1
0 7.718302 43.277657 46.274197 1.000000 0.000000 -1
0 7.718302 35.277679 46.274197 1.000000 1.000000 -1
0 7.718302 43.277657 46.274197 0.000000 0.000000 -1
0 7.718302 35.277679 46.274197 0.000000 1.000000 -1
0 -0.281713 43.277657 46.274181 1.000000 0.000000 -1
0 -0.281713 35.277679 46.274181 1.000000 1.000000 -1
0 -0.281713 43.277657 46.274181 0.000000 1.000000 -1
0 -0.281706 43.277657 48.514202 1.000000 1.000000 -1
0 -0.281713 35.277679 46.274181 0.000000 0.000000 -1
0 -0.281706 35.277679 48.514202 1.000000 0.000000 -1
0 -15.204827 43.277657 46.269115 0.000000 0.000000 -1
0 -15.204827 35.277679 46.269115 0.000000 1.000000 -1
0 -15.204828 43.277657 48.509106 1.000000 0.000000 -1
0 -15.204828 35.277679 48.509106 1.000000 1.000000 -1
0 -15.204828 43.277657 48.509106 0.000000 0.000000 -1
0 -15.204828 35.277679 48.509106 0.000000 1.000000 -1
0 -7.204832 43.277657 48.509106 1.000000 0.000000 -1
0 -7.204832 35.277679 48.509106 1.000000 1.000000 -1
0 -7.204832 43.277657 48.509106 0.000000 0.000000 -1
0 -7.204832 35.277679 48.509106 0.000000 1.000000 -1
0 -7.204830 43.277657 46.269108 1.000000 0.000000 -1
0 -7.204830 35.277679 46.269108 1.000000 1.000000 -1
0 -7.204830 43.277657 46.269108 0.000000 0.000000 -1
0 -7.204830 35.277679 46.269108 0.000000 1.000000 -1
0 -15.204827 43.277657 46.269115 1.000000 0.000000 -1
0 -15.204827 35.277679 46.269115 1.000000 1.000000 -1
0 -15.204827 43.277657 46.269115 0.000000 1.000000 -1
0 -15.204828 43.277657 48.509106 1.000000 1.000000 -1
0 -15.204827 35.277679 46.269115 0.000000 0.000000 -1
0 -15.204828 35.277679 48.509106 1.000000 0.000000 -1
0 -30.146105 43.277657 46.288830 0.000000 0.000000 -1
0 -30.146105 35.277679 46.288830 0.000000 1.000000 -1
0 -30.146105 43.277657 48.528820 1.000000 0.000000 -1
0 -30.146105 35.277679 48.528820 1.000000 1.000000 -1
0 -30.146105 43.277657 48.528820 0.000000 0.000000 -1
0 -30.146105 35.277679 48.528820 0.000000 1.000000 -1
0 -22.146088 43.277657 48.528835 1.000000 0.000000 -1
0 -22.146088 35.277679 48.528835 1.000000 1.000000 -1
0 -22.146088 43.277657 48.528835 0.000000 0.000000 -1
0 -22.146088 35.277679 48.528835 0.000000 1.000000 -1
0 -22.146095 43.277657 46.288822 1.000000 0.000000 -1
0 -22.146095 35.277679 46.288822 1.000000 1.000000 -1
0 -22.146095 43.277657 46.288822 0.000000 0.000000 -1
0 -22.146095 35.277679 46.288822 0.000000 1.000000 -1
0 -30.146105 43.277657 46.288830 1.000000 0.000000 -1
0 -30.146105 35.277679 46.288830 1.000000 1.000000 -1
0 -30.146105 43.277657 46.288830 0.000000 1.000000 -1
0 -30.146105 43.277657 48.528820 1.000000 1.000000 -1
0 -30.146105 35.277679 46.288830 0.000000 0.000000 -1
0 -30.146105 35.277679 48.528820 1.000000 0.000000 -1
0 23.967163 60.049114 32.554832 0.000000 0.000000 -1
0 23.967163 52.049145 32.554832 0.000000 1.000000 -1
0 23.967163 60.049114 34.794823 1.000000 0.000000 -1
0 23.967163 52.049145 34.794823 1.000000 1.000000 -1
0 23.967163 60.049114 34.794823 0.000000 0.000000 -1
0 23.967163 52.049145 34.794823 0.000000 1.000000 -1
0 31.967155 60.049114 34.794823 1.000000 0.000000 -1
0 31.967155 52.049145 34.794823 1.000000 1.000000 -1
0 31.967155 60.049114 34.794823 0.000000 0.000000 -1
0 31.967155 52.049145 34.794823 0.000000 1.000000 -1
0 31.967159 60.049114 32.554825 1.000000 0.000000 -1
0 31.967159 52.049145 32.554825 1.000000 1.000000 -1
0 31.967159 60.049114 32.554825 0.000000 0.000000 -1
0 31.967159 52.049145 32.554825 0.000000 1.000000 -1
0 23.967163 60.049114 32.554832 1.000000 0.000000 -1
0 23.967163 52.049145 32.554832 1.000000 1.000000 -1
0 23.967163 60.049114 32.554832 0.000000 1.000000 -1
0 23.967163 60.049114 34.794823 1.000000 1.000000 -1
0 23.967163 52.049145 32.554832 0.000000 0.000000 -1
0 23.967163 52.049145 34.794823 1.000000 0.000000 -1
0 9.025885 60.049114 32.574547 0.000000 0.000000 -1
0 9.025885 52.049145 32.574547 0.000000 1.000000 -1
0 9.025885 60.049114 34.814537 1.000000 0.000000 -1
0 9.025885 52.049145 34.814537 1.000000 1.000000 -1
0 9.025885 60.049114 34.814537 0.000000 0.000000 -1
0 9.025885 52.049145 34.814537 0.000000 1.000000 -1
0 17.025902 60.049114 34.814552 1.000000 0.000000 -1
0 17.025902 52.049145 34.814552 1.000000 1.000000 -1
0 17.025902 60.049114 34.814552 0.000000 0.000000 -1
0 17.025902 52.049145 34.814552 0.000000 1.000000 -1
0 17.025894 60.049114 32.574539 1.000000 0.000000 -1
0 17.025894 52.049145 32.574539 1.000000 1.000000 -1
0 17.025894 60.049114 32.574539 0.000000 0.000000 -1
0 17.025894 52.049145 32.574539 0.000000 1.000000 -1
0 9.025885 60.049114 32.574547 1.000000 0.000000 -1
0 9.025885 52.049145 32.574547 1.000000 1.000000 -1
0 9.025885 60.049114 32.574547 0.000000 1.000000 -1
0 9.025885 60.049114 34.814537 1.000000 1.000000 -1
0 9.025885 52.049145 32.574547 0.000000 0.000000 -1
0 9.025885 52.049145 34.814537 1.000000 0.000000 -1
0 32.028984 30.033031 32.554832 0.000000 0.000000 -1
0 24.028999 30.033058 32.554832 0.000000 1.000000 -1
0 32.028984 30.033031 34.794823 1.000000 0.000000 -1
0 24.028999 30.033058 34.794823 1.000000 1.000000 -1
0 32.028984 30.033031 34.794823 0.000000 0.000000 -1
0 24.028999 30.033058 34.794823 0.000000 1.000000 -1
0 32.028984 22.033054 34.794823 1.000000 0.000000 -1
0 24.029011 22.033035 34.794823 1.000000 1.000000 -1
0 32.028984 22.033054 34.794823 0.000000 0.000000 -1
0 24.029011 22.033035 34.794823 0.000000 1.000000 -1
0 32.028984 22.033047 32.554825 1.000000 0.000000 -1
0 24.029011 22.033035 32.554825 1.000000 1.000000 -1
0 32.028984 22.033047 32.554825 0.000000 0.000000 -1
0 24.029011 22.033035 32.554825 0.000000 1.000000 -1
0 32.028984 30.033031 32.554832 1.000000 0.000000 -1
0 24.028999 30.033058 32.554832 1.000000 1.000000 -1
0 32.028984 30.033031 32.554832 0.000000 1.000000 -1
0 32.028984 30.033031 34.794823 1.000000 1.000000 -1
0 24.028999 30.033058 32.554832 0.000000 0.000000 -1
0 24.028999 30.033058 34.794823 1.000000 0.000000 -1
0 32.028973 44.974342 32.574547 0.000000 0.000000 -1
0 24.028999 44.974358 32.574547 0.000000 1.000000 -1
0 32.028973 44.974342 34.814537 1.000000 0.000000 -1
0 24.028999 44.974358 34.814537 1.000000 1.000000 -1
0 32.028973 44.974342 34.814537 0.000000 0.000000 -1
0 24.028999 44.974358 34.814537 0.000000 1.000000 -1
0 32.028973 36.974304 34.814552 1.000000 0.000000 -1
0 24.028999 36.974312 34.814552 1.000000 1.000000 -1
0 32.028973 36.974304 34.814552 0.000000 0.000000 -1
0 24.028999 36.974312 34.814552 0.000000 1.000000 -1
0 32.028984 36.974327 32.574539 1.000000 0.000000 -1
0 24.028999 36.974319 32.574539 1.000000 1.000000 -1
0 32.028984 36.974327 32.574539 0.000000 0.000000 -1
0 24.028999 36.974319 32.574539 0.000000 1.000000 -1
0 32.028973 44.974342 32.574547 1.000000 0.000000 -1
0 24.028999 44.974358 32.574547 1.000000 1.000000 -1
0 32.028973 44.974342 32.574547 0.000000 1.000000 -1
0 32.028973 44.974342 34.814537 1.000000 1.000000 -1
0 24.028999 44.974358 32.574547 0.000000 0.000000 -1
0 24.028999 44.974358 34.814537 1.000000 0.000000 -1
0 24.095242 74.326538 32.554832 0.000000 0.000000 -1
0 24.095242 66.326569 32.554832 0.000000 1.000000 -1
0 24.095242 74.326538 34.794823 1.000000 0.000000 -1
0 24.095242 66.326569 34.794823 1.000000 1.000000 -1
0 24.095242 74.326538 34.794823 0.000000 0.000000 -1
0 24.095242 66.326569 34.794823 0.000000 1.000000 -1
0 32.095234 74.326538 34.794823 1.000000 0.000000 -1
0 32.095234 66.326569 34.794823 1.000000 1.000000 -1
0 32.095234 74.326538 34.794823 0.000000 0.000000 -1
0 32.095234 66.326569 34.794823 0.000000 1.000000 -1
0 32.095238 74.326538 32.554825 1.000000 0.000000 -1
0 32.095238 66.326569 32.554825 1.000000 1.000000 -1
0 32.095238 74.326538 32.554825 0.000000 0.000000 -1
0 32.095238 66.326569 32.554825 0.000000 1.000000 -1
0 24.095242 74.326538 32.554832 1.000000 0.000000 -1
0 24.095242 66.326569 32.554832 1.000000 1.000000 -1
0 24.095242 74.326538 32.554832 0.000000 1.000000 -1
0 24.095242 74.326538 34.794823 1.000000 1.000000 -1
0 24.095242 66.326569 32.554832 0.000000 0.000000 -1
0 24.095242 66.326569 34.794823 1.000000 0.000000 -1
0 9.153963 74.326538 32.574547 0.000000 0.000000 -1
0 9.153963 66.326569 32.574547 0.000000 1.000000 -1
0 9.153963 74.326538 34.814537 1.000000 0.000000 -1
0 9.153963 66.326569 34.814537 1.000000 1.000000 -1
0 9.153963 74.326538 34.814537 0.000000 0.000000 -1
0 9.153963 66.326569 34.814537 0.000000 1.000000 -1
0 17.153980 74.326538 34.814552 1.000000 0.000000 -1
0 17.153980 66.326569 34.814552 1.000000 1.000000 -1
0 17.153980 74.326538 34.814552 0.000000 0.000000 -1
0 17.153980 66.326569 34.814552 0.000000 1.000000 -1
0 17.153973 74.326538 32.574539 1.000000 0.000000 -1
0 17.153973 66.326569 32.574539 1.000000 1.000000 -1
0 17.153973 74.326538 32.574539 0.000000 0.000000 -1
0 17.153973 66.326569 32.574539 0.000000 1.000000 -1
0 9.153963 74.326538 32.574547 1.000000 0.000000 -1
0 9.153963 66.326569 32.574547 1.000000 1.000000 -1
0 9.153963 74.326538 32.574547 0.000000 1.000000 -1
0 9.153963 74.326538 34.814537 1.000000 1.000000 -1
0 9.153963 66.326569 32.574547 0.000000 0.000000 -1
0 9.153963 66.326569 34.814537 1.000000 0.000000 -1
0 35.047211 60.049114 14.168365 0.000000 0.000000 -1
0 35.047211 52.049145 14.168365 0.000000 1.000000 -1
0 37.286873 60.049114 14.129265 1.000000 0.000000 -1
0 37.286873 52.049145 14.129265 1.000000 1.000000 -1
0 37.286873 60.049114 14.129265 0.000000 0.000000 -1
0 37.286873 52.049145 14.129265 0.000000 1.000000 -1
0 37.147247 60.049114 6.130486 1.000000 0.000000 -1
0 37.147247 52.049145 6.130486 1.000000 1.000000 -1
0 37.147247 60.049114 6.130486 0.000000 0.000000 -1
0 37.147247 52.049145 6.130486 0.000000 1.000000 -1
0 34.907585 60.049114 6.169579 1.000000 0.000000 -1
0 34.907585 52.049145 6.169579 1.000000 1.000000 -1
0 34.907585 60.049114 6.169579 0.000000 0.000000 -1
0 34.907585 52.049145 6.169579 0.000000 1.000000 -1
0 35.047211 60.049114 14.168365 1.000000 0.000000 -1
0 35.047211 52.049145 14.168365 1.000000 1.000000 -1
0 35.047211 60.049114 14.168365 0.000000 1.000000 -1
0 37.286873 60.049114 14.129265 1.000000 1.000000 -1
0 35.047211 52.049145 14.168365 0.000000 0.000000 -1
0 37.286873 52.049145 14.129265 1.000000 0.000000 -1
0 35.327675 60.049114 29.107033 0.000000 0.000000 -1
0 35.327675 52.049145 29.107033 0.000000 1.000000 -1
0 37.567329 60.049114 29.067955 1.000000 0.000000 -1
0 37.567329 52.049145 29.067955 1.000000 1.000000 -1
0 37.567329 60.049114 29.067955 0.000000 0.000000 -1
0 37.567329 52.049145 29.067955 0.000000 1.000000 -1
0 37.427738 60.049114 21.069138 1.000000 0.000000 -1
0 37.427738 52.049145 21.069138 1.000000 1.000000 -1
0 37.427738 60.049114 21.069138 0.000000 0.000000 -1
0 37.427738 52.049145 21.069138 0.000000 1.000000 -1
0 35.188053 60.049114 21.108231 1.000000 0.000000 -1
0 35.188053 52.049145 21.108231 1.000000 1.000000 -1
0 35.188053 60.049114 21.108231 0.000000 0.000000 -1
0 35.188053 52.049145 21.108231 0.000000 1.000000 -1
0 35.327675 60.049114 29.107033 1.000000 0.000000 -1
0 35.327675 52.049145 29.107033 1.000000 1.000000 -1
0 35.327675 60.049114 29.107033 0.000000 1.000000 -1
0 37.567329 60.049114 29.067955 1.000000 1.000000 -1
0 35.327675 52.049145 29.107033 0.000000 0.000000 -1
0 37.567329 52.049145 29.067955 1.000000 0.000000 -1
0 34.906517 30.033031 6.107758 0.000000 0.000000 -1
0 35.046131 30.033058 14.106525 0.000000 1.000000 -1
0 37.146152 30.033031 6.068680 1.000000 0.000000 -1
0 37.285786 30.033058 14.067440 1.000000 1.000000 -1
0 37.146152 30.033031 6.068680 0.000000 0.000000 -1
0 37.285786 30.033058 14.067440 0.000000 1.000000 -1
0 37.146152 22.033054 6.068680 1.000000 0.000000 -1
0 37.285778 22.033035 14.067436 1.000000 1.000000 -1
0 37.146152 22.033054 6.068680 0.000000 0.000000 -1
0 37.285778 22.033035 14.067436 0.000000 1.000000 -1
0 34.906509 22.033047 6.107758 1.000000 0.000000 -1
0 35.046124 22.033035 14.106518 1.000000 1.000000 -1
0 34.906509 22.033047 6.107758 0.000000 0.000000 -1
0 35.046124 22.033035 14.106518 0.000000 1.000000 -1
0 34.906517 30.033031 6.107758 1.000000 0.000000 -1
0 35.046131 30.033058 14.106525 1.000000 1.000000 -1
0 34.906517 30.033031 6.107758 0.000000 1.000000 -1
0 37.146152 30.033031 6.068680 1.000000 1.000000 -1
0 35.046131 30.033058 14.106525 0.000000 0.000000 -1
0 37.285786 30.033058 14.067440 1.000000 0.000000 -1
0 34.926228 44.974342 6.107441 0.000000 0.000000 -1
0 35.065853 44.974358 14.106201 0.000000 1.000000 -1
0 37.165878 44.974342 6.068340 1.000000 0.000000 -1
0 37.305496 44.974358 14.067097 1.000000 1.000000 -1
0 37.165878 44.974342 6.068340 0.000000 0.000000 -1
0 37.305496 44.974358 14.067097 0.000000 1.000000 -1
0 37.165894 36.974304 6.068329 1.000000 0.000000 -1
0 37.305511 36.974312 14.067108 1.000000 1.000000 -1
0 37.165894 36.974304 6.068329 0.000000 0.000000 -1
0 37.305511 36.974312 14.067108 0.000000 1.000000 -1
0 34.926224 36.974327 6.107430 1.000000 0.000000 -1
0 35.065849 36.974319 14.106197 1.000000 1.000000 -1
0 34.926224 36.974327 6.107430 0.000000 0.000000 -1
0 35.065849 36.974319 14.106197 0.000000 1.000000 -1
0 34.926228 44.974342 6.107441 1.000000 0.000000 -1
0 35.065853 44.974358 14.106201 1.000000 1.000000 -1
0 34.926228 44.974342 6.107441 0.000000 1.000000 -1
0 37.165878 44.974342 6.068340 1.000000 1.000000 -1
0 35.065853 44.974358 14.106201 0.000000 0.000000 -1
0 37.305496 44.974358 14.067097 1.000000 0.000000 -1
0 35.044975 74.326538 14.040306 0.000000 0.000000 -1
0 35.044975 66.326569 14.040306 0.000000 1.000000 -1
0 37.284630 74.326538 14.001205 1.000000 0.000000 -1
0 37.284630 66.326569 14.001205 1.000000 1.000000 -1
0 37.284630 74.326538 14.001205 0.000000 0.000000 -1
0 37.284630 66.326569 14.001205 0.000000 1.000000 -1
0 37.144997 74.326538 6.002438 1.000000 0.000000 -1
0 37.144997 66.326569 6.002438 1.000000 1.000000 -1
0 37.144997 74.326538 6.002438 0.000000 0.000000 -1
0 37.144997 66.326569 6.002438 0.000000 1.000000 -1
0 34.905357 74.326538 6.041500 1.000000 0.000000 -1
0 34.905357 66.326569 6.041500 1.000000 1.000000 -1
0 34.905357 74.326538 6.041500 0.000000 0.000000 -1
0 34.905357 66.326569 6.041500 0.000000 1.000000 -1
0 35.044975 74.326538 14.040306 1.000000 0.000000 -1
0 35.044975 66.326569 14.040306 1.000000 1.000000 -1
0 35.044975 74.326538 14.040306 0.000000 1.000000 -1
0 37.284630 74.326538 14.001205 1.000000 1.000000 -1
0 35.044975 66.326569 14.040306 0.000000 0.000000 -1
0 37.284630 66.326569 14.001205 1.000000 0.000000 -1
0 35.325459 74.326538 28.978992 0.000000 0.000000 -1
0 35.325459 66.326569 28.978992 0.000000 1.000000 -1
0 37.565105 74.326538 28.939884 1.000000 0.000000 -1
0 37.565105 66.326569 28.939884 1.000000 1.000000 -1
0 37.565105 74.326538 28.939884 0.000000 0.000000 -1
0 37.565105 66.326569 28.939884 0.000000 1.000000 -1
0 37.425507 74.326538 20.941067 1.000000 0.000000 -1
0 37.425507 66.326569 20.941067 1.000000 1.000000 -1
0 37.425507 74.326538 20.941067 0.000000 0.000000 -1
0 37.425507 66.326569 20.941067 0.000000 1.000000 -1
0 35.185818 74.326538 20.980171 1.000000 0.000000 -1
0 35.185818 66.326569 20.980171 1.000000 1.000000 -1
0 35.185818 74.326538 20.980171 0.000000 0.000000 -1
0 35.185818 66.326569 20.980171 0.000000 1.000000 -1
0 35.325459 74.326538 28.978992 1.000000 0.000000 -1
0 35.325459 66.326569 28.978992 1.000000 1.000000 -1
0 35.325459 74.326538 28.978992 0.000000 1.000000 -1
0 37.565105 74.326538 28.939884 1.000000 1.000000 -1
0 35.325459 66.326569 28.978992 0.000000 0.000000 -1
0 37.565105 66.326569 28.939884 1.000000 0.000000 -1
0 35.183670 30.033031 20.976074 0.000000 0.000000 -1
0 35.183670 30.033058 28.976059 0.000000 1.000000 -1
0 37.423656 30.033031 20.976067 1.000000 0.000000 -1
0 37.423676 30.033058 28.976051 1.000000 1.000000 -1
0 37.423656 30.033031 20.976067 0.000000 0.000000 -1
0 37.423676 30.033058 28.976051 0.000000 1.000000 -1
0 37.423656 22.033054 20.976067 1.000000 0.000000 -1
0 37.423676 22.033035 28.976036 1.000000 1.000000 -1
0 37.423656 22.033054 20.976067 0.000000 0.000000 -1
0 37.423676 22.033035 28.976036 0.000000 1.000000 -1
0 35.183666 22.033047 20.976067 1.000000 0.000000 -1
0 35.183651 22.033035 28.976055 1.000000 1.000000 -1
0 35.183666 22.033047 20.976067 0.000000 0.000000 -1
0 35.183651 22.033035 28.976055 0.000000 1.000000 -1
0 35.183670 30.033031 20.976074 1.000000 0.000000 -1
0 35.183670 30.033058 28.976059 1.000000 1.000000 -1
0 35.183670 30.033031 20.976074 0.000000 1.000000 -1
0 37.423656 30.033031 20.976067 1.000000 1.000000 -1
0 35.183670 30.033058 28.976059 0.000000 0.000000 -1
0 37.423676 30.033058 28.976051 1.000000 0.000000 -1
0 35.203373 44.974342 20.976093 0.000000 0.000000 -1
0 35.203369 44.974358 28.976078 0.000000 1.000000 -1
0 37.443367 44.974342 20.976074 1.000000 0.000000 -1
0 37.443378 44.974358 28.976059 1.000000 1.000000 -1
0 37.443367 44.974342 20.976074 0.000000 0.000000 -1
0 37.443378 44.974358 28.976059 0.000000 1.000000 -1
0 37.443409 36.974304 20.976089 1.000000 0.000000 -1
0 37.443390 36.974312 28.976055 1.000000 1.000000 -1
0 37.443409 36.974304 20.976089 0.000000 0.000000 -1
0 37.443390 36.974312 28.976055 0.000000 1.000000 -1
0 35.203362 36.974327 20.976067 1.000000 0.000000 -1
0 35.203369 36.974319 28.976078 1.000000 1.000000 -1
0 35.203362 36.974327 20.976067 0.000000 0.000000 -1
0 35.203369 36.974319 28.976078 0.000000 1.000000 -1
0 35.203373 44.974342 20.976093 1.000000 0.000000 -1
0 35.203369 44.974358 28.976078 1.000000 1.000000 -1
0 35.203373 44.974342 20.976093 0.000000 1.000000 -1
0 37.443367 44.974342 20.976074 1.000000 1.000000 -1
0 35.203369 44.974358 28.976078 0.000000 0.000000 -1
0 37.443378 44.974358 28.976059 1.000000 0.000000 -1
0 5.114456 74.326538 20.995316 0.000000 0.000000 -1
0 5.114456 66.326569 20.995316 0.000000 1.000000 -1
0 2.874443 74.326538 20.995323 1.000000 0.000000 -1
0 2.874443 66.326569 20.995323 1.000000 1.000000 -1
0 2.874443 74.326538 20.995323 0.000000 0.000000 -1
0 2.874443 66.326569 20.995323 0.000000 1.000000 -1
0 2.874460 74.326538 28.995327 1.000000 0.000000 -1
0 2.874460 66.326569 28.995327 1.000000 1.000000 -1
0 2.874460 74.326538 28.995327 0.000000 0.000000 -1
0 2.874460 66.326569 28.995327 0.000000 1.000000 -1
0 5.114483 74.326538 28.995342 1.000000 0.000000 -1
0 5.114483 66.326569 28.995342 1.000000 1.000000 -1
0 5.114483 74.326538 28.995342 0.000000 0.000000 -1
0 5.114483 66.326569 28.995342 0.000000 1.000000 -1
0 5.114456 74.326538 20.995316 1.000000 0.000000 -1
0 5.114456 66.326569 20.995316 1.000000 1.000000 -1
0 5.114456 74.326538 20.995316 0.000000 1.000000 -1
0 2.874443 74.326538 20.995323 1.000000 1.000000 -1
0 5.114456 66.326569 20.995316 0.000000 0.000000 -1
0 2.874443 66.326569 20.995323 1.000000 0.000000 -1
0 5.094742 74.326538 6.054024 0.000000 0.000000 -1
0 5.094742 66.326569 6.054024 0.000000 1.000000 -1
0 2.854750 74.326538 6.054024 1.000000 0.000000 -1
0 2.854750 66.326569 6.054024 1.000000 1.000000 -1
0 2.854750 74.326538 6.054024 0.000000 0.000000 -1
0 2.854750 66.326569 6.054024 0.000000 1.000000 -1
0 2.854736 74.326538 14.054070 1.000000 0.000000 -1
0 2.854736 66.326569 14.054070 1.000000 1.000000 -1
0 2.854736 74.326538 14.054070 0.000000 0.000000 -1
0 2.854736 66.326569 14.054070 0.000000 1.000000 -1
0 5.094753 74.326538 14.054039 1.000000 0.000000 -1
0 5.094753 66.326569 14.054039 1.000000 1.000000 -1
0 5.094753 74.326538 14.054039 0.000000 0.000000 -1
0 5.094753 66.326569 14.054039 0.000000 1.000000 -1
0 5.094742 74.326538 6.054024 1.000000 0.000000 -1
0 5.094742 66.326569 6.054024 1.000000 1.000000 -1
0 5.094742 74.326538 6.054024 0.000000 1.000000 -1
0 2.854750 74.326538 6.054024 1.000000 1.000000 -1
0 5.094742 66.326569 6.054024 0.000000 0.000000 -1
0 2.854750 66.326569 6.054024 1.000000 0.000000 -1
0 17.252876 74.326538 2.462420 0.000000 0.000000 -1
0 17.252876 66.326569 2.462420 0.000000 1.000000 -1
0 17.252869 74.326538 0.222410 1.000000 0.000000 -1
0 17.252869 66.326569 0.222410 1.000000 1.000000 -1
0 17.252869 74.326538 0.222410 0.000000 0.000000 -1
0 17.252869 66.326569 0.222410 0.000000 1.000000 -1
0 9.252869 74.326538 0.222422 1.000000 0.000000 -1
0 9.252869 66.326569 0.222422 1.000000 1.000000 -1
0 9.252869 74.326538 0.222422 0.000000 0.000000 -1
0 9.252869 66.326569 0.222422 0.000000 1.000000 -1
0 9.252840 74.326538 2.462450 1.000000 0.000000 -1
0 9.252840 66.326569 2.462450 1.000000 1.000000 -1
0 9.252840 74.326538 2.462450 0.000000 0.000000 -1
0 9.252840 66.326569 2.462450 0.000000 1.000000 -1
0 17.252876 74.326538 2.462420 1.000000 0.000000 -1
0 17.252876 66.326569 2.462420 1.000000 1.000000 -1
0 17.252876 74.326538 2.462420 0.000000 1.000000 -1
0 17.252869 74.326538 0.222410 1.000000 1.000000 -1
0 17.252876 66.326569 2.462420 0.000000 0.000000 -1
0 17.252869 66.326569 0.222410 1.000000 0.000000 -1
0 32.194183 74.326538 2.442705 0.000000 0.000000 -1
0 32.194183 66.326569 2.442705 0.000000 1.000000 -1
0 32.194191 74.326538 0.202711 1.000000 0.000000 -1
0 32.194191 66.326569 0.202711 1.000000 1.000000 -1
0 32.194191 74.326538 0.202711 0.000000 0.000000 -1
0 32.194191 66.326569 0.202711 0.000000 1.000000 -1
0 24.194115 74.326538 0.202700 1.000000 0.000000 -1
0 24.194115 66.326569 0.202700 1.000000 1.000000 -1
0 24.194115 74.326538 0.202700 0.000000 0.000000 -1
0 24.194115 66.326569 0.202700 0.000000 1.000000 -1
0 24.194145 74.326538 2.442713 1.000000 0.000000 -1
0 24.194145 66.326569 2.442713 1.000000 1.000000 -1
0 24.194145 74.326538 2.442713 0.000000 0.000000 -1
0 24.194145 66.326569 2.442713 0.000000 1.000000 -1
0 32.194183 74.326538 2.442705 1.000000 0.000000 -1
0 32.194183 66.326569 2.442705 1.000000 1.000000 -1
0 32.194183 74.326538 2.442705 0.000000 1.000000 -1
0 32.194191 74.326538 0.202711 1.000000 1.000000 -1
0 32.194183 66.326569 2.442705 0.000000 0.000000 -1
0 32.194191 66.326569 0.202711 1.000000 0.000000 -1
155
0.000000 0.000000 1.000000
1.000000 0.000000 0.000000
0.000000 0.000000 -1.000000
-1.000000 0.000000 0.000000
0.000000 1.000000 0.000000
0.000000 -1.000000 0.000000
-1.000000 0.000000 0.000003
0.000000 0.000000 1.000000
1.000000 0.000000 -0.000003
0.000001 0.000000 -1.000000
-1.000000 0.000000 -0.000000
0.000000 0.000000 1.000000
1.000000 0.000000 0.000001
-0.000000 0.000000 -1.000000
-0.000001 0.000000 1.000000
1.000000 0.000000 -0.000003
-1.000000 0.000000 0.000003
0.000001 0.000000 1.000000
1.000000 0.000000 -0.000003
0.000002 0.000000 -1.000000
-1.000000 0.000000 -0.000000
-0.000001 0.000000 -1.000000
-0.000002 0.000000 1.000000
1.000000 0.000000 -0.000003
-0.000001 0.000000 -1.000000
-1.000000 0.000000 0.000003
1.000000 0.000000 -0.000003
-1.000000 0.000000 -0.000000
1.000000 0.000000 0.000001
1.000000 0.000000 -0.000003
1.000000 0.000000 0.000002
-0.000001 0.000000 -1.000000
0.000003 1.000000 0.000000
0.000002 -1.000000 0.000003
0.000002 -1.000000 0.000002
0.000001 -1.000000 0.000000
-0.000000 0.000001 -1.000000
0.000000 0.000001 -1.000000
0.000000 0.000001 -1.000000
-1.000000 -0.000001 0.000000
0.000002 1.000000 0.000000
0.000000 0.000002 1.000000
0.000000 0.000002 1.000000
0.000000 0.000002 1.000000
-0.000001 -1.000000 -0.000010
-0.000000 -1.000000 -0.000007
0.000001 -1.000000 -0.000003
-0.000000 0.000001 -1.000000
0.000000 0.000001 -1.000000
0.000000 0.000001 -1.000000
1.000000 0.000001 0.000005
1.000000 0.000001 0.000003
0.017456 0.000000 0.999848
0.999848 0.000000 -0.017453
-0.017452 0.000000 -0.999848
-0.999848 0.000000 0.017453
0.017445 0.000000 0.999848
0.999848 0.000000 -0.017449
-0.017452 0.000000 -0.999848
-0.999848 0.000000 0.017453
-0.000000 1.000000 -0.000003
-0.000000 1.000000 -0.000003
-0.000000 1.000000 -0.000003
0.999848 0.000000 -0.017454
0.999848 -0.000000 -0.017454
0.999848 -0.000001 -0.017453
0.000003 -1.000000 -0.000002
0.000002 -1.000000 -0.000002
-0.000000 -1.000000 -0.000001
-0.999848 0.000001 0.017452
-0.999848 0.000001 0.017452
-0.999848 0.000001 0.017452
-0.017446 0.000000 -0.999848
-0.017446 0.000000 -0.999848
-0.017446 0.000000 -0.999848
0.017449 -0.000001 0.999848
0.017448 -0.000001 0.999848
0.017447 -0.000000 0.999848
-0.000000 1.000000 -0.000002
-0.000000 1.000000 -0.000002
-0.000000 1.000000 -0.000002
0.999848 0.000002 -0.017452
0.999848 0.000002 -0.017452
0.999848 0.000002 -0.017452
-0.000010 -1.000000 0.000001
-0.000007 -1.000000 0.000000
-0.000003 -1.000000 -0.000001
-0.999848 0.000000 0.017453
-0.999848 0.000000 0.017453
-0.999848 0.000000 0.017453
-0.017456 0.000001 -0.999848
-0.017456 0.000001 -0.999848
-0.017456 0.000001 -0.999848
0.017457 -0.000000 0.999848
0.017454 0.000000 0.999848
0.017451 0.000001 0.999848
0.017456 0.000000 0.999848
0.999848 0.000000 -0.017454
-0.017439 0.000000 -0.999848
-0.999848 0.000000 0.017452
0.017459 0.000000 0.999848
0.999848 0.000000 -0.017450
-0.017457 0.000000 -0.999848
-0.999848 0.000000 0.017455
-0.000000 1.000000 -0.000003
-0.000000 1.000000 -0.000003
-0.000000 1.000000 -0.000003
1.000000 0.000000 -0.000002
1.000000 0.000000 -0.000002
1.000000 0.000000 -0.000002
0.000003 -1.000000 -0.000002
0.000002 -1.000000 -0.000002
-0.000000 -1.000000 -0.000001
-1.000000 0.000000 -0.000002
-1.000000 0.000001 -0.000001
-1.000000 0.000002 -0.000000
-0.000000 0.000001 -1.000000
-0.000002 0.000000 -1.000000
-0.000003 0.000000 -1.000000
0.000003 -0.000000 1.000000
0.000006 -0.000001 1.000000
0.000009 -0.000002 1.000000
-0.000000 1.000000 -0.000002
-0.000000 1.000000 -0.000002
-0.000000 1.000000 -0.000002
1.000000 0.000005 -0.000001
1.000000 0.000003 0.000000
1.000000 0.000001 0.000002
-0.000010 -1.000000 0.000001
-0.000007 -1.000000 -0.000000
-0.000003 -1.000000 -0.000001
-1.000000 0.000001 0.000001
-1.000000 0.000001 0.000000
-1.000000 0.000000 -0.000000
0.000010 0.000003 -1.000000
0.000001 0.000001 -1.000000
-0.000009 -0.000002 -1.000000
0.000009 0.000000 1.000000
0.000009 -0.000000 1.000000
0.000010 -0.000000 1.000000
-0.000003 0.000000 -1.000000
-1.000000 0.000000 0.000002
-0.000007 0.000000 1.000000
1.000000 0.000000 -0.000003
-1.000000 0.000000 -0.000002
0.000014 0.000000 1.000000
1.000000 0.000000 -0.000001
1.000000 0.000000 -0.000003
-0.000001 0.000000 -1.000000
-1.000000 0.000000 -0.000013
0.000004 0.000000 1.000000
1.000000 0.000000 0.000003
0.000001 0.000000 -1.000000
-1.000000 0.000000 0.000014
0.000001 0.000000 1.000000
396
0 0 1 2 0 0 0 1
0 1 3 2 0 0 0 1
0 4 5 6 1 1 1 2
0 5 7 6 1 1 1 2
0 8 9 10 2 2 2 1
0 9 11 10 2 2 2 1
0 12 13 14 3 3 3 2
0 13 15 14 3 3 3 2
0 12 16 6 4 4 4 3
0 16 17 6 4 4 4 3
0 18 13 19 5 5 5 3
0 13 7 19 5 5 5 3
0 20 21 22 0 0 0 1
0 21 23 22 0 0 0 1
0 24 25 26 1 1 1 2
0 25 27 26 1 1 1 2
0 28 29 30 2 2 2 1
0 29 31 30 2 2 2 1
0 32 33 34 3 3 3 2
0 33 35 34 3 3 3 2
0 32 36 26 4 4 4 3
0 36 37 26 4 4 4 3
0 38 33 39 5 5 5 3
0 33 27 39 5 5 5 3
0 40 41 42 0 0 0 1
0 41 43 42 0 0 0 1
0 44 45 46 1 1 1 2
0 45 47 46 1 1 1 2
0 48 49 50 2 2 2 1
0 49 51 50 2 2 2 1
0 52 53 54 3 3 3 2
0 53 55 54 3 3 3 2
0 52 56 46 4 4 4 3
0 56 57 46 4 4 4 3
0 58 53 59 5 5 5 3
0 53 47 59 5 5 5 3
0 60 61 62 0 0 0 1
0 61 63 62 0 0 0 1
0 64 65 66 1 1 1 2
0 65 67 66 1 1 1 2
0 68 69 70 2 2 2 1
0 69 71 70 2 2 2 1
0 72 73 74 3 3 3 2
0 73 75 74 3 3 3 2
0 72 76 66 4 4 4 3
0 76 77 66 4 4 4 3
0 78 73 79 5 5 5 3
0 73 67 79 5 5 5 3
0 80 81 82 0 0 0 1
0 81 83 82 0 0 0 1
0 84 85 86 1 1 1 2
0 85 87 86 1 1 1 2
0 88 89 90 2 2 2 1
0 89 91 90 2 2 2 1
0 92 93 94 3 3 3 2
0 93 95 94 3 3 3 2
0 92 96 86 4 4 4 3
0 96 97 86 4 4 4 3
0 98 93 99 5 5 5 3
0 93 87 99 5 5 5 3
0 100 101 102 0 0 0 1
0 101 103 102 0 0 0 1
0 104 105 106 1 1 1 2
0 105 107 106 1 1 1 2
0 108 109 110 2 2 2 1
0 109 111 110 2 2 2 1
0 112 113 114 3 3 3 2
0 113 115 114 3 3 3 2
0 112 116 106 4 4 4 3
0 116 117 106 4 4 4 3
0 118 113 119 5 5 5 3
0 113 107 119 5 5 5 3
0 120 121 122 6 6 6 1
0 121 123 122 6 6 6 1
0 124 125 126 7 7 7 2
0 125 127 126 7 7 7 2
0 128 129 130 8 8 8 1
0 129 131 130 8 8 8 1
0 132 133 134 9 9 9 2
0 133 135 134 9 9 9 2
0 132 136 126 4 4 4 3
0 136 137 126 4 4 4 3
0 138 133 139 5 5 5 3
0 133 127 139 5 5 5 3
0 140 141 142 10 10 10 1
0 141 143 142 10 10 10 1
0 144 145 146 11 11 11 2
0 145 147 146 11 11 11 2
0 148 149 150 12 12 12 1
0 149 151 150 12 12 12 1
0 152 153 154 13 13 13 2
0 153 155 154 13 13 13 2
0 152 156 146 4 4 4 3
0 156 157 146 4 4 4 3
0 158 153 159 5 5 5 3
0 153 147 159 5 5 5 3
0 160 161 162 3 3 3 1
0 161 163 162 3 3 3 1
0 164 165 166 14 14 14 2
0 165 167 166 14 14 14 2
0 168 169 170 15 15 15 1
0 169 171 170 15 15 15 1
0 172 173 174 2 2 2 2
0 173 175 174 2 2 2 2
0 172 176 166 4 4 4 3
0 176 177 166 4 4 4 3
0 178 173 179 5 5 5 3
0 173 167 179 5 5 5 3
0 180 181 182 16 16 16 1
0 181 183 182 16 16 16 1
0 184 185 186 17 17 17 2
0 185 187 186 17 17 17 2
0 188 189 190 18 18 18 1
0 189 191 190 18 18 18 1
0 192 193 194 19 19 19 2
0 193 195 194 19 19 19 2
0 192 196 186 4 4 4 3
0 196 197 186 4 4 4 3
0 198 193 199 5 5 5 3
0 193 187 199 5 5 5 3
0 200 201 202 20 20 20 1
0 201 203 202 20 20 20 1
0 204 205 206 0 0 0 2
0 205 207 206 0 0 0 2
0 208 209 210 12 12 12 1
0 209 211 210 12 12 12 1
0 212 213 214 21 21 21 2
0 213 215 214 21 21 21 2
0 212 216 206 4 4 4 3
0 216 217 206 4 4 4 3
0 218 213 219 5 5 5 3
0 213 207 219 5 5 5 3
0 220 221 222 3 3 3 1
0 221 223 222 3 3 3 1
0 224 225 226 22 22 22 2
0 225 227 226 22 22 22 2
0 228 229 230 23 23 23 1
0 229 231 230 23 23 23 1
0 232 233 234 24 24 24 2
0 233 235 234 24 24 24 2
0 232 236 226 4 4 4 3
0 236 237 226 4 4 4 3
0 238 233 239 5 5 5 3
0 233 227 239 5 5 5 3
0 240 241 242 25 25 25 1
0 241 243 242 25 25 25 1
0 244 245 246 17 17 17 2
0 245 247 246 17 17 17 2
0 248 249 250 26 26 26 1
0 249 251 250 26 26 26 1
0 252 253 254 19 19 19 2
0 253 255 254 19 19 19 2
0 252 256 246 4 4 4 3
0 256 257 246 4 4 4 3
0 258 253 259 5 5 5 3
0 253 247 259 5 5 5 3
0 260 261 262 27 27 27 1
0 261 263 262 27 27 27 1
0 264 265 266 0 0 0 2
0 265 267 266 0 0 0 2
0 268 269 270 28 28 28 1
0 269 271 270 28 28 28 1
0 272 273 274 21 21 21 2
0 273 275 274 21 21 21 2
0 272 276 266 4 4 4 3
0 276 277 266 4 4 4 3
0 278 273 279 5 5 5 3
0 273 267 279 5 5 5 3
0 280 281 282 3 3 3 1
0 281 283 282 3 3 3 1
0 284 285 286 22 22 22 2
0 285 287 286 22 22 22 2
0 288 289 290 29 29 29 1
0 289 291 290 29 29 29 1
0 292 293 294 24 24 24 2
0 293 295 294 24 24 24 2
0 292 296 286 4 4 4 3
0 296 297 286 4 4 4 3
0 298 293 299 5 5 5 3
0 293 287 299 5 5 5 3
0 300 301 302 3 3 3 1
0 301 303 302 3 3 3 1
0 304 305 306 0 0 0 2
0 305 307 306 0 0 0 2
0 308 309 310 30 30 30 1
0 309 311 310 30 30 30 1
0 312 313 314 31 31 31 2
0 313 315 314 31 31 31 2
0 312 316 306 4 4 4 3
0 316 317 306 4 4 4 3
0 318 313 319 5 5 5 3
0 313 307 319 5 5 5 3
0 320 321 322 3 3 3 1
0 321 323 322 3 3 3 1
0 324 325 326 22 22 22 2
0 325 327 326 22 22 22 2
0 328 329 330 29 29 29 1
0 329 331 330 29 29 29 1
0 332 333 334 24 24 24 2
0 333 335 334 24 24 24 2
0 332 336 326 4 4 4 3
0 336 337 326 4 4 4 3
0 338 333 339 5 5 5 3
0 333 327 339 5 5 5 3
0 340 341 342 32 32 32 1
0 341 343 342 32 32 32 1
0 344 345 346 0 0 0 2
0 345 347 346 0 0 0 2
0 348 349 350 33 34 34 1
0 349 351 350 34 35 34 1
0 352 353 354 36 37 37 2
0 353 355 354 37 38 37 2
0 352 356 346 1 1 1 3
0 356 357 346 1 1 1 3
0 358 353 359 39 39 39 3
0 353 347 359 39 39 39 3
0 360 361 362 40 40 40 1
0 361 363 362 40 40 40 1
0 364 365 366 41 42 42 2
0 365 367 366 42 43 42 2
0 368 369 370 44 45 45 1
0 369 371 370 45 46 45 1
0 372 373 374 47 48 48 2
0 373 375 374 48 49 48 2
0 372 376 366 50 51 51 3
0 376 377 366 51 1 51 3
0 378 373 379 3 3 3 3
0 373 367 379 3 3 3 3
0 380 381 382 3 3 3 1
0 381 383 382 3 3 3 1
0 384 385 386 0 0 0 2
0 385 387 386 0 0 0 2
0 388 389 390 30 30 30 1
0 389 391 390 30 30 30 1
0 392 393 394 31 31 31 2
0 393 395 394 31 31 31 2
0 392 396 386 4 4 4 3
0 396 397 386 4 4 4 3
0 398 393 399 5 5 5 3
0 393 387 399 5 5 5 3
0 400 401 402 3 3 3 1
0 401 403 402 3 3 3 1
0 404 405 406 22 22 22 2
0 405 407 406 22 22 22 2
0 408 409 410 29 29 29 1
0 409 411 410 29 29 29 1
0 412 413 414 24 24 24 2
0 413 415 414 24 24 24 2
0 412 416 406 4 4 4 3
0 416 417 406 4 4 4 3
0 418 413 419 5 5 5 3
0 413 407 419 5 5 5 3
0 420 421 422 52 52 52 1
0 421 423 422 52 52 52 1
0 424 425 426 53 53 53 2
0 425 427 426 53 53 53 2
0 428 429 430 54 54 54 1
0 429 431 430 54 54 54 1
0 432 433 434 55 55 55 2
0 433 435 434 55 55 55 2
0 432 436 426 4 4 4 3
0 436 437 426 4 4 4 3
0 438 433 439 5 5 5 3
0 433 427 439 5 5 5 3
0 440 441 442 56 56 56 1
0 441 443 442 56 56 56 1
0 444 445 446 57 57 57 2
0 445 447 446 57 57 57 2
0 448 449 450 58 58 58 1
0 449 451 450 58 58 58 1
0 452 453 454 59 59 59 2
0 453 455 454 59 59 59 2
0 452 456 446 4 4 4 3
0 456 457 446 4 4 4 3
0 458 453 459 5 5 5 3
0 453 447 459 5 5 5 3
0 460 461 462 60 61 61 1
0 461 463 462 61 62 61 1
0 464 465 466 63 64 64 2
0 465 467 466 64 65 64 2
0 468 469 470 66 67 67 1
0 469 471 470 67 68 67 1
0 472 473 474 69 70 70 2
0 473 475 474 70 71 70 2
0 472 476 466 72 73 73 3
0 476 477 466 73 74 73 3
0 478 473 479 75 76 76 3
0 473 467 479 76 77 76 3
0 480 481 482 78 79 79 1
0 481 483 482 79 80 79 1
0 484 485 486 81 82 82 2
0 485 487 486 82 83 82 2
0 488 489 490 84 85 85 1
0 489 491 490 85 86 85 1
0 492 493 494 87 88 88 2
0 493 495 494 88 89 88 2
0 492 496 486 90 91 91 3
0 496 497 486 91 92 91 3
0 498 493 499 93 94 94 3
0 493 487 499 94 95 94 3
0 500 501 502 96 96 96 1
0 501 503 502 96 96 96 1
0 504 505 506 97 97 97 2
0 505 507 506 97 97 97 2
0 508 509 510 98 98 98 1
0 509 511 510 98 98 98 1
0 512 513 514 99 99 99 2
0 513 515 514 99 99 99 2
0 512 516 506 4 4 4 3
0 516 517 506 4 4 4 3
0 518 513 519 5 5 5 3
0 513 507 519 5 5 5 3
0 520 521 522 100 100 100 1
0 521 523 522 100 100 100 1
0 524 525 526 101 101 101 2
0 525 527 526 101 101 101 2
0 528 529 530 102 102 102 1
0 529 531 530 102 102 102 1
0 532 533 534 103 103 103 2
0 533 535 534 103 103 103 2
0 532 536 526 4 4 4 3
0 536 537 526 4 4 4 3
0 538 533 539 5 5 5 3
0 533 527 539 5 5 5 3
0 540 541 542 104 105 105 1
0 541 543 542 105 106 105 1
0 544 545 546 107 108 108 2
0 545 547 546 108 109 108 2
0 548 549 550 110 111 111 1
0 549 551 550 111 112 111 1
0 552 553 554 113 114 114 2
0 553 555 554 114 115 114 2
0 552 556 546 116 117 117 3
0 556 557 546 117 118 117 3
0 558 553 559 119 120 120 3
0 553 547 559 120 121 120 3
0 560 561 562 122 123 123 1
0 561 563 562 123 124 123 1
0 564 565 566 125 126 126 2
0 565 567 566 126 127 126 2
0 568 569 570 128 129 129 1
0 569 571 570 129 130 129 1
0 572 573 574 131 132 132 2
0 573 575 574 132 133 132 2
0 572 576 566 134 135 135 3
0 576 577 566 135 136 135 3
0 578 573 579 137 138 138 3
0 573 567 579 138 139 138 3
0 580 581 582 140 140 140 1
0 581 583 582 140 140 140 1
0 584 585 586 141 141 141 2
0 585 587 586 141 141 141 2
0 588 589 590 142 142 142 1
0 589 591 590 142 142 142 1
0 592 593 594 143 143 143 2
0 593 595 594 143 143 143 2
0 592 596 586 4 4 4 3
0 596 597 586 4 4 4 3
0 598 593 599 5 5 5 3
0 593 587 599 5 5 5 3
0 600 601 602 2 2 2 1
0 601 603 602 2 2 2 1
0 604 605 606 144 144 144 2
0 605 607 606 144 144 144 2
0 608 609 610 145 145 145 1
0 609 611 610 145 145 145 1
0 612 613 614 146 146 146 2
0 613 615 614 146 146 146 2
0 612 616 606 4 4 4 3
0 616 617 606 4 4 4 3
0 618 613 619 5 5 5 3
0 613 607 619 5 5 5 3
0 620 621 622 147 147 147 1
0 621 623 622 147 147 147 1
0 624 625 626 148 148 148 2
0 625 627 626 148 148 148 2
0 628 629 630 149 149 149 1
0 629 631 630 149 149 149 1
0 632 633 634 150 150 150 2
0 633 635 634 150 150 150 2
0 632 636 626 4 4 4 3
0 636 637 626 4 4 4 3
0 638 633 639 5 5 5 3
0 633 627 639 5 5 5 3
0 640 641 642 151 151 151 1
0 641 643 642 151 151 151 1
0 644 645 646 152 152 152 2
0 645 647 646 152 152 152 2
0 648 649 650 153 153 153 1
0 649 651 650 153 153 153 1
0 652 653 654 154 154 154 2
0 653 655 654 154 154 154 2
0 652 656 646 4 4 4 3
0 656 657 646 4 4 4 3
0 658 653 659 5 5 5 3
0 653 647 659 5 5 5 3
"stacks" 0 2
232
0 -4.864552 36.162498 -23.200001 0.000000 0.000000 -1
0 -5.845313 36.162498 -19.539751 0.000000 0.000000 -1
0 -12.185048 36.162498 -23.200001 0.000000 0.000000 -1
0 -6.685051 105.312546 -23.200001 0.000000 0.000000 -1
0 -12.185048 105.312546 -23.200001 0.000000 0.000000 -1
0 -7.421912 105.312546 -20.450001 0.000000 0.000000 -1
0 -4.864552 36.162498 -23.200001 0.000000 1.000000 -1
0 -5.530051 45.329197 -23.200001 0.000000 0.833333 -1
0 -6.421653 45.329197 -19.872501 0.083333 0.833333 -1
0 -5.845313 36.162498 -19.539751 0.083333 1.000000 -1
0 -6.685051 53.229210 -23.200001 0.000000 0.666667 -1
0 -7.421912 53.229210 -20.450001 0.083333 0.666667 -1
0 -7.185051 61.562546 -23.200001 0.000000 0.500000 -1
0 -7.854924 61.562546 -20.700001 0.083333 0.500000 -1
0 -7.185051 88.645874 -23.200001 0.000000 0.333333 -1
0 -7.854924 88.645874 -20.700001 0.083333 0.333333 -1
0 -7.185051 96.979218 -23.200001 0.000000 0.166667 -1
0 -7.854924 96.979218 -20.700001 0.083333 0.166667 -1
0 -7.421912 105.312546 -20.450001 0.083333 0.000000 -1
0 -8.524800 36.162498 -16.860262 0.000000 0.000000 -1
0 -9.435050 105.312546 -18.436861 0.000000 0.000000 -1
0 -8.524800 36.162498 -16.860262 0.166667 1.000000 -1
0 -8.857550 45.329197 -17.436602 0.166667 0.833333 -1
0 -9.435050 53.229210 -18.436861 0.166667 0.666667 -1
0 -9.685050 61.562546 -18.869873 0.166667 0.500000 -1
0 -9.685050 88.645874 -18.869873 0.166667 0.333333 -1
0 -9.685050 96.979218 -18.869873 0.166667 0.166667 -1
0 -9.435050 105.312546 -18.436861 0.166667 0.000000 -1
0 -12.185048 36.162498 -15.879501 0.000000 0.000000 -1
0 -12.185048 105.312546 -17.700001 0.000000 0.000000 -1
0 -12.185048 45.329197 -16.545002 0.250000 0.833333 -1
0 -12.185048 36.162498 -15.879501 0.250000 1.000000 -1
0 -12.185048 53.229210 -17.700001 0.250000 0.666667 -1
0 -12.185048 61.562546 -18.200001 0.250000 0.500000 -1
0 -12.185048 88.645874 -18.200001 0.250000 0.333333 -1
0 -12.185048 96.979218 -18.200001 0.250000 0.166667 -1
0 -12.185048 105.312546 -17.700001 0.250000 0.000000 -1
0 -15.845297 36.162498 -16.860262 0.000000 0.000000 -1
0 -14.935047 105.312546 -18.436861 0.000000 0.000000 -1
0 -15.845297 36.162498 -16.860262 0.333333 1.000000 -1
0 -15.512547 45.329197 -17.436602 0.333333 0.833333 -1
0 -14.935047 53.229210 -18.436861 0.333333 0.666667 -1
0 -14.685047 61.562546 -18.869873 0.333333 0.500000 -1
0 -14.685047 88.645874 -18.869873 0.333333 0.333333 -1
0 -14.685047 96.979218 -18.869873 0.333333 0.166667 -1
0 -14.935047 105.312546 -18.436861 0.333333 0.000000 -1
0 -18.524784 36.162498 -19.539751 0.000000 0.000000 -1
0 -16.948185 105.312546 -20.450001 0.000000 0.000000 -1
0 -17.948444 45.329197 -19.872501 0.416667 0.833333 -1
0 -18.524784 36.162498 -19.539751 0.416667 1.000000 -1
0 -16.948185 53.229210 -20.450001 0.416667 0.666667 -1
0 -16.515173 61.562546 -20.700001 0.416667 0.500000 -1
0 -16.515173 88.645874 -20.700001 0.416667 0.333333 -1
0 -16.515173 96.979218 -20.700001 0.416667 0.166667 -1
0 -16.948185 105.312546 -20.450001 0.416667 0.000000 -1
0 -19.505547 36.162498 -23.200001 0.000000 0.000000 -1
0 -17.685047 105.312546 -23.200001 0.000000 0.000000 -1
0 -19.505547 36.162498 -23.200001 0.500000 1.000000 -1
0 -18.840046 45.329197 -23.200001 0.500000 0.833333 -1
0 -17.685047 53.229210 -23.200001 0.500000 0.666667 -1
0 -17.185047 61.562546 -23.200001 0.500000 0.500000 -1
0 -17.185047 88.645874 -23.200001 0.500000 0.333333 -1
0 -17.185047 96.979218 -23.200001 0.500000 0.166667 -1
0 -17.685047 105.312546 -23.200001 0.500000 0.000000 -1
0 -18.524784 36.162498 -26.860250 0.000000 0.000000 -1
0 -16.948185 105.312546 -25.950001 0.000000 0.000000 -1
0 -17.948444 45.329197 -26.527500 0.583333 0.833333 -1
0 -18.524784 36.162498 -26.860250 0.583333 1.000000 -1
0 -16.948185 53.229210 -25.950001 0.583333 0.666667 -1
0 -16.515173 61.562546 -25.700001 0.583333 0.500000 -1
0 -16.515173 88.645874 -25.700001 0.583333 0.333333 -1
0 -16.515173 96.979218 -25.700001 0.583333 0.166667 -1
0 -16.948185 105.312546 -25.950001 0.583333 0.000000 -1
0 -15.845297 36.162498 -29.539740 0.000000 0.000000 -1
0 -14.935047 105.312546 -27.963140 0.000000 0.000000 -1
0 -15.845297 36.162498 -29.539740 0.666667 1.000000 -1
0 -15.512547 45.329197 -28.963400 0.666667 0.833333 -1
0 -14.935047 53.229210 -27.963140 0.666667 0.666667 -1
0 -14.685047 61.562546 -27.530128 0.666667 0.500000 -1
0 -14.685047 88.645874 -27.530128 0.666667 0.333333 -1
0 -14.685047 96.979218 -27.530128 0.666667 0.166667 -1
0 -14.935047 105.312546 -27.963140 0.666667 0.000000 -1
0 -12.185048 36.162498 -30.520500 0.000000 0.000000 -1
0 -12.185048 105.312546 -28.700001 0.000000 0.000000 -1
0 -12.185048 45.329197 -29.855000 0.750000 0.833333 -1
0 -12.185048 36.162498 -30.520500 0.750000 1.000000 -1
0 -12.185048 53.229210 -28.700001 0.750000 0.666667 -1
0 -12.185048 61.562546 -28.200001 0.750000 0.500000 -1
0 -12.185048 88.645874 -28.200001 0.750000 0.333333 -1
0 -12.185048 96.979218 -28.200001 0.750000 0.166667 -1
0 -12.185048 105.312546 -28.700001 0.750000 0.000000 -1
0 -8.524800 36.162498 -29.539740 0.000000 0.000000 -1
0 -9.435050 105.312546 -27.963140 0.000000 0.000000 -1
0 -8.524800 36.162498 -29.539740 0.833333 1.000000 -1
0 -8.857550 45.329197 -28.963400 0.833333 0.833333 -1
0 -9.435050 53.229210 -27.963140 0.833333 0.666667 -1
0 -9.685050 61.562546 -27.530128 0.833333 0.500000 -1
0 -9.685050 88.645874 -27.530128 0.833333 0.333333 -1
0 -9.685050 96.979218 -27.530128 0.833333 0.166667 -1
0 -9.435050 105.312546 -27.963140 0.833333 0.000000 -1
0 -5.845313 36.162498 -26.860250 0.000000 0.000000 -1
0 -7.421912 105.312546 -25.950001 0.000000 0.000000 -1
0 -6.421653 45.329197 -26.527500 0.916667 0.833333 -1
0 -5.845313 36.162498 -26.860250 0.916667 1.000000 -1
0 -7.421912 53.229210 -25.950001 0.916667 0.666667 -1
0 -7.854924 61.562546 -25.700001 0.916667 0.500000 -1
0 -7.854924 88.645874 -25.700001 0.916667 0.333333 -1
0 -7.854924 96.979218 -25.700001 0.916667 0.166667 -1
0 -7.421912 105.312546 -25.950001 0.916667 0.000000 -1
0 -4.864552 36.162498 -23.200001 1.000000 1.000000 -1
0 -5.530051 45.329197 -23.200001 1.000000 0.833333 -1
0 -6.685051 53.229210 -23.200001 1.000000 0.666667 -1
0 -7.185051 61.562546 -23.200001 1.000000 0.500000 -1
0 -7.185051 88.645874 -23.200001 1.000000 0.333333 -1
0 -7.185051 96.979218 -23.200001 1.000000 0.166667 -1
0 -6.685051 105.312546 -23.200001 1.000000 0.000000 -1
0 19.424337 36.162498 -23.200001 0.000000 0.000000 -1
0 18.443575 36.162498 -19.539751 0.000000 0.000000 -1
0 12.103838 36.162498 -23.200001 0.000000 0.000000 -1
0 17.603838 105.312546 -23.200001 0.000000 0.000000 -1
0 12.103838 105.312546 -23.200001 0.000000 0.000000 -1
0 16.866976 105.312546 -20.450001 0.000000 0.000000 -1
0 19.424337 36.162498 -23.200001 0.000000 1.000000 -1
0 18.758841 45.329197 -23.200001 0.000000 0.833333 -1
0 17.867229 45.329197 -19.872501 0.083333 0.833333 -1
0 18.443575 36.162498 -19.539751 0.083333 1.000000 -1
0 17.603838 53.229210 -23.200001 0.000000 0.666667 -1
0 16.866976 53.229210 -20.450001 0.083333 0.666667 -1
0 17.103836 61.562546 -23.200001 0.000000 0.500000 -1
0 16.433964 61.562546 -20.700001 0.083333 0.500000 -1
0 17.103836 88.645874 -23.200001 0.000000 0.333333 -1
0 16.433964 88.645874 -20.700001 0.083333 0.333333 -1
0 17.103836 96.979218 -23.200001 0.000000 0.166667 -1
0 16.433964 96.979218 -20.700001 0.083333 0.166667 -1
0 16.866976 105.312546 -20.450001 0.083333 0.000000 -1
0 15.764088 36.162498 -16.860262 0.000000 0.000000 -1
0 14.853838 105.312546 -18.436861 0.000000 0.000000 -1
0 15.764088 36.162498 -16.860262 0.166667 1.000000 -1
0 15.431335 45.329197 -17.436602 0.166667 0.833333 -1
0 14.853838 53.229210 -18.436861 0.166667 0.666667 -1
0 14.603838 61.562546 -18.869873 0.166667 0.500000 -1
0 14.603838 88.645874 -18.869873 0.166667 0.333333 -1
0 14.603838 96.979218 -18.869873 0.166667 0.166667 -1
0 14.853838 105.312546 -18.436861 0.166667 0.000000 -1
0 12.103838 36.162498 -15.879501 0.000000 0.000000 -1
0 12.103838 105.312546 -17.700001 0.000000 0.000000 -1
0 12.103838 45.329197 -16.545002 0.250000 0.833333 -1
0 12.103838 36.162498 -15.879501 0.250000 1.000000 -1
0 12.103838 53.229210 -17.700001 0.250000 0.666667 -1
0 12.103838 61.562546 -18.200001 0.250000 0.500000 -1
0 12.103838 88.645874 -18.200001 0.250000 0.333333 -1
0 12.103838 96.979218 -18.200001 0.250000 0.166667 -1
0 12.103838 105.312546 -17.700001 0.250000 0.000000 -1
0 8.443588 36.162498 -16.860262 0.000000 0.000000 -1
0 9.353840 105.312546 -18.436861 0.000000 0.000000 -1
0 8.443588 36.162498 -16.860262 0.333333 1.000000 -1
0 8.776340 45.329197 -17.436602 0.333333 0.833333 -1
0 9.353840 53.229210 -18.436861 0.333333 0.666667 -1
0 9.603840 61.562546 -18.869873 0.333333 0.500000 -1
0 9.603840 88.645874 -18.869873 0.333333 0.333333 -1
0 9.603840 96.979218 -18.869873 0.333333 0.166667 -1
0 9.353840 105.312546 -18.436861 0.333333 0.000000 -1
0 5.764103 36.162498 -19.539751 0.000000 0.000000 -1
0 7.340702 105.312546 -20.450001 0.000000 0.000000 -1
0 6.340445 45.329197 -19.872501 0.416667 0.833333 -1
0 5.764103 36.162498 -19.539751 0.416667 1.000000 -1
0 7.340702 53.229210 -20.450001 0.416667 0.666667 -1
0 7.773714 61.562546 -20.700001 0.416667 0.500000 -1
0 7.773714 88.645874 -20.700001 0.416667 0.333333 -1
0 7.773714 96.979218 -20.700001 0.416667 0.166667 -1
0 7.340702 105.312546 -20.450001 0.416667 0.000000 -1
0 4.783342 36.162498 -23.200001 0.000000 0.000000 -1
0 6.603840 105.312546 -23.200001 0.000000 0.000000 -1
0 4.783342 36.162498 -23.200001 0.500000 1.000000 -1
0 5.448841 45.329197 -23.200001 0.500000 0.833333 -1
0 6.603840 53.229210 -23.200001 0.500000 0.666667 -1
0 7.103840 61.562546 -23.200001 0.500000 0.500000 -1
0 7.103840 88.645874 -23.200001 0.500000 0.333333 -1
0 7.103840 96.979218 -23.200001 0.500000 0.166667 -1
0 6.603840 105.312546 -23.200001 0.500000 0.000000 -1
0 5.764103 36.162498 -26.860250 0.000000 0.000000 -1
0 7.340702 105.312546 -25.950001 0.000000 0.000000 -1
0 6.340445 45.329197 -26.527500 0.583333 0.833333 -1
0 5.764103 36.162498 -26.860250 0.583333 1.000000 -1
0 7.340702 53.229210 -25.950001 0.583333 0.666667 -1
0 7.773714 61.562546 -25.700001 0.583333 0.500000 -1
0 7.773714 88.645874 -25.700001 0.583333 0.333333 -1
0 7.773714 96.979218 -25.700001 0.583333 0.166667 -1
0 7.340702 105.312546 -25.950001 0.583333 0.000000 -1
0 8.443588 36.162498 -29.539740 0.000000 0.000000 -1
0 9.353840 105.312546 -27.963140 0.000000 0.000000 -1
0 8.443588 36.162498 -29.539740 0.666667 1.000000 -1
0 8.776340 45.329197 -28.963400 0.666667 0.833333 -1
0 9.353840 53.229210 -27.963140 0.666667 0.666667 -1
0 9.603840 61.562546 -27.530128 0.666667 0.500000 -1
0 9.603840 88.645874 -27.530128 0.666667 0.333333 -1
0 9.603840 96.979218 -27.530128 0.666667 0.166667 -1
0 9.353840 105.312546 -27.963140 0.666667 0.000000 -1
0 12.103838 36.162498 -30.520500 0.000000 0.000000 -1
0 12.103838 105.312546 -28.700001 0.000000 0.000000 -1
0 12.103838 45.329197 -29.855000 0.750000 0.833333 -1
0 12.103838 36.162498 -30.520500 0.750000 1.000000 -1
0 12.103838 53.229210 -28.700001 0.750000 0.666667 -1
0 12.103838 61.562546 -28.200001 0.750000 0.500000 -1
0 12.103838 88.645874 -28.200001 0.750000 0.333333 -1
0 12.103838 96.979218 -28.200001 0.750000 0.166667 -1
0 12.103838 105.312546 -28.700001 0.750000 0.000000 -1
0 15.764088 36.162498 -29.539740 0.000000 0.000000 -1
0 14.853838 105.312546 -27.963140 0.000000 0.000000 -1
0 15.764088 36.162498 -29.539740 0.833333 1.000000 -1
0 15.431335 45.329197 -28.963400 0.833333 0.833333 -1
0 14.853838 53.229210 -27.963140 0.833333 0.666667 -1
0 14.603838 61.562546 -27.530128 0.833333 0.500000 -1
0 14.603838 88.645874 -27.530128 0.833333 0.333333 -1
0 14.603838 96.979218 -27.530128 0.833333 0.166667 -1
0 14.853838 105.312546 -27.963140 0.833333 0.000000 -1
0 18.443575 36.162498 -26.860250 0.000000 0.000000 -1
0 16.866976 105.312546 -25.950001 0.000000 0.000000 -1
0 17.867229 45.329197 -26.527500 0.916667 0.833333 -1
0 18.443575 36.162498 -26.860250 0.916667 1.000000 -1
0 16.866976 53.229210 -25.950001 0.916667 0.666667 -1
0 16.433964 61.562546 -25.700001 0.916667 0.500000 -1
0 16.433964 88.645874 -25.700001 0.916667 0.333333 -1
0 16.433964 96.979218 -25.700001 0.916667 0.166667 -1
0 16.866976 105.312546 -25.950001 0.916667 0.000000 -1
0 19.424337 36.162498 -23.200001 1.000000 1.000000 -1
0 18.758841 45.329197 -23.200001 1.000000 0.833333 -1
0 17.603838 53.229210 -23.200001 1.000000 0.666667 -1
0 17.103836 61.562546 -23.200001 1.000000 0.500000 -1
0 17.103836 88.645874 -23.200001 1.000000 0.333333 -1
0 17.103836 96.979218 -23.200001 1.000000 0.166667 -1
0 17.603838 105.312546 -23.200001 1.000000 0.000000 -1
172
0.000000 -1.000000 0.000000
0.000000 1.000000 0.000000
0.963559 0.069954 0.258185
0.960591 0.104958 0.257390
0.860902 0.108618 0.497042
0.863752 0.072409 0.498687
0.961187 0.098930 0.257550
0.861475 0.102384 0.497372
0.965521 0.028941 0.258711
0.865637 0.029961 0.499775
0.965926 0.000000 0.258819
0.866026 0.000000 0.500000
0.965521 -0.028941 0.258711
0.865637 -0.029961 0.499775
0.964308 -0.057858 0.258386
0.864471 -0.059892 0.499102
0.498688 0.072409 0.863752
0.497042 0.108618 0.860902
0.497373 0.102384 0.861474
0.499776 0.029961 0.865637
0.500000 0.000000 0.866025
0.499776 -0.029961 0.865636
0.499103 -0.059892 0.864471
0.000000 0.108618 0.994084
0.000000 0.072409 0.997375
0.000000 0.102384 0.994745
0.000000 0.029961 0.999551
0.000000 0.000000 1.000000
0.000000 -0.029961 0.999551
0.000000 -0.059892 0.998205
-0.498688 0.072409 0.863752
-0.497042 0.108618 0.860902
-0.497373 0.102384 0.861474
-0.499776 0.029961 0.865637
-0.500000 0.000000 0.866025
-0.499776 -0.029961 0.865637
-0.499103 -0.059892 0.864471
-0.860902 0.108618 0.497042
-0.863752 0.072409 0.498688
-0.861474 0.102384 0.497373
-0.865637 0.029961 0.499776
-0.866025 0.000000 0.500000
-0.865637 -0.029961 0.499776
-0.864471 -0.059892 0.499103
-0.997375 0.072409 0.000000
-0.994084 0.108618 0.000000
-0.994745 0.102384 0.000000
-0.999551 0.029961 -0.000000
-1.000000 0.000000 0.000000
-0.999551 -0.029961 0.000000
-0.998205 -0.059892 0.000000
-0.860902 0.108618 -0.497042
-0.863752 0.072409 -0.498688
-0.861474 0.102384 -0.497373
-0.865637 0.029961 -0.499776
-0.866025 0.000000 -0.500000
-0.865637 -0.029961 -0.499776
-0.864471 -0.059892 -0.499103
-0.498688 0.072409 -0.863752
-0.497042 0.108618 -0.860902
-0.497373 0.102384 -0.861474
-0.499776 0.029961 -0.865637
-0.500000 0.000000 -0.866025
-0.499776 -0.029961 -0.865637
-0.499103 -0.059892 -0.864471
0.000000 0.108618 -0.994084
0.000000 0.072409 -0.997375
0.000000 0.102384 -0.994745
0.000000 0.029961 -0.999551
0.000000 0.000000 -1.000000
0.000000 -0.029961 -0.999551
0.000000 -0.059892 -0.998205
0.498688 0.072409 -0.863752
0.497042 0.108618 -0.860902
0.497373 0.102384 -0.861474
0.499776 0.029961 -0.865636
0.500000 0.000000 -0.866025
0.499776 -0.029961 -0.865636
0.499103 -0.059892 -0.864471
0.860902 0.108618 -0.497042
0.863752 0.072409 -0.498687
0.861475 0.102384 -0.497372
0.865637 0.029961 -0.499775
0.866026 0.000000 -0.500000
0.865637 -0.029961 -0.499775
0.864471 -0.059892 -0.499102
0.963559 0.069954 -0.258185
0.960591 0.104958 -0.257390
0.961187 0.098930 -0.257549
0.965521 0.028941 -0.258711
0.965926 0.000000 -0.258819
0.965521 -0.028941 -0.258711
0.964308 -0.057858 -0.258386
0.963559 0.069954 0.258187
0.960590 0.104958 0.257392
0.860901 0.108618 0.497042
0.863752 0.072410 0.498687
0.961187 0.098930 0.257550
0.861474 0.102383 0.497373
0.965521 0.028941 0.258710
0.865637 0.029961 0.499775
0.965926 0.000000 0.258819
0.866026 0.000000 0.500000
0.965521 -0.028941 0.258710
0.865637 -0.029961 0.499775
0.964308 -0.057859 0.258386
0.864471 -0.059892 0.499103
0.498688 0.072409 0.863752
0.497042 0.108618 0.860901
0.497373 0.102383 0.861474
0.499776 0.029961 0.865637
0.500000 0.000000 0.866025
0.499776 -0.029961 0.865637
0.499103 -0.059892 0.864471
-0.000000 0.108618 0.994084
0.000000 0.072409 0.997375
-0.000000 0.102384 0.994745
-0.000000 0.029961 0.999551
-0.000000 0.000000 1.000000
-0.000000 -0.029961 0.999551
-0.000000 -0.059892 0.998205
-0.498688 0.072409 0.863752
-0.497042 0.108618 0.860901
-0.497373 0.102384 0.861474
-0.499776 0.029961 0.865636
-0.500000 0.000000 0.866025
-0.499776 -0.029961 0.865636
-0.499103 -0.059892 0.864471
-0.860902 0.108618 0.497042
-0.863752 0.072409 0.498687
-0.861474 0.102383 0.497373
-0.997375 0.072409 0.000000
-0.994084 0.108618 0.000000
-0.994745 0.102384 0.000000
-0.860902 0.108618 -0.497042
-0.863752 0.072409 -0.498687
-0.861474 0.102383 -0.497373
-0.498688 0.072409 -0.863752
-0.497042 0.108618 -0.860901
-0.497373 0.102384 -0.861474
-0.499776 0.029961 -0.865637
-0.500000 0.000000 -0.866025
-0.499776 -0.029961 -0.865636
-0.499103 -0.059892 -0.864471
-0.000000 0.108618 -0.994084
0.000000 0.072409 -0.997375
-0.000000 0.102384 -0.994745
-0.000000 0.029961 -0.999551
-0.000000 0.000000 -1.000000
-0.000000 -0.029961 -0.999551
-0.000000 -0.059892 -0.998205
0.498688 0.072409 -0.863752
0.497042 0.108618 -0.860901
0.497373 0.102383 -0.861474
0.499776 0.029961 -0.865637
0.500000 0.000000 -0.866025
0.499776 -0.029961 -0.865637
0.499103 -0.059892 -0.864471
0.860901 0.108618 -0.497042
0.863752 0.072410 -0.498687
0.861474 0.102383 -0.497373
0.865637 0.029961 -0.499775
0.866026 0.000000 -0.500000
0.865637 -0.029961 -0.499775
0.864471 -0.059892 -0.499103
0.963559 0.069954 -0.258187
0.960590 0.104958 -0.257392
0.961187 0.098930 -0.257550
0.965521 0.028941 -0.258710
0.965926 0.000000 -0.258819
0.965521 -0.028941 -0.258710
0.964308 -0.057859 -0.258386
336
0 0 1 2 0 0 0 2
0 3 4 5 1 1 1 2
0 6 7 8 2 3 4 1
0 6 8 9 2 4 5 1
0 7 10 8 3 6 4 1
0 10 11 8 6 7 4 1
0 10 12 13 6 8 9 1
0 10 13 11 6 9 7 1
0 12 14 13 8 10 9 1
0 14 15 13 10 11 9 1
0 14 16 17 10 12 13 1
0 14 17 15 10 13 11 1
0 16 3 17 12 14 13 1
0 3 18 17 14 15 13 1
0 1 19 2 0 0 0 2
0 5 4 20 1 1 1 2
0 9 8 21 5 4 16 1
0 8 22 21 4 17 16 1
0 8 11 23 4 7 18 1
0 8 23 22 4 18 17 1
0 11 13 23 7 9 18 1
0 13 24 23 9 19 18 1
0 13 15 25 9 11 20 1
0 13 25 24 9 20 19 1
0 15 17 25 11 13 20 1
0 17 26 25 13 21 20 1
0 17 18 27 13 15 22 1
0 17 27 26 13 22 21 1
0 19 28 2 0 0 0 2
0 20 4 29 1 1 1 2
0 21 22 30 16 17 23 1
0 21 30 31 16 23 24 1
0 22 23 30 17 18 23 1
0 23 32 30 18 25 23 1
0 23 24 33 18 19 26 1
0 23 33 32 18 26 25 1
0 24 25 33 19 20 26 1
0 25 34 33 20 27 26 1
0 25 26 35 20 21 28 1
0 25 35 34 20 28 27 1
0 26 27 35 21 22 28 1
0 27 36 35 22 29 28 1
0 28 37 2 0 0 0 2
0 29 4 38 1 1 1 2
0 31 30 39 24 23 30 1
0 30 40 39 23 31 30 1
0 30 32 41 23 25 32 1
0 30 41 40 23 32 31 1
0 32 33 41 25 26 32 1
0 33 42 41 26 33 32 1
0 33 34 43 26 27 34 1
0 33 43 42 26 34 33 1
0 34 35 43 27 28 34 1
0 35 44 43 28 35 34 1
0 35 36 45 28 29 36 1
0 35 45 44 28 36 35 1
0 37 46 2 0 0 0 2
0 38 4 47 1 1 1 2
0 39 40 48 30 31 37 1
0 39 48 49 30 37 38 1
0 40 41 48 31 32 37 1
0 41 50 48 32 39 37 1
0 41 42 51 32 33 40 1
0 41 51 50 32 40 39 1
0 42 43 51 33 34 40 1
0 43 52 51 34 41 40 1
0 43 44 53 34 35 42 1
0 43 53 52 34 42 41 1
0 44 45 53 35 36 42 1
0 45 54 53 36 43 42 1
0 46 55 2 0 0 0 2
0 47 4 56 1 1 1 2
0 49 48 57 38 37 44 1
0 48 58 57 37 45 44 1
0 48 50 59 37 39 46 1
0 48 59 58 37 46 45 1
0 50 51 59 39 40 46 1
0 51 60 59 40 47 46 1
0 51 52 61 40 41 48 1
0 51 61 60 40 48 47 1
0 52 53 61 41 42 48 1
0 53 62 61 42 49 48 1
0 53 54 63 42 43 50 1
0 53 63 62 42 50 49 1
0 55 64 2 0 0 0 2
0 56 4 65 1 1 1 2
0 57 58 66 44 45 51 1
0 57 66 67 44 51 52 1
0 58 59 66 45 46 51 1
0 59 68 66 46 53 51 1
0 59 60 69 46 47 54 1
0 59 69 68 46 54 53 1
0 60 61 69 47 48 54 1
0 61 70 69 48 55 54 1
0 61 62 71 48 49 56 1
0 61 71 70 48 56 55 1
0 62 63 71 49 50 56 1
0 63 72 71 50 57 56 1
0 64 73 2 0 0 0 2
0 65 4 74 1 1 1 2
0 67 66 75 52 51 58 1
0 66 76 75 51 59 58 1
0 66 68 77 51 53 60 1
0 66 77 76 51 60 59 1
0 68 69 77 53 54 60 1
0 69 78 77 54 61 60 1
0 69 70 79 54 55 62 1
0 69 79 78 54 62 61 1
0 70 71 79 55 56 62 1
0 71 80 79 56 63 62 1
0 71 72 81 56 57 64 1
0 71 81 80 56 64 63 1
0 73 82 2 0 0 0 2
0 74 4 83 1 1 1 2
0 75 76 84 58 59 65 1
0 75 84 85 58 65 66 1
0 76 77 84 59 60 65 1
0 77 86 84 60 67 65 1
0 77 78 87 60 61 68 1
0 77 87 86 60 68 67 1
0 78 79 87 61 62 68 1
0 79 88 87 62 69 68 1
0 79 80 89 62 63 70 1
0 79 89 88 62 70 69 1
0 80 81 89 63 64 70 1
0 81 90 89 64 71 70 1
0 82 91 2 0 0 0 2
0 83 4 92 1 1 1 2
0 85 84 93 66 65 72 1
0 84 94 93 65 73 72 1
0 84 86 95 65 67 74 1
0 84 95 94 65 74 73 1
0 86 87 95 67 68 74 1
0 87 96 95 68 75 74 1
0 87 88 97 68 69 76 1
0 87 97 96 68 76 75 1
0 88 89 97 69 70 76 1
0 89 98 97 70 77 76 1
0 89 90 99 70 71 78 1
0 89 99 98 70 78 77 1
0 91 100 2 0 0 0 2
0 92 4 101 1 1 1 2
0 93 94 102 72 73 79 1
0 93 102 103 72 79 80 1
0 94 95 102 73 74 79 1
0 95 104 102 74 81 79 1
0 95 96 105 74 75 82 1
0 95 105 104 74 82 81 1
0 96 97 105 75 76 82 1
0 97 106 105 76 83 82 1
0 97 98 107 76 77 84 1
0 97 107 106 76 84 83 1
0 98 99 107 77 78 84 1
0 99 108 107 78 85 84 1
0 100 0 2 0 0 0 2
0 101 4 3 1 1 1 2
0 103 102 109 80 79 86 1
0 102 110 109 79 87 86 1
0 102 104 111 79 81 88 1
0 102 111 110 79 88 87 1
0 104 105 111 81 82 88 1
0 105 112 111 82 89 88 1
0 105 106 113 82 83 90 1
0 105 113 112 82 90 89 1
0 106 107 113 83 84 90 1
0 107 114 113 84 91 90 1
0 107 108 115 84 85 92 1
0 107 115 114 84 92 91 1
0 116 117 118 0 0 0 2
0 119 120 121 1 1 1 2
0 122 123 124 93 94 95 1
0 122 124 125 93 95 96 1
0 123 126 124 94 97 95 1
0 126 127 124 97 98 95 1
0 126 128 129 97 99 100 1
0 126 129 127 97 100 98 1
0 128 130 129 99 101 100 1
0 130 131 129 101 102 100 1
0 130 132 133 101 103 104 1
0 130 133 131 101 104 102 1
0 132 119 133 103 105 104 1
0 119 134 133 105 106 104 1
0 117 135 118 0 0 0 2
0 121 120 136 1 1 1 2
0 125 124 137 96 95 107 1
0 124 138 137 95 108 107 1
0 124 127 139 95 98 109 1
0 124 139 138 95 109 108 1
0 127 129 139 98 100 109 1
0 129 140 139 100 110 109 1
0 129 131 141 100 102 111 1
0 129 141 140 100 111 110 1
0 131 133 141 102 104 111 1
0 133 142 141 104 112 111 1
0 133 134 143 104 106 113 1
0 133 143 142 104 113 112 1
0 135 144 118 0 0 0 2
0 136 120 145 1 1 1 2
0 137 138 146 107 108 114 1
0 137 146 147 107 114 115 1
0 138 139 146 108 109 114 1
0 139 148 146 109 116 114 1
0 139 140 149 109 110 117 1
0 139 149 148 109 117 116 1
0 140 141 149 110 111 117 1
0 141 150 149 111 118 117 1
0 141 142 151 111 112 119 1
0 141 151 150 111 119 118 1
0 142 143 151 112 113 119 1
0 143 152 151 113 120 119 1
0 144 153 118 0 0 0 2
0 145 120 154 1 1 1 2
0 147 146 155 115 114 121 1
0 146 156 155 114 122 121 1
0 146 148 157 114 116 123 1
0 146 157 156 114 123 122 1
0 148 149 157 116 117 123 1
0 149 158 157 117 124 123 1
0 149 150 159 117 118 125 1
0 149 159 158 117 125 124 1
0 150 151 159 118 119 125 1
0 151 160 159 119 126 125 1
0 151 152 161 119 120 127 1
0 151 161 160 119 127 126 1
0 153 162 118 0 0 0 2
0 154 120 163 1 1 1 2
0 155 156 164 121 122 128 1
0 155 164 165 121 128 129 1
0 156 157 164 122 123 128 1
0 157 166 164 123 130 128 1
0 157 158 167 123 124 40 1
0 157 167 166 123 40 130 1
0 158 159 167 124 125 40 1
0 159 168 167 125 41 40 1
0 159 160 169 125 126 42 1
0 159 169 168 125 42 41 1
0 160 161 169 126 127 42 1
0 161 170 169 127 43 42 1
0 162 171 118 0 0 0 2
0 163 120 172 1 1 1 2
0 165 164 173 129 128 131 1
0 164 174 173 128 132 131 1
0 164 166 175 128 130 133 1
0 164 175 174 128 133 132 1
0 166 167 175 130 40 133 1
0 167 176 175 40 47 133 1
0 167 168 177 40 41 48 1
0 167 177 176 40 48 47 1
0 168 169 177 41 42 48 1
0 169 178 177 42 49 48 1
0 169 170 179 42 43 50 1
0 169 179 178 42 50 49 1
0 171 180 118 0 0 0 2
0 172 120 181 1 1 1 2
0 173 174 182 131 132 134 1
0 173 182 183 131 134 135 1
0 174 175 182 132 133 134 1
0 175 184 182 133 136 134 1
0 175 176 185 133 47 54 1
0 175 185 184 133 54 136 1
0 176 177 185 47 48 54 1
0 177 186 185 48 55 54 1
0 177 178 187 48 49 56 1
0 177 187 186 48 56 55 1
0 178 179 187 49 50 56 1
0 179 188 187 50 57 56 1
0 180 189 118 0 0 0 2
0 181 120 190 1 1 1 2
0 183 182 191 135 134 137 1
0 182 192 191 134 138 137 1
0 182 184 193 134 136 139 1
0 182 193 192 134 139 138 1
0 184 185 193 136 54 139 1
0 185 194 193 54 140 139 1
0 185 186 195 54 55 141 1
0 185 195 194 54 141 140 1
0 186 187 195 55 56 141 1
0 187 196 195 56 142 141 1
0 187 188 197 56 57 143 1
0 187 197 196 56 143 142 1
0 189 198 118 0 0 0 2
0 190 120 199 1 1 1 2
0 191 192 200 137 138 144 1
0 191 200 201 137 144 145 1
0 192 193 200 138 139 144 1
0 193 202 200 139 146 144 1
0 193 194 203 139 140 147 1
0 193 203 202 139 147 146 1
0 194 195 203 140 141 147 1
0 195 204 203 141 148 147 1
0 195 196 205 141 142 149 1
0 195 205 204 141 149 148 1
0 196 197 205 142 143 149 1
0 197 206 205 143 150 149 1
0 198 207 118 0 0 0 2
0 199 120 208 1 1 1 2
0 201 200 209 145 144 151 1
0 200 210 209 144 152 151 1
0 200 202 211 144 146 153 1
0 200 211 210 144 153 152 1
0 202 203 211 146 147 153 1
0 203 212 211 147 154 153 1
0 203 204 213 147 148 155 1
0 203 213 212 147 155 154 1
0 204 205 213 148 149 155 1
0 205 214 213 149 156 155 1
0 205 206 215 149 150 157 1
0 205 215 214 149 157 156 1
0 207 216 118 0 0 0 2
0 208 120 217 1 1 1 2
0 209 210 218 151 152 158 1
0 209 218 219 151 158 159 1
0 210 211 218 152 153 158 1
0 211 220 218 153 160 158 1
0 211 212 221 153 154 161 1
0 211 221 220 153 161 160 1
0 212 213 221 154 155 161 1
0 213 222 221 155 162 161 1
0 213 214 223 155 156 163 1
0 213 223 222 155 163 162 1
0 214 215 223 156 157 163 1
0 215 224 223 157 164 163 1
0 216 116 118 0 0 0 2
0 217 120 119 1 1 1 2
0 219 218 225 159 158 165 1
0 218 226 225 158 166 165 1
0 218 220 227 158 160 167 1
0 218 227 226 158 167 166 1
0 220 221 227 160 161 167 1
0 221 228 227 161 168 167 1
0 221 222 229 161 162 169 1
0 221 229 228 161 169 168 1
0 222 223 229 162 163 169 1
0 223 230 229 163 170 169 1
0 223 224 231 163 164 171 1
0 223 231 230 163 171 170 1
"frame" 0 3
60
0 -36.133331 40.155846 1.034307 0.000000 0.000000 -1
0 -36.133331 0.155844 1.034307 0.000000 1.000000 -1
0 36.333336 40.155846 1.034307 1.000000 0.000000 -1
0 36.333336 0.155844 1.034307 1.000000 1.000000 -1
0 36.333336 40.155846 1.034307 0.000000 0.000000 -1
0 36.333336 0.155844 1.034307 0.000000 1.000000 -1
0 36.333336 40.155846 -47.232361 1.000000 0.000000 -1
0 36.333336 0.155844 -47.232361 1.000000 1.000000 -1
0 36.333336 40.155846 -47.232361 0.000000 0.000000 -1
0 36.333336 0.155844 -47.232361 0.000000 1.000000 -1
0 -36.133331 40.155846 -47.232361 1.000000 0.000000 -1
0 -36.133331 0.155844 -47.232361 1.000000 1.000000 -1
0 -36.133331 40.155846 -47.232361 0.000000 0.000000 -1
0 -36.133331 0.155844 -47.232361 0.000000 1.000000 -1
0 -36.133331 40.155846 1.034307 1.000000 0.000000 -1
0 -36.133331 0.155844 1.034307 1.000000 1.000000 -1
0 -36.133331 40.155846 1.034307 0.000000 1.000000 -1
0 36.333336 40.155846 1.034307 1.000000 1.000000 -1
0 -36.133331 0.155844 1.034307 0.000000 0.000000 -1
0 36.333336 0.155844 1.034307 1.000000 0.000000 -1
0 4.002752 80.561142 33.538094 0.000000 0.000000 -1
0 4.002752 0.107800 33.538094 0.000000 1.000000 -1
0 36.336063 80.561142 33.538094 1.000000 0.000000 -1
0 36.336063 0.107800 33.538094 1.000000 1.000000 -1
0 36.336063 80.561142 33.538094 0.000000 0.000000 -1
0 36.336063 0.107800 33.538094 0.000000 1.000000 -1
0 36.336063 80.561142 1.204758 1.000000 0.000000 -1
0 36.336063 0.107800 1.204758 1.000000 1.000000 -1
0 36.336063 80.561142 1.204758 0.000000 0.000000 -1
0 36.336063 0.107800 1.204758 0.000000 1.000000 -1
0 4.002752 80.561142 1.204758 1.000000 0.000000 -1
0 4.002752 0.107800 1.204758 1.000000 1.000000 -1
0 4.002752 80.561142 1.204758 0.000000 0.000000 -1
0 4.002752 0.107800 1.204758 0.000000 1.000000 -1
0 4.002752 80.561142 33.538094 1.000000 0.000000 -1
0 4.002752 0.107800 33.538094 1.000000 1.000000 -1
0 4.002752 80.561142 33.538094 0.000000 1.000000 -1
0 36.336063 80.561142 33.538094 1.000000 1.000000 -1
0 4.002752 0.107800 33.538094 0.000000 0.000000 -1
0 36.336063 0.107800 33.538094 1.000000 0.000000 -1
0 -35.980576 48.666668 47.388180 0.000000 0.000000 -1
0 -35.980576 0.084028 47.388180 0.000000 1.000000 -1
0 13.117481 48.666668 47.388180 1.000000 0.000000 -1
0 13.117481 0.084028 47.388180 1.000000 1.000000 -1
0 13.117481 48.666668 47.388180 0.000000 0.000000 -1
0 13.117481 0.084028 47.388180 0.000000 1.000000 -1
0 13.117481 48.666668 1.388174 1.000000 0.000000 -1
0 13.117481 0.084028 1.388174 1.000000 1.000000 -1
0 13.117481 48.666668 1.388174 0.000000 0.000000 -1
0 13.117481 0.084028 1.388174 0.000000 1.000000 -1
0 -35.980576 48.666668 1.388174 1.000000 0.000000 -1
0 -35.980576 0.084028 1.388174 1.000000 1.000000 -1
0 -35.980576 48.666668 1.388174 0.000000 0.000000 -1
0 -35.980576 0.084028 1.388174 0.000000 1.000000 -1
0 -35.980576 48.666668 47.388180 1.000000 0.000000 -1
0 -35.980576 0.084028 47.388180 1.000000 1.000000 -1
0 -35.980576 48.666668 47.388180 0.000000 1.000000 -1
0 13.117481 48.666668 47.388180 1.000000 1.000000 -1
0 -35.980576 0.084028 47.388180 0.000000 0.000000 -1
0 13.117481 0.084028 47.388180 1.000000 0.000000 -1
6
0.000000 0.000000 1.000000
1.000000 0.000000 0.000000
0.000000 0.000000 -1.000000
-1.000000 0.000000 0.000000
0.000000 1.000000 0.000000
0.000000 -1.000000 0.000000
36
0 0 1 2 0 0 0 1
0 1 3 2 0 0 0 1
0 4 5 6 1 1 1 2
0 5 7 6 1 1 1 2
0 8 9 10 2 2 2 1
0 9 11 10 2 2 2 1
0 12 13 14 3 3 3 2
0 13 15 14 3 3 3 2
0 12 16 6 4 4 4 3
0 16 17 6 4 4 4 3
0 18 13 19 5 5 5 3
0 13 7 19 5 5 5 3
0 20 21 22 0 0 0 1
0 21 23 22 0 0 0 1
0 24 25 26 1 1 1 2
0 25 27 26 1 1 1 2
0 28 29 30 2 2 2 1
0 29 31 30 2 2 2 1
0 32 33 34 3 3 3 2
0 33 35 34 3 3 3 2
0 32 36 26 4 4 4 3
0 36 37 26 4 4 4 3
0 38 33 39 5 5 5 3
0 33 27 39 5 5 5 3
0 40 41 42 0 0 0 1
0 41 43 42 0 0 0 1
0 44 45 46 1 1 1 2
0 45 47 46 1 1 1 2
0 48 49 50 2 2 2 1
0 49 51 50 2 2 2 1
0 52 53 54 3 3 3 2
0 53 55 54 3 3 3 2
0 52 56 46 4 4 4 3
0 56 57 46 4 4 4 3
0 58 53 59 5 5 5 3
0 53 47 59 5 5 5 3

Materials: 4
"windows"
0.200000 0.200000 0.200000 1.000000
0.800000 0.800000 0.800000 1.000000
0.000000 0.000000 0.000000 1.000000
0.000000 0.000000 0.000000 1.000000
0.000000
1.000000
"..\factory1\window.bmp"
""
"stacksmoke"
0.200000 0.200000 0.200000 1.000000
0.800000 0.800000 0.800000 1.000000
0.000000 0.000000 0.000000 1.000000
0.000000 0.000000 0.000000 1.000000
0.000000
1.000000
"..\factory1\stacksmoke.bmp"
""
"stacks"
0.200000 0.200000 0.200000 1.000000
0.800000 0.800000 0.800000 1.000000
0.000000 0.000000 0.000000 1.000000
0.000000 0.000000 0.000000 1.000000
0.000000
1.000000
"..\factory1\black.bmp"
""
"framegrey"
0.200000 0.200000 0.200000 1.000000
0.800000 0.800000 0.800000 1.000000
0.000000 0.000000 0.000000 1.000000
0.000000 0.000000 0.000000 1.000000
0.000000
1.000000
"..\factory1\grey.bmp"
""

Bones: 0
