// MilkShape 3D ASCII

Frames: 30
Frame: 1

Meshes: 1
"Sphere06" 1 0
89
1 -2.362159 -1.424542 -1.853566 0.000000 1.000000 -1
1 2.899262 -1.351366 7.034442 0.000000 0.833333 -1
1 -1.028659 -1.351366 3.522569 0.083333 0.833333 -1
1 -2.362159 14.882866 -1.853566 0.000000 0.000000 -1
1 -1.028659 12.771263 3.522569 0.083333 0.166667 -1
1 2.899262 12.771263 7.034442 0.000000 0.166667 -1
1 -2.362159 -1.424542 -1.853566 0.083333 1.000000 -1
1 -2.656138 -1.351366 3.124942 0.166667 0.833333 -1
1 -2.362159 14.882866 -1.853566 0.083333 0.000000 -1
1 -2.656138 12.771263 3.124942 0.166667 0.166667 -1
1 -2.362159 -1.424542 -1.853566 0.166667 1.000000 -1
1 -5.149463 -1.215469 -0.178783 0.250000 0.833333 -1
1 -2.362159 14.882866 -1.853566 0.166667 0.000000 -1
1 -7.886982 10.732834 0.526586 0.250000 0.166667 -1
1 -2.362159 -1.424542 -1.853566 0.250000 1.000000 -1
1 -5.605562 -1.215469 -1.783723 0.333333 0.833333 -1
1 -2.362159 14.882866 -1.853566 0.250000 0.000000 -1
1 -6.020323 12.091789 -2.474005 0.333333 0.166667 -1
1 -2.362159 -1.424542 -1.853566 0.333333 1.000000 -1
1 -5.192593 -1.215469 -3.407380 0.416667 0.833333 -1
1 -2.362159 14.882866 -1.853566 0.333333 0.000000 -1
1 -5.192593 13.790472 -3.407380 0.416667 0.166667 -1
1 -2.362159 -1.424542 -1.853566 0.416667 1.000000 -1
1 -4.021211 -1.215469 -4.614691 0.500000 0.833333 -1
1 -2.362159 14.882866 -1.853566 0.416667 0.000000 -1
1 -4.021211 13.790472 -4.614691 0.500000 0.166667 -1
1 -2.362159 -1.424542 -1.853566 0.500000 1.000000 -1
1 -2.128779 -1.215469 -4.621975 0.583333 0.833333 -1
1 -2.362159 14.882866 -1.853566 0.500000 0.000000 -1
1 -2.128779 13.790472 -4.621975 0.583333 0.166667 -1
1 -2.362159 -1.424542 -1.853566 0.583333 1.000000 -1
1 -0.777808 -1.215469 -4.684532 0.666667 0.833333 -1
1 -2.362159 14.882866 -1.853566 0.583333 0.000000 -1
1 -0.173892 12.431522 -5.047400 0.666667 0.166667 -1
1 -2.362159 -1.424542 -1.853566 0.666667 1.000000 -1
1 0.425145 -1.215469 -3.528347 0.750000 0.833333 -1
1 -2.362159 14.882866 -1.853566 0.666667 0.000000 -1
1 1.029063 12.431522 -3.891218 0.750000 0.166667 -1
1 -2.362159 -1.424542 -1.853566 0.750000 1.000000 -1
1 2.171618 -1.351366 0.224134 0.833333 0.833333 -1
1 -2.362159 14.882866 -1.853566 0.750000 0.000000 -1
1 2.775530 11.412312 -0.138735 0.833333 0.166667 -1
1 -2.362159 -1.424542 -1.853566 0.833333 1.000000 -1
1 1.758646 -1.351366 1.847787 0.916667 0.833333 -1
1 -2.362159 14.882866 -1.853566 0.833333 0.000000 -1
1 1.758646 12.771263 1.847787 0.916667 0.166667 -1
1 -2.362159 -1.424542 -1.853566 0.916667 1.000000 -1
1 2.899262 -1.351366 7.034442 1.000000 0.833333 -1
1 -2.362159 14.882866 -1.853566 0.916667 0.000000 -1
1 2.899262 12.771263 7.034442 1.000000 0.166667 -1
1 5.940133 -1.339607 10.385362 0.000000 0.666667 -1
1 1.995119 -1.339607 10.865940 0.083333 0.666667 -1
1 -6.525842 -1.367918 6.825610 0.166667 0.666667 -1
1 -9.899794 -0.348705 2.675501 0.250000 0.666667 -1
1 -10.689777 -0.348705 -0.104338 0.333333 0.666667 -1
1 -7.167836 1.633099 -4.383784 0.416667 0.666667 -1
1 -5.138944 1.633099 -6.474910 0.500000 0.666667 -1
1 -2.160351 2.652313 -6.985469 0.583333 0.666667 -1
1 1.216431 -0.623002 -7.153920 0.666667 0.666667 -1
1 5.557254 -0.721895 -4.753914 0.750000 0.666667 -1
1 7.568305 -0.753324 0.215100 0.833333 0.666667 -1
1 7.969024 -1.339607 8.294238 0.916667 0.666667 -1
1 5.940133 -1.339607 10.385362 1.000000 0.666667 -1
1 5.486022 5.709950 9.629594 0.000000 0.500000 -1
1 -0.316072 1.378295 13.126694 0.083333 0.500000 -1
1 -4.856810 2.708935 11.068434 0.166667 0.500000 -1
1 -10.259523 5.370212 2.891649 0.250000 0.500000 -1
1 -11.171722 5.370212 -0.318231 0.333333 0.500000 -1
1 -10.249004 4.351001 -3.404477 0.416667 0.500000 -1
1 -5.583487 5.709952 -7.214757 0.500000 0.500000 -1
1 -2.171908 6.729162 -7.850570 0.583333 0.500000 -1
1 1.928769 4.215957 -8.085414 0.666667 0.500000 -1
1 6.591375 4.101769 -5.375279 0.750000 0.500000 -1
1 9.476040 3.202324 0.431257 0.833333 0.500000 -1
1 7.828783 5.709950 7.214970 0.916667 0.500000 -1
1 5.486022 5.709950 9.629594 1.000000 0.500000 -1
1 5.041481 9.786804 8.889750 0.000000 0.333333 -1
1 1.096469 9.786804 9.370333 0.083333 0.333333 -1
1 -5.170904 7.295394 6.011479 0.166667 0.333333 -1
1 -8.544849 8.314606 1.861372 0.250000 0.333333 -1
1 -9.334833 8.314606 -0.918468 0.333333 0.333333 -1
1 -7.167836 9.786800 -4.383784 0.416667 0.333333 -1
1 -5.138944 9.786800 -6.474910 0.500000 0.333333 -1
1 -2.160351 10.806015 -6.985469 0.583333 0.333333 -1
1 1.799140 8.369375 -7.504050 0.666667 0.333333 -1
1 6.139966 8.270485 -5.104044 0.750000 0.333333 -1
1 8.151011 7.355744 -0.135029 0.833333 0.333333 -1
1 7.070374 9.786804 6.798629 0.916667 0.333333 -1
1 5.041481 9.786804 8.889750 1.000000 0.333333 -1
62
-0.012013 -0.999696 -0.021515
0.001489 -0.999994 0.003265
-0.005469 -0.999944 0.009072
0.024148 0.999698 0.004537
-0.270101 0.844216 0.462974
0.177178 0.895678 0.407885
-0.056383 -0.998380 -0.007659
-0.406784 0.742083 0.532766
-0.106874 -0.993671 0.034574
-0.759659 0.636999 0.130959
-0.275464 -0.952778 -0.127803
-0.821322 0.570459 -0.002437
-0.405882 -0.885152 -0.227519
-0.687376 0.722449 -0.074702
-0.220998 -0.801303 -0.555943
-0.329900 0.706974 -0.625582
-0.013076 -0.853114 -0.521561
0.200119 0.788157 -0.582032
-0.077788 -0.937459 -0.339293
0.388273 0.717093 -0.578810
0.060626 -0.996114 -0.063885
0.522172 0.813317 -0.256615
0.059318 -0.997353 -0.042056
0.600322 0.787832 -0.137597
0.010132 -0.999949 -0.000337
0.581127 0.796297 -0.167936
0.323802 -0.685096 0.652530
-0.010187 -0.876463 0.481361
-0.373359 -0.861205 0.344861
-0.656429 -0.706399 0.264766
-0.721379 -0.618470 -0.311621
-0.660039 -0.525239 -0.537096
-0.366198 -0.413094 -0.833818
-0.153543 -0.376555 -0.913581
-0.071748 -0.595841 -0.799891
0.458506 -0.771249 -0.441528
0.567658 -0.807818 -0.158727
0.615331 -0.743816 0.260969
0.518444 0.150498 0.841764
0.054177 -0.045013 0.997516
-0.662604 0.072323 0.745470
-0.863459 0.257522 0.433730
-0.988405 0.144645 -0.046189
-0.819499 -0.135475 -0.556837
-0.440374 -0.010984 -0.897747
-0.119998 -0.000496 -0.992774
0.211147 -0.029035 -0.977023
0.724910 -0.058516 -0.686354
0.986286 -0.018153 -0.164043
0.876590 0.148716 0.457683
0.390081 0.447527 0.804709
-0.200495 0.586322 0.784875
-0.550026 0.589025 0.592047
-0.752371 0.554867 0.355050
-0.806309 0.590392 -0.036097
-0.777297 0.423395 -0.465346
-0.487245 0.346654 -0.801514
-0.030765 0.396130 -0.917679
0.289259 0.388987 -0.874653
0.683787 0.494649 -0.536431
0.810513 0.566332 -0.149456
0.798248 0.560241 0.221204
120
1 0 1 2 0 1 2 1
1 3 4 5 3 4 5 1
1 6 2 7 0 2 6 1
1 8 9 4 3 7 4 1
1 10 7 11 0 6 8 1
1 12 13 9 3 9 7 1
1 14 11 15 0 8 10 1
1 16 17 13 3 11 9 1
1 18 15 19 0 10 12 1
1 20 21 17 3 13 11 1
1 22 19 23 0 12 14 1
1 24 25 21 3 15 13 1
1 26 23 27 0 14 16 1
1 28 29 25 3 17 15 1
1 30 27 31 0 16 18 1
1 32 33 29 3 19 17 1
1 34 31 35 0 18 20 1
1 36 37 33 3 21 19 1
1 38 35 39 0 20 22 1
1 40 41 37 3 23 21 1
1 42 39 43 0 22 24 1
1 44 45 41 3 25 23 1
1 46 43 47 0 24 1 1
1 48 49 45 3 5 25 1
1 1 50 51 1 26 27 1
1 1 51 2 1 27 2 1
1 2 51 7 2 27 6 1
1 51 52 7 27 28 6 1
1 7 52 53 6 28 29 1
1 7 53 11 6 29 8 1
1 11 53 15 8 29 10 1
1 53 54 15 29 30 10 1
1 15 54 55 10 30 31 1
1 15 55 19 10 31 12 1
1 19 55 23 12 31 14 1
1 55 56 23 31 32 14 1
1 23 56 57 14 32 33 1
1 23 57 27 14 33 16 1
1 27 57 31 16 33 18 1
1 57 58 31 33 34 18 1
1 31 58 59 18 34 35 1
1 31 59 35 18 35 20 1
1 35 59 39 20 35 22 1
1 59 60 39 35 36 22 1
1 39 60 61 22 36 37 1
1 39 61 43 22 37 24 1
1 43 61 47 24 37 1 1
1 61 62 47 37 26 1 1
1 50 63 51 26 38 27 1
1 63 64 51 38 39 27 1
1 51 64 65 27 39 40 1
1 51 65 52 27 40 28 1
1 52 65 53 28 40 29 1
1 65 66 53 40 41 29 1
1 53 66 67 29 41 42 1
1 53 67 54 29 42 30 1
1 54 67 55 30 42 31 1
1 67 68 55 42 43 31 1
1 55 68 69 31 43 44 1
1 55 69 56 31 44 32 1
1 56 69 57 32 44 33 1
1 69 70 57 44 45 33 1
1 57 70 71 33 45 46 1
1 57 71 58 33 46 34 1
1 58 71 59 34 46 35 1
1 71 72 59 46 47 35 1
1 59 72 73 35 47 48 1
1 59 73 60 35 48 36 1
1 60 73 61 36 48 37 1
1 73 74 61 48 49 37 1
1 61 74 75 37 49 38 1
1 61 75 62 37 38 26 1
1 63 76 77 38 50 51 1
1 63 77 64 38 51 39 1
1 64 77 65 39 51 40 1
1 77 78 65 51 52 40 1
1 65 78 79 40 52 53 1
1 65 79 66 40 53 41 1
1 66 79 67 41 53 42 1
1 79 80 67 53 54 42 1
1 67 80 81 42 54 55 1
1 67 81 68 42 55 43 1
1 68 81 69 43 55 44 1
1 81 82 69 55 56 44 1
1 69 82 83 44 56 57 1
1 69 83 70 44 57 45 1
1 70 83 71 45 57 46 1
1 83 84 71 57 58 46 1
1 71 84 85 46 58 59 1
1 71 85 72 46 59 47 1
1 72 85 73 47 59 48 1
1 85 86 73 59 60 48 1
1 73 86 87 48 60 61 1
1 73 87 74 48 61 49 1
1 74 87 75 49 61 38 1
1 87 88 75 61 50 38 1
1 76 5 77 50 5 51 1
1 5 4 77 5 4 51 1
1 77 4 9 51 4 7 1
1 77 9 78 51 7 52 1
1 78 9 79 52 7 53 1
1 9 13 79 7 9 53 1
1 79 13 17 53 9 11 1
1 79 17 80 53 11 54 1
1 80 17 81 54 11 55 1
1 17 21 81 11 13 55 1
1 81 21 25 55 13 15 1
1 81 25 82 55 15 56 1
1 82 25 83 56 15 57 1
1 25 29 83 15 17 57 1
1 83 29 33 57 17 19 1
1 83 33 84 57 19 58 1
1 84 33 85 58 19 59 1
1 33 37 85 19 21 59 1
1 85 37 41 59 21 23 1
1 85 41 86 59 23 60 1
1 86 41 87 60 23 61 1
1 41 45 87 23 25 61 1
1 87 45 49 61 25 5 1
1 87 49 88 61 5 50 1

Materials: 1
"Material02"
0.200000 0.200000 0.200000 1.000000
0.800000 0.800000 0.800000 1.000000
0.000000 0.000000 0.000000 1.000000
0.000000 0.000000 0.000000 1.000000
0.000000
1.000000
".\rock2.bmp"
""

Bones: 0
