// MilkShape 3D ASCII

Frames: 30
Frame: 1

Meshes: 6
"black" 0 1
8
0 -0.870101 0.611016 -2.219860 0.056394 0.019446 -1
0 -0.406279 1.496289 -1.548493 0.056463 0.095261 -1
0 0.088239 0.121143 -2.215852 0.056588 0.020495 -1
0 0.551318 0.996287 -1.550753 0.056656 0.095604 -1
0 -0.250896 -0.533307 -1.118587 0.016578 0.020654 -1
0 0.212182 0.341838 -0.453488 0.016646 0.095764 -1
0 -1.209237 -0.043441 -1.122604 0.016384 0.019605 -1
0 -0.745413 0.841841 -0.451229 0.016453 0.095421 -1
18
0.256553 0.495103 -0.830092
0.256554 0.495104 -0.830092
0.256556 0.495104 -0.830091
0.885124 -0.465338 -0.003977
0.885124 -0.465338 -0.003976
0.885124 -0.465337 -0.003975
-0.256557 -0.495103 0.830091
-0.256557 -0.495103 0.830091
-0.256557 -0.495103 0.830091
-0.886436 0.462846 0.002087
-0.886436 0.462847 0.002087
-0.886435 0.462848 0.002087
-0.375961 -0.740077 -0.557619
-0.375966 -0.740077 -0.557616
-0.375972 -0.740077 -0.557612
0.385241 0.735288 0.557620
0.385242 0.735288 0.557620
0.385242 0.735288 0.557621
12
0 0 1 2 0 1 1 1
0 1 3 2 1 2 1 1
0 2 3 4 3 4 4 2
0 3 5 4 4 5 4 2
0 4 5 6 6 7 7 1
0 5 7 6 7 8 7 1
0 6 7 0 9 10 10 2
0 7 1 0 10 11 10 2
0 6 0 4 12 13 13 3
0 0 2 4 13 14 13 3
0 1 7 3 15 16 16 3
0 7 5 3 16 17 16 3
"pinholdr" 0 1
51
0 0.343883 -0.438092 -0.920937 0.674271 0.152711 -1
0 0.330874 -0.384386 -0.982770 0.692606 0.152639 -1
0 0.068942 -0.294533 -0.920284 0.673818 0.152365 -1
0 0.264318 -0.589954 -1.036107 0.674176 0.106916 -1
0 -0.010623 -0.446393 -1.035457 0.673723 0.106571 -1
0 0.251310 -0.536241 -1.097935 0.692510 0.106845 -1
0 0.330625 -0.463399 -0.940130 0.674256 0.145079 -1
0 0.317613 -0.409691 -1.001964 0.692590 0.145007 -1
0 0.317362 -0.488718 -0.959324 0.674239 0.137446 -1
0 0.304353 -0.435003 -1.021159 0.692574 0.137375 -1
0 0.304104 -0.514024 -0.978520 0.674223 0.129814 -1
0 0.291092 -0.460313 -1.040358 0.692559 0.129742 -1
0 0.290842 -0.539337 -0.997713 0.674207 0.122181 -1
0 0.277831 -0.485623 -1.059549 0.692543 0.122109 -1
0 0.277580 -0.564645 -1.016913 0.674193 0.114549 -1
0 0.264570 -0.510935 -1.078743 0.692526 0.114477 -1
0 0.278942 -0.295164 -1.064536 0.716818 0.152500 -1
0 0.199380 -0.447026 -1.179700 0.716722 0.106706 -1
0 0.265680 -0.320477 -1.083729 0.716801 0.144867 -1
0 0.252420 -0.345788 -1.102926 0.716786 0.137235 -1
0 0.239160 -0.371095 -1.122122 0.716770 0.129603 -1
0 0.225901 -0.396407 -1.141317 0.716754 0.121970 -1
0 0.212638 -0.421718 -1.160506 0.716737 0.114338 -1
0 0.118530 -0.198839 -1.080739 0.721473 0.152282 -1
0 0.038966 -0.350700 -1.195902 0.721376 0.106488 -1
0 0.105272 -0.224145 -1.099925 0.721456 0.144651 -1
0 0.092013 -0.249454 -1.119119 0.721440 0.137019 -1
0 0.078750 -0.274766 -1.138316 0.721424 0.129386 -1
0 0.065486 -0.300078 -1.157512 0.721408 0.121753 -1
0 0.052226 -0.325387 -1.176708 0.721392 0.114120 -1
0 0.020295 -0.388409 -0.762895 0.627072 0.152445 -1
0 0.190959 -0.464949 -0.779869 0.632271 0.152646 -1
0 -0.059269 -0.540271 -0.878056 0.626975 0.106651 -1
0 0.111396 -0.616814 -0.895038 0.632174 0.106851 -1
0 0.007032 -0.413722 -0.782086 0.627055 0.144812 -1
0 0.177701 -0.490258 -0.799065 0.632255 0.145014 -1
0 -0.006224 -0.439026 -0.801278 0.627040 0.137182 -1
0 0.164440 -0.515571 -0.818262 0.632239 0.137381 -1
0 -0.019488 -0.464341 -0.820477 0.627023 0.129548 -1
0 0.151178 -0.540883 -0.837458 0.632223 0.129748 -1
0 -0.032748 -0.489650 -0.839669 0.627007 0.121916 -1
0 0.137920 -0.566192 -0.856653 0.632208 0.122115 -1
0 -0.046010 -0.514957 -0.858864 0.626991 0.114284 -1
0 0.124658 -0.591501 -0.875847 0.632191 0.114483 -1
0 0.292606 -0.458229 -0.858946 0.655831 0.152703 -1
0 0.213039 -0.610098 -0.974116 0.655734 0.106907 -1
0 0.279344 -0.483546 -0.878141 0.655814 0.145070 -1
0 0.266082 -0.508853 -0.897336 0.655798 0.137438 -1
0 0.252822 -0.534168 -0.916532 0.655782 0.129805 -1
0 0.239561 -0.559481 -0.935729 0.655766 0.122172 -1
0 0.226300 -0.584785 -0.954920 0.655750 0.114541 -1
65
0.385264 0.735312 0.557573
0.385255 0.735284 0.557616
0.385241 0.735297 0.557608
-0.385238 -0.735265 -0.557653
-0.385238 -0.735283 -0.557629
-0.385227 -0.735267 -0.557659
0.886450 -0.462819 -0.002083
0.886461 -0.462799 -0.002088
0.879897 -0.110533 -0.462129
0.879887 -0.110567 -0.462140
0.886447 -0.462826 -0.002070
0.879913 -0.110509 -0.462104
0.886442 -0.462835 -0.002089
0.879902 -0.110527 -0.462122
0.886427 -0.462863 -0.002112
0.879886 -0.110565 -0.462142
0.886419 -0.462878 -0.002132
0.879886 -0.110552 -0.462146
0.886433 -0.462853 -0.002120
0.879886 -0.110559 -0.462145
0.385241 0.735295 0.557611
-0.385223 -0.735299 -0.557619
0.634914 0.227237 -0.738409
0.634937 0.227290 -0.738372
0.634957 0.227332 -0.738342
0.634952 0.227336 -0.738345
0.634925 0.227265 -0.738390
0.634923 0.227249 -0.738397
0.634949 0.227296 -0.738361
0.385226 0.735319 0.557590
-0.385219 -0.735305 -0.557613
0.349411 0.443016 -0.825620
0.349383 0.442946 -0.825670
0.349425 0.443055 -0.825593
0.349416 0.443063 -0.825593
0.349410 0.443066 -0.825594
0.349416 0.443020 -0.825616
0.349409 0.443009 -0.825625
0.385225 0.735285 0.557635
0.385219 0.735285 0.557640
-0.385260 -0.735286 -0.557611
-0.385252 -0.735285 -0.557616
-0.160745 -0.541428 0.825237
-0.160775 -0.541541 0.825157
0.170582 -0.650550 0.740059
0.170558 -0.650599 0.740021
-0.160786 -0.541570 0.825136
0.170564 -0.650594 0.740024
-0.160772 -0.541547 0.825154
0.170558 -0.650592 0.740027
-0.160764 -0.541554 0.825151
0.170560 -0.650598 0.740021
-0.160750 -0.541509 0.825183
0.170589 -0.650546 0.740061
-0.160730 -0.541459 0.825220
0.170610 -0.650513 0.740085
0.385242 0.735306 0.557596
-0.385248 -0.735287 -0.557617
0.588639 -0.661150 0.465172
0.588675 -0.661088 0.465213
0.588614 -0.661170 0.465175
0.588632 -0.661148 0.465184
0.588610 -0.661189 0.465152
0.588624 -0.661183 0.465145
0.588659 -0.661140 0.465160
84
0 0 1 2 0 1 2 2
0 3 4 5 3 4 5 2
0 0 6 7 6 7 8 1
0 0 7 1 6 8 9 1
0 6 8 7 7 10 8 1
0 8 9 7 10 11 8 1
0 8 10 11 10 12 13 1
0 8 11 9 10 13 11 1
0 10 12 11 12 14 13 1
0 12 13 11 14 15 13 1
0 12 14 15 14 16 17 1
0 12 15 13 14 17 15 1
0 14 3 15 16 18 17 1
0 3 5 15 18 19 17 1
0 1 16 2 1 20 2 2
0 5 4 17 5 4 21 2
0 1 7 16 9 8 22 1
0 7 18 16 8 23 22 1
0 7 9 19 8 11 24 1
0 7 19 18 8 24 23 1
0 9 11 19 11 13 24 1
0 11 20 19 13 25 24 1
0 11 13 21 13 15 26 1
0 11 21 20 13 26 25 1
0 13 15 21 15 17 26 1
0 15 22 21 17 27 26 1
0 15 5 17 17 19 28 1
0 15 17 22 17 28 27 1
0 16 23 2 20 29 2 2
0 17 4 24 21 4 30 2
0 16 18 25 22 23 31 1
0 16 25 23 22 31 32 1
0 18 19 25 23 24 31 1
0 19 26 25 24 33 31 1
0 19 20 27 24 25 34 1
0 19 27 26 24 34 33 1
0 20 21 27 25 26 34 1
0 21 28 27 26 35 34 1
0 21 22 29 26 27 36 1
0 21 29 28 26 36 35 1
0 22 17 29 27 28 36 1
0 17 24 29 28 37 36 1
0 30 31 2 38 39 2 2
0 32 4 33 40 4 41 2
0 30 34 31 42 43 44 1
0 34 35 31 43 45 44 1
0 34 36 37 43 46 47 1
0 34 37 35 43 47 45 1
0 36 38 37 46 48 47 1
0 38 39 37 48 49 47 1
0 38 40 41 48 50 51 1
0 38 41 39 48 51 49 1
0 40 42 41 50 52 51 1
0 42 43 41 52 53 51 1
0 42 32 33 52 54 55 1
0 42 33 43 52 55 53 1
0 31 44 2 39 56 2 2
0 33 4 45 41 4 57 2
0 31 35 46 44 45 58 1
0 31 46 44 44 58 59 1
0 35 37 46 45 47 58 1
0 37 47 46 47 60 58 1
0 37 39 48 47 49 61 1
0 37 48 47 47 61 60 1
0 39 41 48 49 51 61 1
0 41 49 48 51 62 61 1
0 41 43 50 51 53 63 1
0 41 50 49 51 63 62 1
0 43 33 50 53 55 63 1
0 33 45 50 55 64 63 1
0 44 0 2 56 0 2 2
0 45 4 3 57 4 3 2
0 44 46 0 59 58 6 1
0 46 6 0 58 7 6 1
0 46 47 8 58 60 10 1
0 46 8 6 58 10 7 1
0 47 48 8 60 61 10 1
0 48 10 8 61 12 10 1
0 48 49 12 61 62 14 1
0 48 12 10 61 14 12 1
0 49 50 12 62 63 14 1
0 50 14 12 63 16 14 1
0 50 45 3 63 64 18 1
0 50 3 14 63 18 16 1
"case" 0 0
140
0 2.211488 2.350876 0.566507 0.438836 0.075081 -1
0 0.977964 2.994947 0.569416 0.436936 0.075679 -1
0 2.224734 2.781644 -0.010666 0.467194 0.075022 -1
0 2.364467 2.642860 0.787938 0.187894 0.020765 -1
0 2.473446 2.400209 0.676886 0.187914 0.018219 -1
0 2.501518 2.920500 -0.028563 0.207467 0.018184 -1
0 2.377715 3.073636 0.210771 0.203892 0.020736 -1
0 2.211488 2.350876 0.566507 0.180610 0.012799 -1
0 2.224734 2.781644 -0.010666 0.197177 0.012769 -1
0 1.903913 3.269571 -0.432409 0.487865 0.074929 -1
0 2.056894 3.561553 -0.210968 0.215551 0.020690 -1
0 2.141881 3.499893 -0.544107 0.221724 0.018130 -1
0 1.903913 3.269571 -0.432409 0.209252 0.012723 -1
0 1.334983 3.683905 -0.585712 0.495308 0.074828 -1
0 1.490884 3.983142 -0.731575 0.226862 0.018073 -1
0 1.487967 3.975898 -0.364269 0.219749 0.020640 -1
0 1.334983 3.683905 -0.585712 0.213600 0.012673 -1
0 0.670390 3.913642 -0.429497 0.487529 0.074746 -1
0 0.823374 4.205635 -0.208061 0.215361 0.020600 -1
0 0.722968 4.240768 -0.540758 0.221505 0.018026 -1
0 0.670390 3.913642 -0.429497 0.209055 0.012632 -1
0 0.088214 3.897220 -0.005627 0.466613 0.074704 -1
0 0.043896 4.203727 -0.022770 0.207089 0.018004 -1
0 0.241197 4.189208 0.215808 0.203562 0.020579 -1
0 0.088214 3.897220 -0.005627 0.196836 0.012611 -1
0 -0.255559 3.639025 0.572324 0.438163 0.074714 -1
0 -0.102576 3.931013 0.793757 0.187514 0.020584 -1
0 -0.364387 3.881959 0.683580 0.187477 0.018010 -1
0 -0.255559 3.639025 0.572324 0.180217 0.012616 -1
0 -0.268804 3.208261 1.149499 0.409804 0.074774 -1
0 -0.392462 3.361670 1.389044 0.167923 0.018045 -1
0 -0.115823 3.500244 1.370927 0.171517 0.020613 -1
0 -0.268804 3.208261 1.149499 0.163650 0.012646 -1
0 0.052016 2.720334 1.571236 0.389134 0.074866 -1
0 0.204999 3.012322 1.792671 0.159857 0.020659 -1
0 -0.032826 2.782278 1.904588 0.153666 0.018099 -1
0 0.052016 2.720334 1.571236 0.151574 0.012692 -1
0 0.620948 2.305986 1.724535 0.381691 0.074968 -1
0 0.618176 2.299025 2.092053 0.148528 0.018157 -1
0 0.773926 2.597977 1.945969 0.155659 0.020709 -1
0 0.620948 2.305986 1.724535 0.147226 0.012742 -1
0 1.285537 2.076253 1.568322 0.389470 0.075049 -1
0 1.438519 2.368249 1.789762 0.160046 0.020750 -1
0 1.386088 2.041398 1.901237 0.153885 0.018203 -1
0 1.285537 2.076253 1.568322 0.151770 0.012783 -1
0 1.867720 2.092689 1.144458 0.410386 0.075091 -1
0 2.065161 2.078441 1.383245 0.168301 0.018226 -1
0 2.020699 2.384672 1.365890 0.171846 0.020770 -1
0 1.867720 2.092689 1.144458 0.163990 0.012804 -1
0 3.117433 3.953672 1.802485 0.437458 0.133837 -1
0 3.131376 4.406961 1.195134 0.467300 0.133774 -1
0 1.819425 4.631412 1.805538 0.437104 0.133644 -1
0 1.177462 0.250945 -1.005565 0.437070 0.002154 -1
0 -0.120548 0.928689 -1.002507 0.436716 0.001961 -1
0 1.191403 0.704233 -1.612921 0.466912 0.002091 -1
0 2.794103 3.336547 1.334474 0.437393 0.111889 -1
0 2.808052 3.789847 0.727124 0.467236 0.111827 -1
0 2.470774 2.719431 0.866464 0.437329 0.089942 -1
0 2.484721 3.172719 0.259112 0.467171 0.089880 -1
0 2.147445 2.102307 0.398453 0.437264 0.067995 -1
0 2.161386 2.555597 -0.208896 0.467107 0.067932 -1
0 1.824119 1.485182 -0.069553 0.437200 0.046048 -1
0 1.838059 1.938474 -0.676900 0.467042 0.045985 -1
0 1.500790 0.868062 -0.537564 0.437135 0.024101 -1
0 1.514728 1.321350 -1.144907 0.466976 0.024038 -1
0 2.793778 4.920395 0.751343 0.489051 0.133677 -1
0 0.853807 1.217668 -2.056701 0.488663 0.001994 -1
0 2.470452 4.303272 0.283343 0.488986 0.111730 -1
0 2.147121 3.686153 -0.184672 0.488922 0.089782 -1
0 1.823797 3.069032 -0.652681 0.488857 0.067835 -1
0 1.500466 2.451908 -1.120685 0.488793 0.045888 -1
0 1.177133 1.834784 -1.588695 0.488728 0.023941 -1
0 2.195117 5.356405 0.590030 0.496883 0.133570 -1
0 0.255133 1.653664 -2.218019 0.496495 0.001887 -1
0 1.871782 4.739279 0.122024 0.496818 0.111623 -1
0 1.548450 4.122153 -0.345985 0.496754 0.089676 -1
0 1.225120 3.505028 -0.813991 0.496688 0.067729 -1
0 0.901788 2.887908 -1.282008 0.496625 0.045782 -1
0 0.578463 2.270786 -1.750012 0.496560 0.023835 -1
0 1.495778 5.598148 0.754414 0.488698 0.133484 -1
0 -0.444205 1.895412 -2.053647 0.488310 0.001801 -1
0 1.172446 4.981023 0.286405 0.488632 0.111537 -1
0 0.849118 4.363899 -0.181611 0.488568 0.089590 -1
0 0.525783 3.746773 -0.649617 0.488503 0.067642 -1
0 0.202453 3.129653 -1.117627 0.488439 0.045695 -1
0 -0.120875 2.512531 -1.585632 0.488374 0.023748 -1
0 0.883150 5.580849 1.200436 0.466687 0.133440 -1
0 -1.056818 1.878129 -1.607617 0.466300 0.001757 -1
0 0.559836 4.963736 0.732429 0.466623 0.111493 -1
0 0.236500 4.346606 0.264421 0.466558 0.089546 -1
0 -0.086831 3.729491 -0.203591 0.466493 0.067598 -1
0 -0.410159 3.112369 -0.671598 0.466428 0.045651 -1
0 -0.733489 2.495246 -1.139604 0.466364 0.023704 -1
0 0.521417 5.309167 1.808607 0.436751 0.133451 -1
0 -1.418558 1.606441 -0.999451 0.436363 0.001768 -1
0 0.198090 4.692047 1.340598 0.436686 0.111504 -1
0 -0.125237 4.074928 0.872589 0.436620 0.089557 -1
0 -0.448571 3.457800 0.404576 0.436557 0.067609 -1
0 -0.771901 2.840677 -0.063432 0.436492 0.045662 -1
0 -1.095231 2.223557 -0.531442 0.436428 0.023715 -1
0 0.507475 4.855875 2.415949 0.406909 0.133513 -1
0 -1.432502 1.153147 -0.392106 0.406521 0.001830 -1
0 0.184148 4.238757 1.947942 0.406843 0.111566 -1
0 -0.139181 3.621637 1.479938 0.406779 0.089619 -1
0 -0.462511 3.004513 1.011923 0.406715 0.067672 -1
0 -0.785841 2.387388 0.543914 0.406650 0.045725 -1
0 -1.109175 1.770266 0.075902 0.406585 0.023777 -1
0 0.845074 4.342446 2.859734 0.385158 0.133611 -1
0 -1.094904 0.639712 0.051676 0.384770 0.001928 -1
0 0.521745 3.725326 2.391727 0.385093 0.111664 -1
0 0.198412 3.108197 1.923713 0.385029 0.089717 -1
0 -0.124917 2.491076 1.455705 0.384964 0.067769 -1
0 -0.448245 1.873954 0.987699 0.384899 0.045822 -1
0 -0.771579 1.256830 0.519690 0.384835 0.023875 -1
0 1.443742 3.906444 3.021060 0.377326 0.133717 -1
0 -0.496231 0.203710 0.212997 0.376938 0.002034 -1
0 1.120416 3.289322 2.553041 0.377262 0.111770 -1
0 0.797085 2.672198 2.085034 0.377197 0.089822 -1
0 0.473754 2.055075 1.617021 0.377132 0.067875 -1
0 0.150425 1.437951 1.149012 0.377068 0.045928 -1
0 -0.172902 0.820833 0.681010 0.377003 0.023981 -1
0 2.143080 3.664697 2.856670 0.385512 0.133803 -1
0 0.203105 -0.038037 0.048618 0.385124 0.002121 -1
0 1.819751 3.047580 2.388664 0.385447 0.111856 -1
0 1.496419 2.430454 1.920656 0.385382 0.089909 -1
0 1.173090 1.813329 1.452644 0.385318 0.067962 -1
0 0.849761 1.196205 0.984637 0.385254 0.046015 -1
0 0.526432 0.579085 0.516624 0.385188 0.024067 -1
0 2.755697 3.681988 2.410644 0.407521 0.133847 -1
0 0.815717 -0.020747 -0.397409 0.407134 0.002165 -1
0 2.432364 3.064861 1.942637 0.407457 0.111900 -1
0 2.109036 2.447740 1.474629 0.407392 0.089953 -1
0 1.785706 1.830618 1.006619 0.407328 0.068006 -1
0 1.462375 1.213496 0.538610 0.407263 0.046059 -1
0 1.139048 0.596370 0.070597 0.407199 0.024112 -1
0 0.230153 -0.148055 -0.841517 0.456882 0.182724 -1
0 -0.010410 -0.597377 -1.204170 0.457217 0.178444 -1
0 0.195824 -0.165153 -0.821767 0.456157 0.182623 -1
0 -0.036530 -0.596107 -1.125042 0.455678 0.178683 -1
0 0.177070 -0.198241 -0.801411 0.455340 0.182485 -1
162
-0.385239 -0.735291 -0.557618
-0.385241 -0.735288 -0.557621
-0.385239 -0.735289 -0.557621
0.883568 0.227978 0.409065
0.886625 -0.462485 -0.001811
0.901214 -0.168799 -0.399150
0.874427 0.458344 0.159057
0.317275 -0.854389 -0.411529
0.287773 -0.662732 -0.691356
-0.385237 -0.735290 -0.557621
0.708992 0.703879 0.043399
0.685516 0.177049 -0.706202
0.081841 -0.493946 -0.865633
-0.385240 -0.735290 -0.557619
0.256735 0.495442 -0.829834
0.462788 0.886217 0.021153
-0.185362 -0.350857 -0.917900
-0.385247 -0.735287 -0.557618
0.172520 0.983994 0.044648
-0.249136 0.665064 -0.704004
-0.455297 -0.213482 -0.864367
-0.385244 -0.735285 -0.557623
-0.655069 0.643793 -0.395493
-0.123096 0.979184 0.161388
-0.710844 -0.141318 -0.689006
-0.385242 -0.735288 -0.557620
-0.316413 0.854538 0.411883
-0.886246 0.463209 0.002356
-0.883939 -0.227183 -0.408704
-0.385245 -0.735288 -0.557617
-0.900837 0.169523 0.399694
-0.286871 0.663082 0.691395
-0.874829 -0.457796 -0.158423
-0.385248 -0.735283 -0.557623
-0.081126 0.494482 0.865394
-0.685147 -0.176348 0.706736
-0.709285 -0.703634 -0.042583
-0.385245 -0.735284 -0.557623
-0.256373 -0.494754 0.830356
0.185744 0.351590 0.917542
-0.462793 -0.886235 -0.020276
-0.385235 -0.735287 -0.557626
0.455329 0.214360 0.864133
0.249500 -0.664370 0.704530
-0.172151 -0.984095 -0.043841
-0.385234 -0.735290 -0.557623
0.655443 -0.643082 0.396030
0.710626 0.142227 0.689044
0.123771 -0.979201 -0.160768
0.385236 0.735292 0.557619
0.385236 0.735291 0.557621
0.385241 0.735287 0.557622
-0.385238 -0.735288 -0.557623
-0.385240 -0.735287 -0.557623
-0.385242 -0.735288 -0.557620
0.886435 -0.462848 -0.002084
0.886434 -0.462851 -0.002085
0.895956 -0.153288 -0.416852
0.895958 -0.153286 -0.416849
0.886434 -0.462850 -0.002086
0.895955 -0.153291 -0.416854
0.886437 -0.462845 -0.002086
0.895956 -0.153290 -0.416852
0.886436 -0.462847 -0.002086
0.895955 -0.153289 -0.416854
0.886435 -0.462848 -0.002090
0.895955 -0.153287 -0.416854
0.886435 -0.462849 -0.002087
0.895958 -0.153283 -0.416850
0.385243 0.735283 0.557626
-0.385239 -0.735287 -0.557623
0.665403 0.197343 -0.719926
0.665403 0.197347 -0.719926
0.665402 0.197349 -0.719926
0.665401 0.197348 -0.719927
0.665403 0.197345 -0.719926
0.665405 0.197345 -0.719925
0.665404 0.197349 -0.719924
0.385246 0.735278 0.557631
-0.385237 -0.735291 -0.557620
0.256557 0.495100 -0.830093
0.256554 0.495097 -0.830096
0.256556 0.495099 -0.830094
0.256555 0.495103 -0.830092
0.256557 0.495104 -0.830091
0.256557 0.495101 -0.830093
0.256559 0.495099 -0.830093
0.385233 0.735281 0.557635
-0.385242 -0.735289 -0.557618
-0.221036 0.660192 -0.717837
-0.221034 0.660195 -0.717834
-0.221033 0.660194 -0.717836
-0.221029 0.660192 -0.717838
-0.221033 0.660194 -0.717836
-0.221033 0.660195 -0.717835
-0.221029 0.660197 -0.717834
0.385238 0.735287 0.557625
-0.385243 -0.735288 -0.557619
-0.639397 0.648387 -0.413238
-0.639400 0.648383 -0.413239
-0.639397 0.648390 -0.413234
-0.639396 0.648389 -0.413236
-0.639398 0.648386 -0.413238
-0.639396 0.648389 -0.413236
-0.639395 0.648392 -0.413234
0.385248 0.735286 0.557618
-0.385240 -0.735286 -0.557624
-0.886437 0.462845 0.002086
-0.886435 0.462848 0.002085
-0.886434 0.462850 0.002086
-0.886435 0.462848 0.002089
-0.886435 0.462848 0.002088
-0.886434 0.462850 0.002086
-0.886434 0.462849 0.002087
0.385245 0.735286 0.557620
-0.385239 -0.735284 -0.557627
-0.895955 0.153287 0.416855
-0.895955 0.153286 0.416855
-0.895955 0.153288 0.416854
-0.895955 0.153288 0.416854
-0.895954 0.153289 0.416855
-0.895955 0.153288 0.416853
-0.895955 0.153286 0.416854
0.385242 0.735292 0.557615
-0.385238 -0.735286 -0.557626
-0.665406 -0.197348 0.719923
-0.665402 -0.197347 0.719926
-0.665403 -0.197347 0.719926
-0.665403 -0.197346 0.719926
-0.665402 -0.197345 0.719927
-0.665404 -0.197348 0.719924
-0.665406 -0.197351 0.719922
0.385246 0.735291 0.557614
-0.385240 -0.735286 -0.557625
-0.256557 -0.495103 0.830091
-0.256562 -0.495109 0.830086
-0.256558 -0.495101 0.830092
-0.256558 -0.495101 0.830092
-0.256557 -0.495099 0.830093
-0.256556 -0.495103 0.830092
-0.256560 -0.495103 0.830090
0.385241 0.735290 0.557618
-0.385242 -0.735284 -0.557625
0.221034 -0.660196 0.717834
0.221032 -0.660193 0.717837
0.221032 -0.660193 0.717837
0.221032 -0.660192 0.717837
0.221033 -0.660194 0.717836
0.221034 -0.660195 0.717835
0.221034 -0.660194 0.717835
0.385234 0.735292 0.557621
-0.385238 -0.735284 -0.557629
0.639396 -0.648388 0.413238
0.639398 -0.648386 0.413238
0.639397 -0.648388 0.413236
0.639397 -0.648387 0.413237
0.639396 -0.648387 0.413238
0.639396 -0.648388 0.413237
0.639395 -0.648391 0.413235
-0.590797 0.674114 -0.443316
-0.761542 0.602080 -0.239902
-0.874623 0.484457 -0.018322
230
0 0 1 2 0 1 2 2
0 3 4 5 3 4 5 1
0 3 5 6 3 5 6 1
0 4 7 5 4 7 5 1
0 7 8 5 7 8 5 1
0 2 1 9 2 1 9 2
0 6 5 10 6 5 10 1
0 5 11 10 5 11 10 1
0 5 8 12 5 8 12 1
0 5 12 11 5 12 11 1
0 9 1 13 9 1 13 2
0 10 11 14 10 11 14 1
0 10 14 15 10 14 15 1
0 11 12 14 11 12 14 1
0 12 16 14 12 16 14 1
0 13 1 17 13 1 17 2
0 15 14 18 15 14 18 1
0 14 19 18 14 19 18 1
0 14 16 20 14 16 20 1
0 14 20 19 14 20 19 1
0 17 1 21 17 1 21 2
0 18 19 22 18 19 22 1
0 18 22 23 18 22 23 1
0 19 20 22 19 20 22 1
0 20 24 22 20 24 22 1
0 21 1 25 21 1 25 2
0 23 22 26 23 22 26 1
0 22 27 26 22 27 26 1
0 22 24 28 22 24 28 1
0 22 28 27 22 28 27 1
0 25 1 29 25 1 29 2
0 26 27 30 26 27 30 1
0 26 30 31 26 30 31 1
0 27 28 30 27 28 30 1
0 28 32 30 28 32 30 1
0 29 1 33 29 1 33 2
0 31 30 34 31 30 34 1
0 30 35 34 30 35 34 1
0 30 32 36 30 32 36 1
0 30 36 35 30 36 35 1
0 33 1 37 33 1 37 2
0 34 35 38 34 35 38 1
0 34 38 39 34 38 39 1
0 35 36 38 35 36 38 1
0 36 40 38 36 40 38 1
0 37 1 41 37 1 41 2
0 39 38 42 39 38 42 1
0 38 43 42 38 43 42 1
0 38 40 44 38 40 44 1
0 38 44 43 38 44 43 1
0 41 1 45 41 1 45 2
0 42 43 46 42 43 46 1
0 42 46 47 42 46 47 1
0 43 44 46 43 44 46 1
0 44 48 46 44 48 46 1
0 45 1 0 45 1 0 2
0 47 46 3 47 46 3 1
0 46 4 3 46 4 3 1
0 46 48 7 46 48 7 1
0 46 7 4 46 7 4 1
0 49 50 51 49 50 51 2
0 52 53 54 52 53 54 2
0 49 55 56 55 56 57 1
0 49 56 50 55 57 58 1
0 55 57 56 56 59 57 1
0 57 58 56 59 60 57 1
0 57 59 60 59 61 62 1
0 57 60 58 59 62 60 1
0 59 61 60 61 63 62 1
0 61 62 60 63 64 62 1
0 61 63 64 63 65 66 1
0 61 64 62 63 66 64 1
0 63 52 64 65 67 66 1
0 52 54 64 67 68 66 1
0 50 65 51 50 69 51 2
0 54 53 66 54 53 70 2
0 50 56 65 58 57 71 1
0 56 67 65 57 72 71 1
0 56 58 68 57 60 73 1
0 56 68 67 57 73 72 1
0 58 60 68 60 62 73 1
0 60 69 68 62 74 73 1
0 60 62 70 62 64 75 1
0 60 70 69 62 75 74 1
0 62 64 70 64 66 75 1
0 64 71 70 66 76 75 1
0 64 54 66 66 68 77 1
0 64 66 71 66 77 76 1
0 65 72 51 69 78 51 2
0 66 53 73 70 53 79 2
0 65 67 74 71 72 80 1
0 65 74 72 71 80 81 1
0 67 68 74 72 73 80 1
0 68 75 74 73 82 80 1
0 68 69 76 73 74 83 1
0 68 76 75 73 83 82 1
0 69 70 76 74 75 83 1
0 70 77 76 75 84 83 1
0 70 71 78 75 76 85 1
0 70 78 77 75 85 84 1
0 71 66 78 76 77 85 1
0 66 73 78 77 86 85 1
0 72 79 51 78 87 51 2
0 73 53 80 79 53 88 2
0 72 74 79 81 80 89 1
0 74 81 79 80 90 89 1
0 74 75 82 80 82 91 1
0 74 82 81 80 91 90 1
0 75 76 82 82 83 91 1
0 76 83 82 83 92 91 1
0 76 77 84 83 84 93 1
0 76 84 83 83 93 92 1
0 77 78 84 84 85 93 1
0 78 85 84 85 94 93 1
0 78 73 80 85 86 95 1
0 78 80 85 85 95 94 1
0 79 86 51 87 96 51 2
0 80 53 87 88 53 97 2
0 79 81 88 89 90 98 1
0 79 88 86 89 98 99 1
0 81 82 88 90 91 98 1
0 82 89 88 91 100 98 1
0 82 83 90 91 92 101 1
0 82 90 89 91 101 100 1
0 83 84 90 92 93 101 1
0 84 91 90 93 102 101 1
0 84 85 92 93 94 103 1
0 84 92 91 93 103 102 1
0 85 80 92 94 95 103 1
0 80 87 92 95 104 103 1
0 86 93 51 96 105 51 2
0 87 53 94 97 53 106 2
0 86 88 93 99 98 107 1
0 88 95 93 98 108 107 1
0 88 89 96 98 100 109 1
0 88 96 95 98 109 108 1
0 89 90 96 100 101 109 1
0 90 97 96 101 110 109 1
0 90 91 98 101 102 111 1
0 90 98 97 101 111 110 1
0 91 92 98 102 103 111 1
0 92 99 98 103 112 111 1
0 92 87 94 103 104 113 1
0 92 94 99 103 113 112 1
0 93 100 51 105 114 51 2
0 94 53 101 106 53 115 2
0 93 95 102 107 108 116 1
0 93 102 100 107 116 117 1
0 95 96 102 108 109 116 1
0 96 103 102 109 118 116 1
0 96 97 104 109 110 119 1
0 96 104 103 109 119 118 1
0 97 98 104 110 111 119 1
0 98 105 104 111 120 119 1
0 98 99 106 111 112 121 1
0 98 106 105 111 121 120 1
0 99 94 106 112 113 121 1
0 94 101 106 113 122 121 1
0 100 107 51 114 123 51 2
0 101 53 108 115 53 124 2
0 100 102 107 117 116 125 1
0 102 109 107 116 126 125 1
0 102 103 110 116 118 127 1
0 102 110 109 116 127 126 1
0 103 104 110 118 119 127 1
0 104 111 110 119 128 127 1
0 104 105 112 119 120 129 1
0 104 112 111 119 129 128 1
0 105 106 112 120 121 129 1
0 106 113 112 121 130 129 1
0 106 101 108 121 122 131 1
0 106 108 113 121 131 130 1
0 107 114 51 123 132 51 2
0 108 53 115 124 53 133 2
0 107 109 116 125 126 134 1
0 107 116 114 125 134 135 1
0 109 110 116 126 127 134 1
0 110 117 116 127 136 134 1
0 110 111 118 127 128 137 1
0 110 118 117 127 137 136 1
0 111 112 118 128 129 137 1
0 112 119 118 129 138 137 1
0 112 113 120 129 130 139 1
0 112 120 119 129 139 138 1
0 113 108 120 130 131 139 1
0 108 115 120 131 140 139 1
0 114 121 51 132 141 51 2
0 115 53 122 133 53 142 2
0 114 116 121 135 134 143 1
0 116 123 121 134 144 143 1
0 116 117 124 134 136 145 1
0 116 124 123 134 145 144 1
0 117 118 124 136 137 145 1
0 118 125 124 137 146 145 1
0 118 119 126 137 138 147 1
0 118 126 125 137 147 146 1
0 119 120 126 138 139 147 1
0 120 127 126 139 148 147 1
0 120 115 122 139 140 149 1
0 120 122 127 139 149 148 1
0 121 128 51 141 150 51 2
0 122 53 129 142 53 151 2
0 121 123 130 143 144 152 1
0 121 130 128 143 152 153 1
0 123 124 130 144 145 152 1
0 124 131 130 145 154 152 1
0 124 125 132 145 146 155 1
0 124 132 131 145 155 154 1
0 125 126 132 146 147 155 1
0 126 133 132 147 156 155 1
0 126 127 134 147 148 157 1
0 126 134 133 147 157 156 1
0 127 122 134 148 149 157 1
0 122 129 134 149 158 157 1
0 128 49 51 150 49 51 2
0 129 53 52 151 53 52 2
0 128 130 49 153 152 55 1
0 130 55 49 152 56 55 1
0 130 131 57 152 154 59 1
0 130 57 55 152 59 56 1
0 131 132 57 154 155 59 1
0 132 59 57 155 61 59 1
0 132 133 61 155 156 63 1
0 132 61 59 155 63 61 1
0 133 134 61 156 157 63 1
0 134 63 61 157 65 63 1
0 134 129 52 157 158 67 1
0 134 52 63 157 67 65 1
0 135 136 137 159 159 160 1
0 137 138 139 160 161 161 1
"tips" 0 2
74
0 1.236746 0.187506 -1.025081 0.691927 0.087893 -1
0 -0.133835 0.903146 -1.021847 0.691600 0.087694 -1
0 1.251465 0.666141 -1.666391 0.719452 0.087828 -1
0 1.310814 0.662045 -0.719154 0.691930 0.101875 -1
0 1.494667 0.309619 -0.872536 0.691981 0.094921 -1
0 1.511022 0.841432 -1.585091 0.722565 0.094849 -1
0 1.324063 1.092816 -1.296334 0.716704 0.101817 -1
0 0.894993 1.208285 -2.134981 0.739514 0.087728 -1
0 1.003238 1.580737 -1.718071 0.734759 0.101727 -1
0 1.114942 1.443809 -2.105753 0.744856 0.094738 -1
0 0.262852 1.668656 -2.305320 0.746738 0.087618 -1
0 0.412561 1.955337 -2.295022 0.752883 0.094616 -1
0 0.434312 1.995077 -1.871372 0.741262 0.101628 -1
0 -0.475583 1.923922 -2.131747 0.739188 0.087529 -1
0 -0.230282 2.224808 -1.715160 0.734466 0.101548 -1
0 -0.407921 2.238958 -2.102166 0.744494 0.094517 -1
0 -1.122450 1.905662 -1.660792 0.718887 0.087483 -1
0 -1.126659 2.218680 -1.578870 0.721937 0.094466 -1
0 -0.812460 2.208389 -1.291296 0.716195 0.101507 -1
0 -1.504416 1.618785 -1.018618 0.691274 0.087494 -1
0 -1.156227 1.950197 -0.713336 0.691343 0.101517 -1
0 -1.551064 1.899931 -0.865349 0.691256 0.094479 -1
0 -1.519135 1.140152 -0.377319 0.663748 0.087559 -1
0 -1.567419 1.368116 -0.152797 0.660672 0.094550 -1
0 -1.169479 1.519427 -0.136168 0.666571 0.101575 -1
0 -1.162670 0.598016 0.091275 0.643686 0.087660 -1
0 -0.848654 1.031500 0.285569 0.648514 0.101666 -1
0 -1.171349 0.765738 0.367869 0.638381 0.094662 -1
0 -0.530523 0.137636 0.261614 0.636462 0.087769 -1
0 -0.468962 0.254203 0.557125 0.630354 0.094784 -1
0 -0.279723 0.617161 0.438870 0.642012 0.101765 -1
0 0.207910 -0.117625 0.088043 0.644012 0.087858 -1
0 0.384867 0.387426 0.282659 0.648808 0.101845 -1
0 0.351521 -0.029415 0.364276 0.638743 0.094883 -1
0 0.854776 -0.099368 -0.382920 0.664314 0.087903 -1
0 1.070260 -0.009132 -0.159014 0.661300 0.094933 -1
0 0.967047 0.403856 -0.141206 0.667079 0.101886 -1
0 0.596181 5.655999 2.038579 0.691639 0.227573 -1
0 1.966775 4.940354 2.035344 0.691966 0.227772 -1
0 0.978146 5.942879 1.396410 0.719252 0.227561 -1
0 0.522112 5.181464 1.732648 0.691636 0.213590 -1
0 0.338256 5.533884 1.886022 0.691584 0.220544 -1
0 0.762661 5.852643 1.172505 0.722266 0.220532 -1
0 0.865877 5.439651 1.154696 0.716487 0.213580 -1
0 1.625021 5.961132 0.925442 0.739554 0.227607 -1
0 1.448058 5.456070 0.730819 0.734758 0.213620 -1
0 1.481407 5.872911 0.649225 0.744823 0.220582 -1
0 2.363466 5.705863 0.751874 0.747105 0.227696 -1
0 2.301890 5.589287 0.456363 0.753212 0.220681 -1
0 2.112655 5.226337 0.574619 0.741553 0.213700 -1
0 2.995595 5.245475 0.922210 0.739880 0.227805 -1
0 2.681577 4.811984 0.727914 0.735051 0.213799 -1
0 3.004290 5.077775 0.645623 0.745186 0.220804 -1
0 3.352073 4.703341 1.390813 0.719818 0.227906 -1
0 3.400352 4.475376 1.166281 0.722894 0.220914 -1
0 3.002412 4.324065 1.149658 0.716996 0.213890 -1
0 3.337354 4.224704 2.032110 0.692292 0.227970 -1
0 2.989161 3.893305 1.726832 0.692223 0.213948 -1
0 3.383997 3.943568 1.878840 0.692310 0.220986 -1
0 2.955389 3.937836 2.674279 0.664680 0.227982 -1
0 2.959589 3.624815 2.592354 0.661630 0.220998 -1
0 2.645392 3.635108 2.304775 0.667371 0.213958 -1
0 2.308520 3.919578 3.145244 0.644378 0.227937 -1
0 2.063207 3.618681 2.728641 0.649100 0.213917 -1
0 2.240862 3.604544 3.115664 0.639072 0.220949 -1
0 1.570091 4.174847 3.318824 0.636827 0.227847 -1
0 1.420370 3.888167 3.308518 0.630683 0.220849 -1
0 1.398619 3.848419 2.884855 0.642305 0.213837 -1
0 0.937939 4.635227 3.148475 0.644051 0.227738 -1
0 0.829694 4.262766 2.731559 0.648806 0.213738 -1
0 0.717989 4.399696 3.119257 0.638710 0.220728 -1
0 0.581457 5.177373 2.679876 0.664114 0.227637 -1
0 0.321898 5.002071 2.598588 0.661001 0.220616 -1
0 0.508856 4.750691 2.309816 0.666863 0.213648 -1
98
-0.385241 -0.735288 -0.557621
-0.385240 -0.735287 -0.557623
-0.385244 -0.735285 -0.557623
0.864856 0.265837 0.425858
0.936758 -0.338889 0.087400
0.946154 -0.033335 -0.321995
0.870973 0.464795 0.159283
0.546663 -0.782603 -0.297813
0.554737 -0.520264 -0.649302
-0.385240 -0.735286 -0.557624
0.722796 0.690149 -0.035501
0.718589 0.312752 -0.621140
0.359353 -0.223136 -0.906132
-0.385241 -0.735288 -0.557620
0.315036 0.606647 -0.729885
0.460027 0.881518 -0.106308
0.012879 0.029178 -0.999491
-0.385239 -0.735286 -0.557625
0.153078 0.987623 -0.034161
-0.156370 0.769600 -0.619083
-0.391841 0.169084 -0.904362
-0.385235 -0.735289 -0.557623
-0.569308 0.757952 -0.318429
-0.115808 0.980038 0.161600
-0.746369 0.159095 -0.646237
-0.385240 -0.735289 -0.557620
-0.274579 0.860789 0.428543
-0.813148 0.574816 0.091521
-0.955718 0.001855 -0.294278
-0.385239 -0.735286 -0.557624
-0.822547 0.269265 0.500912
-0.280699 0.661830 0.695118
-0.963785 -0.260474 0.057202
-0.385238 -0.735286 -0.557625
-0.132518 0.436477 0.889903
-0.594982 -0.076831 0.800058
-0.768411 -0.557614 0.314024
-0.385240 -0.735286 -0.557624
-0.191429 -0.370731 0.908798
0.130244 0.245101 0.960709
-0.421943 -0.809938 0.407387
-0.385241 -0.735284 -0.557625
0.437194 0.139001 0.888561
0.279974 -0.533678 0.797999
-0.017219 -0.949840 0.312262
-0.385239 -0.735285 -0.557626
0.692918 -0.522027 0.497345
0.706081 0.146589 0.692793
0.337311 -0.939835 0.054139
0.385241 0.735288 0.557621
0.385244 0.735287 0.557620
0.385240 0.735287 0.557623
-0.864853 -0.265840 -0.425862
-0.936761 0.338879 -0.087407
-0.692917 0.522025 -0.497349
-0.706087 -0.146593 -0.692785
-0.546668 0.782600 0.297812
-0.337311 0.939835 -0.054137
0.385241 0.735286 0.557623
-0.437192 -0.138982 -0.888565
-0.279967 0.533679 -0.798001
0.017213 0.949830 -0.312294
0.385249 0.735283 0.557622
0.191427 0.370732 -0.908798
-0.130246 -0.245109 -0.960707
0.421948 0.809916 -0.407426
0.385248 0.735287 0.557617
0.132527 -0.436467 -0.889906
0.595006 0.076875 -0.800036
0.768409 0.557625 -0.314010
0.385242 0.735289 0.557619
0.822549 -0.269265 -0.500908
0.280693 -0.661843 -0.695109
0.963786 0.260467 -0.057216
0.385246 0.735286 0.557620
0.274574 -0.860790 -0.428543
0.813140 -0.574827 -0.091526
0.955720 -0.001874 0.294271
0.385243 0.735288 0.557620
0.569309 -0.757954 0.318421
0.115814 -0.980035 -0.161611
0.746371 -0.159119 0.646229
0.385248 0.735284 0.557621
-0.153074 -0.987624 0.034178
0.156379 -0.769588 0.619096
0.391846 -0.169095 0.904358
0.385246 0.735289 0.557616
-0.315034 -0.606644 0.729888
-0.460034 -0.881512 0.106322
-0.012889 -0.029200 0.999490
0.385237 0.735291 0.557619
-0.722794 -0.690150 0.035507
-0.718582 -0.312748 0.621151
-0.359345 0.223145 0.906133
0.385241 0.735287 0.557621
-0.946154 0.033338 0.321995
-0.870975 -0.464792 -0.159283
-0.554730 0.520272 0.649301
120
0 0 1 2 0 1 2 2
0 3 4 5 3 4 5 1
0 3 5 6 3 5 6 1
0 4 0 5 4 7 5 1
0 0 2 5 7 8 5 1
0 2 1 7 2 1 9 2
0 6 5 8 6 5 10 1
0 5 9 8 5 11 10 1
0 5 2 7 5 8 12 1
0 5 7 9 5 12 11 1
0 7 1 10 9 1 13 2
0 8 9 11 10 11 14 1
0 8 11 12 10 14 15 1
0 9 7 11 11 12 14 1
0 7 10 11 12 16 14 1
0 10 1 13 13 1 17 2
0 12 11 14 15 14 18 1
0 11 15 14 14 19 18 1
0 11 10 13 14 16 20 1
0 11 13 15 14 20 19 1
0 13 1 16 17 1 21 2
0 14 15 17 18 19 22 1
0 14 17 18 18 22 23 1
0 15 13 17 19 20 22 1
0 13 16 17 20 24 22 1
0 16 1 19 21 1 25 2
0 18 17 20 23 22 26 1
0 17 21 20 22 27 26 1
0 17 16 19 22 24 28 1
0 17 19 21 22 28 27 1
0 19 1 22 25 1 29 2
0 20 21 23 26 27 30 1
0 20 23 24 26 30 31 1
0 21 19 23 27 28 30 1
0 19 22 23 28 32 30 1
0 22 1 25 29 1 33 2
0 24 23 26 31 30 34 1
0 23 27 26 30 35 34 1
0 23 22 25 30 32 36 1
0 23 25 27 30 36 35 1
0 25 1 28 33 1 37 2
0 26 27 29 34 35 38 1
0 26 29 30 34 38 39 1
0 27 25 29 35 36 38 1
0 25 28 29 36 40 38 1
0 28 1 31 37 1 41 2
0 30 29 32 39 38 42 1
0 29 33 32 38 43 42 1
0 29 28 31 38 40 44 1
0 29 31 33 38 44 43 1
0 31 1 34 41 1 45 2
0 32 33 35 42 43 46 1
0 32 35 36 42 46 47 1
0 33 31 35 43 44 46 1
0 31 34 35 44 48 46 1
0 34 1 0 45 1 0 2
0 36 35 3 47 46 3 1
0 35 4 3 46 4 3 1
0 35 34 0 46 48 7 1
0 35 0 4 46 7 4 1
0 37 38 39 49 50 51 2
0 40 41 42 52 53 54 1
0 40 42 43 52 54 55 1
0 41 37 42 53 56 54 1
0 37 39 42 56 57 54 1
0 39 38 44 51 50 58 2
0 43 42 45 55 54 59 1
0 42 46 45 54 60 59 1
0 42 39 44 54 57 61 1
0 42 44 46 54 61 60 1
0 44 38 47 58 50 62 2
0 45 46 48 59 60 63 1
0 45 48 49 59 63 64 1
0 46 44 48 60 61 63 1
0 44 47 48 61 65 63 1
0 47 38 50 62 50 66 2
0 49 48 51 64 63 67 1
0 48 52 51 63 68 67 1
0 48 47 50 63 65 69 1
0 48 50 52 63 69 68 1
0 50 38 53 66 50 70 2
0 51 52 54 67 68 71 1
0 51 54 55 67 71 72 1
0 52 50 54 68 69 71 1
0 50 53 54 69 73 71 1
0 53 38 56 70 50 74 2
0 55 54 57 72 71 75 1
0 54 58 57 71 76 75 1
0 54 53 56 71 73 77 1
0 54 56 58 71 77 76 1
0 56 38 59 74 50 78 2
0 57 58 60 75 76 79 1
0 57 60 61 75 79 80 1
0 58 56 60 76 77 79 1
0 56 59 60 77 81 79 1
0 59 38 62 78 50 82 2
0 61 60 63 80 79 83 1
0 60 64 63 79 84 83 1
0 60 59 62 79 81 85 1
0 60 62 64 79 85 84 1
0 62 38 65 82 50 86 2
0 63 64 66 83 84 87 1
0 63 66 67 83 87 88 1
0 64 62 66 84 85 87 1
0 62 65 66 85 89 87 1
0 65 38 68 86 50 90 2
0 67 66 69 88 87 91 1
0 66 70 69 87 92 91 1
0 66 65 68 87 89 93 1
0 66 68 70 87 93 92 1
0 68 38 71 90 50 94 2
0 69 70 72 91 92 95 1
0 69 72 73 91 95 96 1
0 70 68 72 92 93 95 1
0 68 71 72 93 97 95 1
0 71 38 37 94 50 49 2
0 73 72 40 96 95 52 1
0 72 41 40 95 53 52 1
0 72 71 37 95 97 56 1
0 72 37 41 95 56 53 1
"pin" 0 4
123
0 0.195824 -0.165153 -0.821767 0.692792 0.227586 -1
0 -0.033343 -0.592729 -1.167932 0.744360 0.217086 -1
0 -0.036530 -0.596107 -1.125042 0.741463 0.214356 -1
0 -0.010410 -0.597377 -1.204170 0.746652 0.219573 -1
0 0.270862 -0.151524 -0.855361 0.692695 0.232456 -1
0 0.230153 -0.148055 -0.841517 0.692550 0.230663 -1
0 0.177070 -0.198241 -0.801411 0.693358 0.224051 -1
0 0.178917 -0.238449 -0.785900 0.694095 0.221002 -1
0 0.445993 -0.215231 -0.400840 0.658024 0.208107 -1
0 0.451762 -0.179768 -0.376963 0.654437 0.208866 -1
0 0.369105 -0.188651 -0.382768 0.657385 0.206287 -1
0 0.330846 -0.251395 -0.837554 0.694637 0.227692 -1
0 0.328995 -0.211187 -0.853074 0.693900 0.230740 -1
0 0.117240 -0.649267 -1.161187 0.742743 0.217998 -1
0 0.435381 -0.146691 -0.354647 0.651640 0.208934 -1
0 0.307041 -0.174630 -0.859589 0.693188 0.232484 -1
0 0.066480 -0.623951 -1.222238 0.747291 0.221393 -1
0 0.401243 -0.124856 -0.339863 0.650383 0.208292 -1
0 0.358498 -0.120109 -0.336566 0.651000 0.207113 -1
0 0.318588 -0.133742 -0.345664 0.653330 0.205712 -1
0 0.292219 -0.162076 -0.364699 0.656745 0.204466 -1
0 0.286448 -0.197532 -0.388576 0.660332 0.203707 -1
0 0.302828 -0.230618 -0.410897 0.663130 0.203639 -1
0 0.200872 -0.275006 -0.779388 0.694807 0.219259 -1
0 0.014226 -0.621424 -1.063996 0.736916 0.210960 -1
0 0.336965 -0.252454 -0.425679 0.664387 0.204280 -1
0 0.237049 -0.298117 -0.783615 0.695301 0.219287 -1
0 0.379714 -0.257195 -0.428969 0.663769 0.205460 -1
0 0.277762 -0.301582 -0.797460 0.695446 0.221080 -1
0 0.091117 -0.647995 -1.082067 0.737555 0.212782 -1
0 0.419622 -0.243568 -0.419877 0.661440 0.206861 -1
0 0.312091 -0.284484 -0.817202 0.695203 0.224156 -1
0 0.444309 -0.218371 -0.403385 0.658403 0.208030 -1
0 0.367422 -0.191787 -0.385317 0.657763 0.206210 -1
0 0.449712 -0.178761 -0.387157 0.655187 0.209444 -1
0 0.422562 -0.568407 0.018895 0.644762 0.163976 -1
0 0.426487 -0.547604 0.056485 0.640917 0.163089 -1
0 0.433066 -0.142648 -0.370443 0.652662 0.209992 -1
0 0.408757 -0.525264 0.088846 0.637932 0.161952 -1
0 0.398831 -0.119706 -0.357717 0.651504 0.209526 -1
0 0.374124 -0.507358 0.107300 0.636606 0.160870 -1
0 0.356175 -0.116078 -0.352373 0.652023 0.208171 -1
0 0.331869 -0.498687 0.106914 0.637293 0.160132 -1
0 0.316541 -0.132724 -0.355859 0.654079 0.206291 -1
0 0.293315 -0.501575 0.087786 0.639810 0.159936 -1
0 0.290537 -0.165213 -0.367244 0.657124 0.204389 -1
0 0.268789 -0.515245 0.055043 0.643482 0.160334 -1
0 0.285132 -0.204820 -0.383470 0.660340 0.202975 -1
0 0.264866 -0.536048 0.017452 0.647326 0.161221 -1
0 0.301779 -0.240933 -0.400189 0.662865 0.202428 -1
0 0.282595 -0.558391 -0.014913 0.650311 0.162358 -1
0 0.336014 -0.263876 -0.412922 0.664023 0.202894 -1
0 0.317228 -0.576302 -0.033371 0.651638 0.163440 -1
0 0.378664 -0.267511 -0.418260 0.663504 0.204248 -1
0 0.359483 -0.584970 -0.032980 0.650951 0.164179 -1
0 0.418303 -0.250852 -0.414769 0.661448 0.206129 -1
0 0.398037 -0.582084 -0.013846 0.648433 0.164374 -1
0 0.099829 -0.638765 -1.199237 0.745468 0.220240 -1
0 0.026129 -0.608806 -1.224042 0.747724 0.221149 -1
0 -0.184033 -1.055342 -1.128673 0.767400 0.184933 -1
0 -0.019119 -0.606614 -1.086999 0.738739 0.212114 -1
0 -0.160809 -1.041793 -1.049799 0.760391 0.181854 -1
0 0.054579 -0.636571 -1.062186 0.736482 0.211205 -1
0 0.114051 -0.652644 -1.118299 0.739847 0.215268 -1
0 0.250652 -1.048075 0.185096 0.659864 0.123008 -1
0 0.173765 -1.021493 0.203166 0.659224 0.121188 -1
0 0.126598 -0.986934 0.143798 0.663117 0.125103 -1
0 0.156318 -0.978948 0.066353 0.667649 0.130838 -1
0 0.282580 -1.033652 0.107574 0.664038 0.129168 -1
0 0.205693 -1.007070 0.125643 0.663399 0.127348 -1
0 0.275692 -1.046235 0.148255 0.661837 0.125948 -1
0 0.250050 -1.048320 0.182881 0.660053 0.123104 -1
0 0.212522 -1.039348 0.202169 0.659166 0.121397 -1
0 -0.022278 -1.465766 -0.169649 0.712699 0.112261 -1
0 0.173157 -1.021742 0.200949 0.659414 0.121283 -1
0 0.142518 -1.000199 0.179563 0.660728 0.122795 -1
0 -0.080170 -1.405851 -0.171302 0.711429 0.113961 -1
0 0.128802 -0.980497 0.143716 0.662759 0.125526 -1
0 0.135691 -0.967919 0.103034 0.664961 0.128746 -1
0 -0.062795 -1.332058 -0.205893 0.709997 0.120513 -1
0 0.161332 -0.965833 0.068405 0.666746 0.131591 -1
0 0.198861 -0.974796 0.049113 0.667632 0.133299 -1
0 0.012484 -1.318168 -0.238839 0.709834 0.125367 -1
0 0.238222 -0.992407 0.050334 0.667385 0.133412 -1
0 0.268863 -1.013952 0.071725 0.666070 0.131900 -1
0 0.280370 -1.040088 0.107650 0.664396 0.128744 -1
0 0.275108 -1.048806 0.149567 0.661878 0.125715 -1
0 0.213560 -1.038078 0.204713 0.658892 0.121352 -1
0 0.141937 -1.002777 0.180869 0.660770 0.122561 -1
0 0.131862 -0.978213 0.101885 0.665634 0.128132 -1
0 0.193412 -0.988948 0.046735 0.668621 0.132495 -1
0 0.233204 -1.005524 0.048280 0.668289 0.132659 -1
0 0.265029 -1.024250 0.070581 0.666742 0.131286 -1
0 -0.028944 -1.098156 -1.122952 0.765088 0.186792 -1
0 -0.050858 -1.101373 -1.159973 0.768508 0.188088 -1
0 -0.058604 -1.469599 -0.702860 0.752830 0.141451 -1
0 -0.083557 -1.504652 -0.705985 0.755366 0.138966 -1
0 0.071993 -1.418544 -0.222322 0.711906 0.120635 -1
0 0.053001 -1.451881 -0.202603 0.712537 0.117115 -1
0 -0.087501 -1.096604 -1.182230 0.770840 0.188548 -1
0 -0.122422 -1.523189 -0.703428 0.757050 0.136660 -1
0 0.018495 -1.469167 -0.183324 0.712828 0.114050 -1
0 -0.129055 -1.085127 -1.183760 0.771458 0.188051 -1
0 -0.164791 -1.520246 -0.695875 0.757433 0.135149 -1
0 -0.164391 -1.070029 -1.164154 0.770199 0.186727 -1
0 -0.199310 -1.496608 -0.685349 0.756409 0.134839 -1
0 -0.058392 -1.442597 -0.165253 0.712188 0.112228 -1
0 -0.216729 -1.458619 -0.674679 0.754257 0.135812 -1
0 -0.182721 -1.045005 -1.086810 0.763810 0.183150 -1
0 -0.212383 -1.416450 -0.666714 0.751551 0.137808 -1
0 -0.081784 -1.365390 -0.186176 0.710627 0.116993 -1
0 -0.187428 -1.381395 -0.663586 0.749015 0.140293 -1
0 -0.124165 -1.046559 -1.027540 0.758059 0.181394 -1
0 -0.148559 -1.362859 -0.666147 0.747330 0.142599 -1
0 -0.028288 -1.314767 -0.225168 0.709706 0.123578 -1
0 -0.082610 -1.058030 -1.026005 0.757440 0.181891 -1
0 -0.106191 -1.365800 -0.673691 0.746947 0.144110 -1
0 -0.047279 -1.073141 -1.045615 0.758699 0.183214 -1
0 -0.071673 -1.389432 -0.684214 0.747969 0.144420 -1
0 0.048596 -1.341346 -0.243236 0.710345 0.125399 -1
0 -0.027635 -1.087823 -1.081097 0.761498 0.185008 -1
0 -0.054259 -1.427428 -0.694898 0.750123 0.143447 -1
0 0.070376 -1.378089 -0.237197 0.711105 0.123667 -1
159
-0.669767 0.742452 -0.013298
-0.849081 0.446598 -0.282157
-0.923156 0.291850 0.250215
-0.541569 0.406052 -0.736087
0.177513 0.850352 -0.495369
-0.198829 0.943120 -0.266444
-0.921085 0.255546 0.293766
-0.875963 -0.167731 0.452278
0.001777 -0.558738 0.829342
0.001794 -0.558686 0.829377
0.001802 -0.558725 0.829351
0.922729 -0.321047 -0.213309
0.922637 -0.318924 -0.216860
0.881134 0.166188 -0.442702
0.919944 0.296272 -0.256762
0.922573 -0.319115 -0.216850
0.001805 -0.558688 0.829376
0.679818 0.701784 -0.212949
0.616230 0.573103 -0.540197
0.369915 0.127128 -0.920327
0.001869 -0.558720 0.829354
0.297987 0.946439 -0.124329
0.001863 -0.558743 0.829339
-0.149827 0.988549 -0.017948
0.001784 -0.558764 0.829325
-0.574742 0.812852 0.094570
0.001762 -0.558776 0.829317
-0.922519 0.316831 0.220403
0.001756 -0.558721 0.829354
-0.910334 -0.306653 0.277950
0.001757 -0.558679 0.829382
-0.663249 -0.699577 0.265879
-0.606213 -0.563455 0.561270
-0.371718 -0.129338 0.919292
0.001815 -0.558706 0.829364
-0.166811 -0.836996 0.521164
-0.278443 -0.939899 0.197632
0.001850 -0.558725 0.829351
0.160630 -0.984368 0.072230
0.318876 -0.883234 0.343825
0.552888 -0.448954 0.701966
0.001797 -0.558751 0.829334
0.697630 -0.711701 0.082419
0.570243 -0.818485 -0.070043
-0.081853 0.387378 -0.918280
-0.081923 0.387353 -0.918284
-0.081846 0.387338 -0.918298
0.922624 -0.318950 -0.216878
0.922645 -0.319048 -0.216644
0.971549 -0.064716 0.227826
0.988104 0.088802 0.125558
-0.081835 0.387290 -0.918319
0.779094 0.460847 0.425009
0.761699 0.208651 0.613417
-0.081962 0.387330 -0.918291
0.343989 0.426415 0.836565
0.383453 0.699273 0.603308
-0.082017 0.387388 -0.918261
-0.106032 0.766815 0.633049
-0.166854 0.529630 0.831656
-0.081950 0.387393 -0.918265
-0.629396 0.488724 0.604161
-0.591622 0.634893 0.496884
-0.081961 0.387381 -0.918269
-0.922613 0.318841 0.217085
-0.922620 0.318956 0.216886
-0.081961 0.387364 -0.918276
-0.971924 0.062617 -0.226808
-0.988239 -0.089559 -0.123944
-0.081956 0.387348 -0.918284
-0.779234 -0.464007 -0.421297
-0.762824 -0.214160 -0.610110
-0.081937 0.387339 -0.918289
-0.345366 -0.433060 -0.832575
-0.383790 -0.703539 -0.598112
-0.081915 0.387334 -0.918293
0.105774 -0.769928 -0.629303
0.165746 -0.535136 -0.828347
-0.081882 0.387356 -0.918287
0.628863 -0.490750 -0.603072
0.591935 -0.635795 -0.495356
0.746371 -0.104915 -0.657209
-0.107396 0.327524 -0.938720
-0.966378 0.080070 -0.244342
-0.746753 0.103799 0.656953
-0.628199 0.472628 0.618052
0.105912 -0.331205 0.937596
0.848566 -0.447680 0.281991
0.667067 -0.064923 0.742164
-0.209843 0.238213 0.948272
-0.922772 0.318574 0.216800
-0.669209 0.058005 -0.740807
0.376900 0.864996 0.331253
0.376864 0.865018 0.331236
0.376934 0.864964 0.331298
0.376987 0.864972 0.331217
0.376831 0.865032 0.331236
0.399850 -0.716739 0.571319
-0.042654 -0.643161 0.764542
-0.174620 -0.846819 0.502399
0.376768 0.865028 0.331318
-0.474080 -0.414642 0.776737
0.376849 0.864998 0.331307
-0.811018 -0.058274 0.582112
-0.887035 -0.141025 0.439637
0.376810 0.865034 0.331257
-0.922881 0.318381 0.216618
0.376833 0.865044 0.331205
-0.770726 0.600600 -0.212748
-0.717456 0.693523 -0.065443
0.376847 0.865055 0.331159
-0.404275 0.707680 -0.579440
0.376810 0.865066 0.331174
0.035776 0.630680 -0.775218
0.170813 0.842036 -0.511663
0.376870 0.865026 0.331209
0.468569 0.405968 -0.784623
0.376925 0.865008 0.331194
0.922478 -0.319307 -0.216974
0.920360 -0.217635 0.324920
0.259623 0.097797 0.960745
-0.644595 0.323350 0.692779
-0.920883 0.214893 -0.325261
-0.262518 -0.107386 -0.958933
0.207843 -0.245166 -0.946940
0.643224 -0.325792 -0.692909
0.922646 -0.318918 -0.216830
0.628247 -0.471139 -0.619140
0.922597 -0.318818 -0.217188
0.615941 -0.719794 -0.320178
0.922641 -0.318902 -0.216877
0.716088 -0.695176 0.062830
0.922387 -0.319484 -0.217099
0.768419 -0.604215 0.210847
0.165810 -0.485908 -0.858138
0.141725 -0.932399 -0.332483
0.312485 -0.891391 0.328292
-0.332185 -0.371412 -0.867010
-0.368761 -0.894288 -0.253505
-0.745834 -0.170789 -0.643865
-0.781335 -0.613326 -0.115532
-0.612753 -0.571558 0.545761
-0.984427 -0.166651 0.055955
-0.922616 0.318960 0.216899
-0.922690 0.319002 0.216518
-0.922636 0.318921 0.216868
-0.616338 0.720467 0.317891
-0.164504 0.490191 0.855950
-0.141828 0.934408 0.326751
-0.315383 0.887420 -0.336183
0.333296 0.376436 0.864413
0.367667 0.897011 0.245341
0.746545 0.175281 0.641831
0.780300 0.615654 0.110010
0.609272 0.567801 -0.553524
0.966784 -0.078722 0.243170
0.984203 0.167163 -0.058314
0.885964 0.139299 -0.442339
0.809766 0.054255 -0.584239
226
0 0 1 2 0 1 2 1
0 3 1 0 3 1 0 1
0 4 3 5 4 3 5 1
0 6 2 7 6 2 7 1
0 8 9 10 8 9 10 2
0 8 11 12 11 12 13 1
0 8 12 9 11 13 14 1
0 11 13 12 12 15 13 1
0 9 14 10 9 16 10 2
0 9 12 14 14 13 17 1
0 12 15 14 13 18 17 1
0 12 16 15 13 19 18 1
0 14 17 10 16 20 10 2
0 14 15 4 17 18 4 1
0 14 4 17 17 4 21 1
0 15 16 4 18 19 4 1
0 17 18 10 20 22 10 2
0 17 4 18 21 4 23 1
0 4 5 18 4 5 23 1
0 18 19 10 22 24 10 2
0 18 5 0 23 5 0 1
0 18 0 19 23 0 25 1
0 19 20 10 24 26 10 2
0 19 0 20 25 0 27 1
0 0 6 20 0 6 27 1
0 20 21 10 26 28 10 2
0 20 6 7 27 6 7 1
0 20 7 21 27 7 29 1
0 21 22 10 28 30 10 2
0 21 7 22 29 7 31 1
0 7 23 22 7 32 31 1
0 7 24 23 7 33 32 1
0 22 25 10 30 34 10 2
0 22 23 26 31 32 35 1
0 22 26 25 31 35 36 1
0 23 24 26 32 33 35 1
0 25 27 10 34 37 10 2
0 25 26 27 36 35 38 1
0 26 28 27 35 39 38 1
0 26 29 28 35 40 39 1
0 27 30 10 37 41 10 2
0 27 28 31 38 39 42 1
0 27 31 30 38 42 43 1
0 28 29 31 39 40 42 1
0 30 8 10 41 8 10 2
0 30 31 8 43 42 11 1
0 31 11 8 42 12 11 1
0 31 13 11 42 15 12 1
0 32 33 34 44 45 46 2
0 35 32 36 47 48 49 1
0 32 34 36 48 50 49 1
0 34 33 37 46 45 51 2
0 36 34 37 49 50 52 1
0 36 37 38 49 52 53 1
0 37 33 39 51 45 54 2
0 38 37 40 53 52 55 1
0 37 39 40 52 56 55 1
0 39 33 41 54 45 57 2
0 40 39 41 55 56 58 1
0 40 41 42 55 58 59 1
0 41 33 43 57 45 60 2
0 42 41 44 59 58 61 1
0 41 43 44 58 62 61 1
0 43 33 45 60 45 63 2
0 44 43 45 61 62 64 1
0 44 45 46 61 64 65 1
0 45 33 47 63 45 66 2
0 46 45 48 65 64 67 1
0 45 47 48 64 68 67 1
0 47 33 49 66 45 69 2
0 48 47 49 67 68 70 1
0 48 49 50 67 70 71 1
0 49 33 51 69 45 72 2
0 50 49 52 71 70 73 1
0 49 51 52 70 74 73 1
0 51 33 53 72 45 75 2
0 52 51 53 73 74 76 1
0 52 53 54 73 76 77 1
0 53 33 55 75 45 78 2
0 54 53 56 77 76 79 1
0 53 55 56 76 80 79 1
0 55 33 32 78 45 44 2
0 56 55 32 79 80 48 1
0 56 32 35 79 48 47 1
0 13 57 12 15 81 13 1
0 12 57 16 13 81 19 1
0 16 58 4 19 82 4 1
0 4 58 3 4 82 3 1
0 1 59 2 1 83 2 1
0 2 60 7 2 84 7 1
0 2 61 60 2 85 84 1
0 7 60 24 7 84 33 1
0 60 61 24 84 85 33 1
0 24 62 26 33 86 35 1
0 26 62 29 35 86 40 1
0 29 63 31 40 87 42 1
0 31 63 13 42 87 15 1
0 36 38 64 49 53 88 1
0 64 38 40 88 53 55 1
0 40 42 65 55 59 89 1
0 65 42 44 89 59 61 1
0 44 46 66 61 65 90 1
0 66 46 48 90 65 67 1
0 48 50 67 67 71 91 1
0 67 50 52 91 71 73 1
0 68 69 70 92 93 94 2
0 70 69 71 94 93 95 2
0 71 69 72 95 93 96 2
0 71 72 73 97 98 99 1
0 72 69 74 96 93 100 2
0 73 72 74 99 98 101 1
0 74 69 75 100 93 102 2
0 74 75 76 101 103 104 1
0 75 69 77 102 93 105 2
0 76 75 77 104 103 106 1
0 77 69 78 105 93 107 2
0 77 78 79 106 108 109 1
0 78 69 80 107 93 110 2
0 79 78 80 109 108 111 1
0 80 69 81 110 93 112 2
0 80 81 82 111 113 114 1
0 81 69 83 112 93 115 2
0 82 81 83 114 113 116 1
0 83 69 84 115 93 117 2
0 84 69 68 117 93 92 2
0 85 35 36 118 47 49 1
0 85 36 86 118 49 119 1
0 86 36 64 119 49 88 1
0 64 40 87 88 55 120 1
0 87 40 65 120 55 89 1
0 65 44 88 89 61 121 1
0 88 44 66 121 61 90 1
0 66 48 89 90 67 122 1
0 89 48 67 122 67 91 1
0 67 52 90 91 73 123 1
0 90 52 91 123 73 124 1
0 52 54 91 73 77 124 1
0 91 54 56 124 77 79 1
0 91 56 92 124 79 125 1
0 92 56 85 125 79 118 1
0 56 35 85 79 47 118 1
0 13 93 94 15 126 127 1
0 13 94 57 15 127 81 1
0 93 95 94 126 128 127 1
0 95 96 94 128 129 127 1
0 95 97 98 128 130 131 1
0 95 98 96 128 131 129 1
0 97 68 98 130 132 131 1
0 68 70 98 132 133 131 1
0 57 94 16 81 127 19 1
0 94 99 16 127 134 19 1
0 94 96 100 127 129 135 1
0 94 100 99 127 135 134 1
0 96 98 100 129 131 135 1
0 98 101 100 131 136 135 1
0 98 70 71 131 133 97 1
0 98 71 101 131 97 136 1
0 16 99 102 19 134 137 1
0 16 102 58 19 137 82 1
0 99 100 102 134 135 137 1
0 100 103 102 135 138 137 1
0 100 101 73 135 136 99 1
0 100 73 103 135 99 138 1
0 101 71 73 136 97 99 1
0 58 102 3 82 137 3 1
0 102 104 3 137 139 3 1
0 102 103 105 137 138 140 1
0 102 105 104 137 140 139 1
0 103 73 105 138 99 140 1
0 73 106 105 99 141 140 1
0 73 74 106 99 101 141 1
0 3 104 59 3 139 83 1
0 3 59 1 3 83 1 1
0 104 105 59 139 140 83 1
0 105 107 59 140 142 83 1
0 105 106 76 140 141 104 1
0 105 76 107 140 104 142 1
0 106 74 76 141 101 104 1
0 59 108 2 83 143 2 1
0 59 107 109 83 142 144 1
0 59 109 108 83 144 143 1
0 107 76 109 142 104 144 1
0 76 110 109 104 145 144 1
0 76 77 110 104 106 145 1
0 2 108 61 2 143 85 1
0 108 109 61 143 144 85 1
0 109 111 61 144 146 85 1
0 109 110 79 144 145 109 1
0 109 79 111 144 109 146 1
0 110 77 79 145 106 109 1
0 61 112 24 85 147 33 1
0 61 111 113 85 146 148 1
0 61 113 112 85 148 147 1
0 111 79 113 146 109 148 1
0 79 114 113 109 149 148 1
0 79 80 114 109 111 149 1
0 24 112 115 33 147 150 1
0 24 115 62 33 150 86 1
0 112 113 115 147 148 150 1
0 113 116 115 148 151 150 1
0 113 114 82 148 149 114 1
0 113 82 116 148 114 151 1
0 114 80 82 149 111 114 1
0 62 115 29 86 150 40 1
0 115 117 29 150 152 40 1
0 115 116 118 150 151 153 1
0 115 118 117 150 153 152 1
0 116 82 118 151 114 153 1
0 82 119 118 114 154 153 1
0 82 83 119 114 116 154 1
0 29 117 120 40 152 155 1
0 29 120 63 40 155 87 1
0 117 118 120 152 153 155 1
0 118 121 120 153 156 155 1
0 118 119 122 153 154 157 1
0 118 122 121 153 157 156 1
0 119 83 122 154 116 157 1
0 83 84 122 116 158 157 1
0 63 120 13 87 155 15 1
0 120 93 13 155 126 15 1
0 120 121 95 155 156 128 1
0 120 95 93 155 128 126 1
0 121 122 95 156 157 128 1
0 122 97 95 157 130 128 1
0 122 84 68 157 158 132 1
0 122 68 97 157 132 130 1
"top" 0 3
32
0 -1.114527 0.575051 -2.573186 0.489932 0.084110 -1
0 -0.998158 0.797160 -2.404753 0.489949 0.094166 -1
0 0.180848 -0.101325 -2.576249 0.490171 0.084354 -1
0 0.297221 0.120787 -2.407804 0.490187 0.094411 -1
0 -0.234932 -0.903765 -1.213660 0.444943 0.084779 -1
0 -0.165231 -0.700421 -0.995250 0.443218 0.094704 -1
0 -1.530309 -0.227390 -1.210604 0.444703 0.084534 -1
0 -1.381704 -0.061811 -0.996911 0.443143 0.094473 -1
0 -0.021897 -0.300352 -0.579286 0.440184 0.114055 -1
0 0.200291 -0.061610 -1.047597 0.455798 0.114034 -1
0 -1.162694 0.295313 -0.576597 0.439973 0.113840 -1
0 -1.095093 0.614765 -1.044541 0.455558 0.113789 -1
0 -1.535388 -0.227703 -1.216782 0.444804 0.084345 -1
0 -1.442012 -0.047515 -1.518894 0.454872 0.084322 -1
0 -0.240008 -0.904082 -1.219844 0.445044 0.084590 -1
0 -0.146633 -0.723886 -1.521941 0.455111 0.084567 -1
0 -1.091368 0.612510 -1.044508 0.455553 0.113783 -1
0 -0.974999 0.834623 -0.876061 0.455569 0.123840 -1
0 0.204010 -0.063863 -1.047561 0.455793 0.114028 -1
0 0.320380 0.158247 -0.879119 0.455809 0.124085 -1
0 -0.458407 -0.760023 0.336001 0.409745 0.114237 -1
0 -0.291178 -0.439788 0.342173 0.415192 0.124323 -1
0 -1.310568 -0.315075 0.338009 0.409587 0.114076 -1
0 -1.143336 0.005164 0.344184 0.415034 0.124162 -1
0 -1.312149 -0.313524 0.338912 0.409576 0.114110 -1
0 -1.145362 0.005881 0.344160 0.415029 0.124153 -1
0 -0.457821 -0.760921 0.336109 0.409734 0.114225 -1
0 -0.291432 -0.442281 0.340787 0.415187 0.124233 -1
0 0.851379 1.727878 2.105582 0.412654 0.224788 -1
0 0.846918 1.790524 2.027964 0.415257 0.224812 -1
0 -0.005662 2.175373 2.107602 0.412495 0.224626 -1
0 0.065276 2.193532 2.026747 0.415112 0.224482 -1
72
0.256545 0.495086 -0.830105
0.256552 0.495094 -0.830098
0.256559 0.495102 -0.830091
0.886434 -0.462851 -0.002091
0.903065 -0.428062 0.035169
-0.330388 -0.635903 0.697475
-0.329137 -0.629319 0.704007
-0.327858 -0.622680 0.710478
-0.802084 0.588470 0.101807
-0.851790 0.519758 0.065620
-0.894254 0.446627 0.028875
-0.386742 -0.738182 -0.552736
-0.386744 -0.738182 -0.552735
-0.386746 -0.738182 -0.552733
0.386100 0.736950 0.554825
0.386106 0.736943 0.554831
0.386111 0.736937 0.554836
0.385243 0.735287 0.557621
0.385243 0.735289 0.557618
0.385242 0.735291 0.557616
-0.887536 0.430041 0.165360
-0.890077 0.448001 0.084011
-0.886435 0.462848 0.002078
-0.385247 -0.735288 -0.557617
-0.385237 -0.735281 -0.557633
-0.385228 -0.735273 -0.557649
-0.327066 -0.629571 0.704747
-0.327067 -0.629568 0.704749
0.246395 0.475708 -0.844388
0.246399 0.475710 -0.844386
0.246403 0.475712 -0.844384
0.256561 0.495108 -0.830087
0.256558 0.495105 -0.830090
0.256556 0.495102 -0.830092
0.834361 -0.535685 0.129934
0.851137 -0.496571 0.170245
0.864988 -0.455750 0.209971
-0.006055 -0.016109 0.999852
-0.006055 -0.016113 0.999852
-0.006056 -0.016117 0.999852
-0.875456 0.453975 0.165785
-0.896480 0.417296 0.148957
-0.915648 0.379754 0.131820
-0.385921 -0.736606 -0.555406
-0.385922 -0.736606 -0.555406
-0.385923 -0.736606 -0.555405
0.386236 0.737203 0.554395
0.386236 0.737203 0.554395
0.386236 0.737202 0.554395
0.004180 0.014246 -0.999890
0.003563 0.013693 -0.999900
0.002947 0.013141 -0.999909
0.886442 -0.462814 -0.004904
0.918359 -0.370499 -0.139092
0.924979 -0.267978 -0.269449
0.382322 0.729662 0.566943
0.387413 0.746241 0.541328
0.392133 0.762105 0.515196
-0.644195 0.637973 -0.421904
-0.795527 0.571878 -0.200228
-0.886073 0.462086 0.036747
-0.244927 -0.472903 0.846389
-0.244909 -0.472918 0.846385
-0.244891 -0.472934 0.846382
0.256946 0.495829 -0.829538
0.256942 0.495830 -0.829538
0.256938 0.495831 -0.829539
0.917099 -0.392043 0.072327
-0.327065 -0.629575 0.704744
0.920012 -0.388327 0.052735
0.882689 -0.461179 0.090406
0.838200 -0.530287 0.127343
48
0 0 1 2 0 1 1 1
0 1 3 2 1 2 1 1
0 2 3 4 3 4 4 2
0 4 5 6 5 6 6 1
0 5 7 6 6 7 6 1
0 6 7 0 8 9 9 2
0 7 1 0 9 10 9 2
0 6 0 4 11 12 12 3
0 0 2 4 12 13 12 3
0 1 7 3 14 15 15 3
0 7 5 3 15 16 15 3
0 8 9 10 17 18 18 1
0 9 11 10 18 19 18 1
0 10 11 12 20 21 21 2
0 11 13 12 21 22 21 2
0 12 13 14 23 24 24 1
0 13 15 14 24 25 24 1
0 8 10 12 26 27 26 3
0 9 15 11 28 29 29 3
0 15 13 11 29 30 29 3
0 16 17 18 31 32 32 1
0 17 19 18 32 33 32 1
0 18 19 20 34 35 35 2
0 19 21 20 35 36 35 2
0 20 21 22 37 38 38 1
0 21 23 22 38 39 38 1
0 22 23 16 40 41 41 2
0 23 17 16 41 42 41 2
0 22 16 20 43 44 44 3
0 16 18 20 44 45 44 3
0 17 23 19 46 47 47 3
0 23 21 19 47 48 47 3
0 24 25 26 49 50 50 1
0 25 27 26 50 51 50 1
0 26 27 28 52 53 53 2
0 27 29 28 53 54 53 2
0 28 29 30 55 56 56 1
0 29 31 30 56 57 56 1
0 30 31 24 58 59 59 2
0 31 25 24 59 60 59 2
0 30 24 28 61 62 62 3
0 24 26 28 62 63 62 3
0 25 31 27 64 65 65 3
0 31 29 27 65 66 65 3
0 3 5 4 4 67 4 2
0 14 8 12 68 26 26 3
0 14 15 8 69 70 70 2
0 15 9 8 70 71 70 2

Materials: 5
"olive"
0.200000 0.200000 0.200000 1.000000
0.800000 0.800000 0.800000 1.000000
0.000000 0.000000 0.000000 1.000000
0.000000 0.000000 0.000000 1.000000
0.000000
1.000000
".\weapons1.bmp"
""
"black"
0.200000 0.200000 0.200000 1.000000
0.800000 0.800000 0.800000 1.000000
0.000000 0.000000 0.000000 1.000000
0.000000 0.000000 0.000000 1.000000
0.000000
1.000000
".\weapons1.bmp"
""
"gradient"
0.200000 0.200000 0.200000 1.000000
0.800000 0.800000 0.800000 1.000000
0.000000 0.000000 0.000000 1.000000
0.000000 0.000000 0.000000 1.000000
0.000000
1.000000
".\weapons1.bmp"
""
"green"
0.200000 0.200000 0.200000 1.000000
0.800000 0.800000 0.800000 1.000000
0.000000 0.000000 0.000000 1.000000
0.000000 0.000000 0.000000 1.000000
0.000000
1.000000
".\weapons1.bmp"
""
"gradient"
0.200000 0.200000 0.200000 1.000000
0.800000 0.800000 0.800000 1.000000
0.000000 0.000000 0.000000 1.000000
0.000000 0.000000 0.000000 1.000000
0.000000
1.000000
".\weapons1.bmp"
""

Bones: 0
GroupComments: 0
MaterialComments: 0
BoneComments: 0
ModelComment: 0
