// MilkShape 3D ASCII

Frames: 30
Frame: 1

Meshes: 16
"floor" 0 0
6
0 0.000000 -0.138753 -0.087027 0.500000 1.000000 -1
0 -0.000001 -0.138752 -31.542406 0.500000 0.000000 -1
0 35.997093 -0.138753 -31.542406 1.000000 0.000000 -1
0 35.997093 -0.138752 -0.087026 1.000000 1.000000 -1
0 -35.997093 -0.138753 -0.087028 0.000000 1.000000 -1
0 -35.997093 -0.138752 -31.542406 0.000000 0.000000 -1
6
0.000000 -1.000000 -0.000000
-0.000000 -1.000000 -0.000000
0.000000 -1.000000 0.000000
0.000000 -1.000000 0.000000
0.000000 -1.000000 -0.000000
-0.000000 -1.000000 -0.000000
4
0 0 1 2 0 1 2 1
0 0 2 3 0 2 3 1
0 0 4 5 0 4 5 1
0 0 5 1 0 5 1 1
"pumps" 0 0
28
0 20.931032 -0.126392 17.321497 1.000000 0.000000 -1
0 20.931032 1.409580 17.321497 1.000000 0.000000 -1
0 20.931032 1.409580 21.488815 1.000000 1.000000 -1
0 20.931032 -0.126392 21.488815 1.000000 1.000000 -1
0 -20.931032 -0.126392 21.488815 0.000000 1.000000 -1
0 -20.931032 1.409580 21.488815 0.000000 1.000000 -1
0 -20.931032 1.409580 17.321497 0.000000 0.000000 -1
0 -20.931032 -0.126392 17.321497 0.000000 0.000000 -1
0 -6.977010 1.409580 21.488815 0.333333 1.000000 -1
0 6.977010 1.409580 21.488815 0.666667 1.000000 -1
0 -17.130024 1.409580 17.946495 0.090798 0.149976 -1
0 -17.130024 1.409580 20.863817 0.090798 0.850024 -1
0 -10.778016 1.409580 17.946495 0.242535 0.149976 -1
0 -6.977010 1.409580 17.321497 0.333333 0.000000 -1
0 -10.778016 1.409580 20.863817 0.242535 0.850024 -1
0 17.130024 1.409580 17.946495 0.909202 0.149976 -1
0 6.977010 1.409580 17.321497 0.666667 0.000000 -1
0 10.778016 1.409580 17.946495 0.757465 0.149976 -1
0 17.130024 1.409580 20.863817 0.909202 0.850024 -1
0 10.778016 1.409580 20.863817 0.757465 0.850024 -1
0 1.741150 1.409580 17.946495 0.541593 0.149976 -1
0 -1.741150 1.409580 17.946495 0.458407 0.149976 -1
0 1.741150 1.409580 20.863817 0.541593 0.850024 -1
0 -1.741150 1.409580 20.863817 0.458407 0.850024 -1
0 -1.741150 9.222082 20.863817 0.458407 0.850024 -1
0 1.741150 9.222082 20.863817 0.541593 0.850024 -1
0 1.741150 9.222082 17.946495 0.541593 0.149976 -1
0 -1.741150 9.222082 17.946495 0.458407 0.149976 -1
28
0.577350 -0.577350 -0.577350
0.301511 0.904534 -0.301512
0.534522 0.801784 0.267262
0.301511 -0.301511 0.904534
-0.577350 -0.577350 0.577350
-0.301511 0.904534 0.301512
-0.534522 0.801784 -0.267262
-0.301511 -0.301511 -0.904534
-0.000000 0.894427 0.447214
-0.000000 0.948683 0.316228
-0.000000 1.000000 -0.000000
-0.000000 1.000000 0.000001
0.000000 1.000000 -0.000001
0.000000 0.948683 -0.316228
0.000000 1.000000 0.000000
0.000000 1.000000 -0.000001
0.000000 0.894427 -0.447214
-0.000000 1.000000 -0.000000
0.000000 1.000000 0.000000
-0.000000 1.000000 0.000001
0.534522 0.801784 -0.267262
-0.267261 0.801784 -0.534523
0.267261 0.801784 0.534523
-0.534522 0.801784 0.267262
-0.333333 0.666667 0.666667
0.816497 0.408248 0.408248
0.333333 0.666667 -0.666667
-0.816497 0.408248 -0.408248
48
0 0 1 2 0 1 2 1
0 0 2 3 0 2 3 1
0 4 5 6 4 5 6 1
0 4 6 7 4 6 7 1
0 4 7 0 4 7 0 1
0 4 0 3 4 0 3 1
0 8 5 4 8 5 4 1
0 3 9 8 3 9 8 1
0 3 8 4 3 8 4 1
0 3 2 9 3 2 9 1
0 10 6 5 10 6 5 1
0 10 5 11 10 5 11 1
0 12 13 6 12 13 6 1
0 12 6 10 12 6 10 1
0 14 8 13 14 8 13 1
0 14 13 12 14 13 12 1
0 11 5 8 11 5 8 1
0 11 8 14 11 8 14 1
0 15 1 16 15 1 16 1
0 15 16 17 15 16 17 1
0 18 2 1 18 2 1 1
0 18 1 15 18 1 15 1
0 19 9 2 19 9 2 1
0 19 2 18 19 2 18 1
0 17 16 9 17 16 9 1
0 17 9 19 17 9 19 1
0 20 16 13 20 16 13 1
0 20 13 21 20 13 21 1
0 22 9 16 22 9 16 1
0 22 16 20 22 16 20 1
0 23 8 9 23 8 9 1
0 23 9 22 23 9 22 1
0 21 13 8 21 13 8 1
0 21 8 23 21 8 23 1
0 24 25 26 24 25 26 1
0 24 26 27 24 26 27 1
0 26 20 21 26 20 21 1
0 26 21 27 26 21 27 1
0 25 22 20 25 22 20 1
0 25 20 26 25 20 26 1
0 24 23 22 24 23 22 1
0 24 22 25 24 22 25 1
0 27 21 23 27 21 23 1
0 27 23 24 27 23 24 1
0 16 1 0 16 1 0 1
0 7 13 16 7 13 16 1
0 7 16 0 7 16 0 1
0 7 6 13 7 6 13 1
"pole1" 0 0
16
0 -27.020145 22.983723 18.307646 0.853554 -0.000000 -1
0 -27.020145 -0.133641 18.307646 0.853554 1.000000 -1
0 -28.125000 -0.133641 17.850002 0.500000 1.000000 -1
0 -28.125000 22.983723 17.850002 0.500000 -0.000000 -1
0 -26.562500 22.983723 19.412500 1.000000 -0.000000 -1
0 -26.562500 -0.133641 19.412500 1.000000 1.000000 -1
0 -27.020145 22.983723 20.517357 0.853554 -0.000000 -1
0 -27.020145 -0.133641 20.517357 0.853554 1.000000 -1
0 -28.125000 22.983723 20.974998 0.500000 -0.000000 -1
0 -28.125000 -0.133641 20.974998 0.500000 1.000000 -1
0 -29.229858 22.983723 20.517357 0.146445 -0.000000 -1
0 -29.229858 -0.133641 20.517357 0.146445 1.000000 -1
0 -29.687500 22.983723 19.412500 0.000000 -0.000000 -1
0 -29.687500 -0.133641 19.412500 0.000000 1.000000 -1
0 -29.229853 22.983723 18.307646 0.146447 -0.000000 -1
0 -29.229853 -0.133641 18.307646 0.146447 1.000000 -1
16
0.491167 0.581523 -0.648527
0.336909 -0.906303 -0.255161
0.128794 -0.336557 -0.932814
-0.128794 0.336557 -0.932814
0.805885 0.581522 -0.111270
0.932814 -0.336557 0.128794
0.648526 0.581523 0.491168
0.491166 -0.581523 0.648527
0.111269 0.581522 0.805885
-0.111268 -0.581522 0.805886
-0.491166 0.581523 0.648527
-0.648526 -0.581523 0.491166
-0.932814 0.336557 0.128792
-0.805885 -0.581522 -0.111271
-0.336909 0.906303 -0.255162
-0.491167 -0.581522 -0.648527
28
0 0 1 2 0 1 2 1
0 0 2 3 0 2 3 1
0 4 5 1 4 5 1 1
0 4 1 0 4 1 0 1
0 6 7 5 6 7 5 1
0 6 5 4 6 5 4 1
0 8 9 7 8 9 7 1
0 8 7 6 8 7 6 1
0 10 11 9 10 11 9 1
0 10 9 8 10 9 8 1
0 12 13 11 12 13 11 1
0 12 11 10 12 11 10 1
0 14 15 13 14 15 13 1
0 14 13 12 14 13 12 1
0 3 2 15 3 2 15 1
0 3 15 14 3 15 14 1
0 1 5 7 1 5 7 1
0 1 7 9 1 7 9 1
0 1 9 11 1 9 11 1
0 1 11 13 1 11 13 1
0 1 13 15 1 13 15 1
0 1 15 2 1 15 2 1
0 14 12 10 14 12 10 1
0 14 10 8 14 10 8 1
0 14 8 6 14 8 6 1
0 14 6 4 14 6 4 1
0 14 4 0 14 4 0 1
0 14 0 3 14 0 3 1
"pole2" 0 0
16
0 29.229853 23.116539 18.307646 0.853553 0.000000 -1
0 29.229853 -0.000829 18.307646 0.853553 1.000000 -1
0 28.125000 -0.000829 17.850002 0.500000 1.000000 -1
0 28.125000 23.116539 17.850002 0.500000 0.000000 -1
0 29.687500 23.116539 19.412500 1.000000 0.000000 -1
0 29.687500 -0.000829 19.412500 1.000000 1.000000 -1
0 29.229853 23.116539 20.517357 0.853553 0.000000 -1
0 29.229853 -0.000829 20.517357 0.853553 1.000000 -1
0 28.125000 23.116539 20.974998 0.500000 0.000000 -1
0 28.125000 -0.000829 20.974998 0.500000 1.000000 -1
0 27.020145 23.116539 20.517357 0.146446 0.000000 -1
0 27.020145 -0.000829 20.517357 0.146446 1.000000 -1
0 26.562500 23.116539 19.412500 0.000000 0.000000 -1
0 26.562500 -0.000829 19.412500 0.000000 1.000000 -1
0 27.020145 23.116539 18.307646 0.146446 0.000000 -1
0 27.020145 -0.000829 18.307646 0.146446 1.000000 -1
16
0.491167 0.581522 -0.648527
0.336909 -0.906303 -0.255162
0.128794 -0.336557 -0.932814
-0.128794 0.336557 -0.932814
0.805885 0.581523 -0.111270
0.932814 -0.336557 0.128795
0.648526 0.581523 0.491168
0.491166 -0.581523 0.648527
0.111269 0.581522 0.805885
-0.111268 -0.581522 0.805885
-0.491166 0.581523 0.648527
-0.648526 -0.581523 0.491167
-0.932814 0.336557 0.128794
-0.805885 -0.581522 -0.111270
-0.336909 0.906303 -0.255161
-0.491167 -0.581523 -0.648527
28
0 0 1 2 0 1 2 1
0 0 2 3 0 2 3 1
0 4 5 1 4 5 1 1
0 4 1 0 4 1 0 1
0 6 7 5 6 7 5 1
0 6 5 4 6 5 4 1
0 8 9 7 8 9 7 1
0 8 7 6 8 7 6 1
0 10 11 9 10 11 9 1
0 10 9 8 10 9 8 1
0 12 13 11 12 13 11 1
0 12 11 10 12 11 10 1
0 14 15 13 14 15 13 1
0 14 13 12 14 13 12 1
0 3 2 15 3 2 15 1
0 3 15 14 3 15 14 1
0 1 5 7 1 5 7 1
0 1 7 9 1 7 9 1
0 1 9 11 1 9 11 1
0 1 11 13 1 11 13 1
0 1 13 15 1 13 15 1
0 1 15 2 1 15 2 1
0 14 12 10 14 12 10 1
0 14 10 8 14 10 8 1
0 14 8 6 14 8 6 1
0 14 6 4 14 6 4 1
0 14 4 0 14 4 0 1
0 14 0 3 14 0 3 1
"rooftop1" 0 2
4
0 0.000004 36.717987 36.391312 1.000000 1.000000 -1
0 0.000000 36.717987 -36.402908 1.000000 0.000000 -1
0 -39.122093 27.977718 -36.402908 0.000000 0.000000 -1
0 -39.122093 27.977711 36.391312 0.000000 1.000000 -1
3
-0.218035 0.975941 0.000000
-0.218035 0.975941 0.000000
-0.218035 0.975941 0.000000
2
0 0 1 2 0 1 0 1
0 0 2 3 0 0 2 1
"rooftop2" 0 2
4
0 0.000004 36.717987 36.391312 0.000000 1.000000 -1
0 39.122093 27.977711 36.391342 1.000000 1.000000 -1
0 39.122093 27.977711 -36.402908 1.000000 0.000000 -1
0 0.000000 36.717987 -36.402908 0.000000 0.000000 -1
3
0.218035 0.975941 -0.000000
0.218035 0.975941 0.000000
0.218035 0.975941 -0.000000
2
0 0 1 2 0 1 0 1
0 0 2 3 0 0 2 1
"roofsides" 0 2
8
0 41.094124 22.975677 -36.403435 1.009366 0.004916 -1
0 39.122093 27.977711 -36.402908 0.009368 0.007177 -1
0 39.122093 27.977711 36.391342 0.011620 1.006998 -1
0 41.094124 22.975677 36.403435 1.011616 1.004911 -1
0 -41.094124 22.975677 36.403435 1.011616 1.004911 -1
0 -39.122093 27.977711 36.391312 0.011621 1.006998 -1
0 -39.122093 27.977718 -36.402908 0.009365 0.007178 -1
0 -41.094124 22.975677 -36.403435 1.009366 0.004916 -1
5
0.930311 0.366771 0.000000
0.930311 0.366771 0.000000
-0.930311 0.366771 0.000000
-0.930311 0.366771 0.000000
-0.930311 0.366771 0.000000
4
0 0 1 2 0 1 0 1
0 0 2 3 0 0 0 1
0 4 5 6 2 3 2 1
0 4 6 7 2 2 4 1
"rooffront" 0 3
6
0 0.000004 22.975677 36.403435 0.500000 1.000000 -1
0 0.000004 36.717987 36.391312 0.500000 0.000000 -1
0 -39.122093 27.977711 36.391312 0.023994 0.636012 -1
0 -41.094124 22.975677 36.403435 0.000000 1.000000 -1
0 41.094124 22.975677 36.403435 1.000000 1.000000 -1
0 39.122093 27.977711 36.391342 0.976006 0.636012 -1
6
-0.000000 0.001651 0.999999
-0.000000 0.000882 1.000000
-0.000099 0.001653 0.999999
0.000000 0.002424 0.999997
0.000000 0.002418 0.999997
0.000098 0.001650 0.999999
4
0 0 1 2 0 1 2 1
0 0 2 3 0 2 3 1
0 0 4 5 0 4 5 1
0 0 5 1 0 5 1 1
"roofrear" 0 3
6
0 0.000004 22.975677 -36.403435 0.500000 1.000000 -1
0 0.000000 36.717987 -36.402908 0.500000 0.000000 -1
0 39.122093 27.977711 -36.402908 0.023994 0.636012 -1
0 41.094124 22.975677 -36.403435 0.000000 1.000000 -1
0 -41.094124 22.975677 -36.403435 1.000000 1.000000 -1
0 -39.122093 27.977718 -36.402908 0.976006 0.636012 -1
6
0.000000 0.000072 -1.000000
0.000000 0.000038 -1.000000
0.000004 0.000072 -1.000000
0.000000 0.000105 -1.000000
0.000000 0.000105 -1.000000
-0.000004 0.000072 -1.000000
4
0 0 1 2 0 1 2 1
0 0 2 3 0 2 3 1
0 0 4 5 0 4 5 1
0 0 5 1 0 5 1 1
"roofbottom" 0 2
12
0 35.997093 22.975677 -31.542406 0.937984 0.933234 -1
0 41.094124 22.975677 -36.403435 1.000000 1.000000 -1
0 41.094124 22.975677 36.403435 1.000000 0.000000 -1
0 35.997093 22.975677 -0.087025 0.937984 0.501195 -1
0 -35.997093 22.975677 -0.087028 0.062017 0.501195 -1
0 -41.094124 22.975677 36.403435 0.000000 0.000000 -1
0 -41.094124 22.975677 -36.403435 0.000000 1.000000 -1
0 -35.997093 22.975677 -31.542406 0.062017 0.933234 -1
0 -0.000001 22.975672 -31.542406 0.500000 0.933234 -1
0 0.000004 22.975677 -36.403435 0.500000 1.000000 -1
0 0.000000 22.975677 -0.087027 0.500000 0.501195 -1
0 0.000004 22.975677 36.403435 0.500000 0.000000 -1
7
0.000000 -1.000000 0.000000
0.000000 -1.000000 -0.000000
0.000000 -1.000000 0.000000
-0.000000 -1.000000 -0.000000
-0.000000 -1.000000 0.000000
0.000000 -1.000000 -0.000001
0.000000 -1.000000 -0.000001
12
0 0 1 2 0 1 2 1
0 0 2 3 0 2 2 1
0 4 5 6 2 2 3 1
0 4 6 7 2 3 4 1
0 8 9 1 5 6 1 1
0 8 1 0 5 1 0 1
0 8 7 6 5 4 3 1
0 8 6 9 5 3 6 1
0 10 11 5 2 2 2 1
0 10 5 4 2 2 2 1
0 10 3 2 2 2 2 1
0 10 2 11 2 2 2 1
"pump1front" 0 5
8
0 -11.255028 12.918963 20.863817 0.924904 -0.000000 -1
0 -11.255028 12.918963 17.946495 0.924904 -0.000000 -1
0 -16.653011 12.918963 17.946495 0.075096 -0.000000 -1
0 -16.653011 12.918963 20.863817 0.075096 -0.000000 -1
0 -17.130024 1.409580 17.946495 0.000000 1.000000 -1
0 -17.130024 1.409580 20.863817 0.000000 1.000000 -1
0 -10.778016 1.409580 20.863817 1.000000 1.000000 -1
0 -10.778016 1.409580 17.946495 1.000000 1.000000 -1
8
0.654164 0.681838 0.327363
0.692311 0.721599 0.000000
-0.692311 0.721599 0.000000
-0.405112 0.422250 0.810919
-0.999142 0.041410 0.000000
-0.893660 0.037038 0.447214
0.446830 0.018519 0.894427
0.999142 0.041410 0.000000
8
0 0 1 2 0 1 2 1
0 0 2 3 0 2 3 1
0 2 4 5 2 4 5 1
0 2 5 3 2 5 3 1
0 0 6 7 0 6 7 1
0 0 7 1 0 7 1 1
0 3 5 6 3 5 6 1
0 3 6 0 3 6 0 1
"pump1rear" 0 5
4
0 -11.255028 12.918963 17.946495 0.075096 -0.000000 -1
0 -10.778016 1.409580 17.946495 0.000000 1.000000 -1
0 -17.130024 1.409580 17.946495 1.000000 1.000000 -1
0 -16.653011 12.918963 17.946495 0.924904 -0.000000 -1
1
0.000000 0.000000 -1.000000
2
0 0 1 2 0 0 0 1
0 0 2 3 0 0 0 1
"pump2front" 0 5
8
0 11.255056 12.918963 20.863817 0.075101 -0.000000 -1
0 16.652988 12.918963 20.863817 0.924900 -0.000000 -1
0 16.652988 12.918963 17.946495 0.924900 -0.000000 -1
0 11.255056 12.918963 17.946495 0.075101 -0.000000 -1
0 17.130024 1.409580 20.863817 1.000000 1.000000 -1
0 17.130024 1.409580 17.946495 1.000000 1.000000 -1
0 10.778016 1.409580 17.946495 0.000000 1.000000 -1
0 10.778016 1.409580 20.863817 0.000000 1.000000 -1
8
-0.330024 0.674294 0.660615
0.804763 0.436082 0.402727
0.439607 0.898190 0.000000
-0.879214 0.476426 0.000000
0.446830 0.018520 0.894427
0.999142 0.041412 0.000000
-0.999142 0.041412 0.000000
-0.893660 0.037040 0.447214
8
0 0 1 2 0 1 2 1
0 0 2 3 0 2 3 1
0 1 4 5 1 4 5 1
0 1 5 2 1 5 2 1
0 0 4 1 0 4 1 1
0 3 6 7 3 6 7 1
0 3 7 0 3 7 0 1
0 0 7 4 0 7 4 1
"pump2rear" 0 5
4
0 16.652988 12.918963 17.946495 0.075100 -0.000000 -1
0 17.130024 1.409580 17.946495 0.000000 1.000000 -1
0 10.778016 1.409580 17.946495 1.000000 1.000000 -1
0 11.255056 12.918963 17.946495 0.924899 -0.000000 -1
1
0.000000 0.000000 -1.000000
2
0 0 1 2 0 0 0 1
0 0 2 3 0 0 0 1
"storefront" 0 4
6
0 0.000000 -0.138753 -0.087027 0.500000 1.000000 -1
0 0.000000 22.975677 -0.087027 0.500000 -0.000000 -1
0 -35.997093 22.975677 -0.087028 0.000000 -0.000000 -1
0 -35.997093 -0.138753 -0.087028 0.000000 1.000000 -1
0 35.997093 -0.138752 -0.087026 1.000000 1.000000 -1
0 35.997093 22.975677 -0.087025 1.000000 -0.000000 -1
6
-0.000000 -0.000000 1.000000
-0.000000 -0.000000 1.000000
-0.000000 -0.000000 1.000000
-0.000000 -0.000000 1.000000
-0.000000 -0.000000 1.000000
-0.000000 -0.000000 1.000000
4
0 0 1 2 0 1 2 1
0 0 2 3 0 2 3 1
0 0 4 5 0 4 5 1
0 0 5 1 0 5 1 1
"storewalls" 0 1
12
1 35.997093 -0.138753 -31.542406 0.000000 -0.000000 -1
1 35.997093 22.975677 -31.542406 0.000000 -1.000000 -1
1 35.997093 22.975677 -0.087025 1.000000 -1.000000 -1
1 35.997093 -0.138752 -0.087026 1.000000 -0.000000 -1
1 -35.997093 -0.138753 -0.087028 1.000000 0.000000 -1
1 -35.997093 22.975677 -0.087028 1.000000 -1.000000 -1
1 -35.997093 22.975677 -31.542406 0.000000 -1.000000 -1
1 -35.997093 -0.138752 -31.542406 0.000000 -0.000000 -1
1 -0.000001 -0.138752 -31.542406 1.000000 -0.000000 -1
1 -0.000001 22.975672 -31.542406 1.000000 -1.000000 -1
1 35.997093 22.975677 -31.542406 2.000000 -1.000000 -1
1 35.997093 -0.138753 -31.542406 2.000000 -0.000000 -1
4
1.000000 0.000000 0.000000
-1.000000 0.000000 0.000000
-0.707107 0.000000 -0.707107
0.000000 0.000000 -1.000000
8
1 0 1 2 0 0 0 1
1 0 2 3 0 0 0 1
1 4 5 6 1 1 2 1
1 4 6 7 1 2 2 1
1 8 9 10 3 3 3 1
1 8 10 11 3 3 3 1
1 8 7 6 3 2 2 1
1 8 6 9 3 2 3 1

Materials: 6
"concrete"
0.192157 0.192157 0.192157 1.000000
0.784314 0.784314 0.784314 1.000000
0.000000 0.000000 0.000000 1.000000
0.000000 0.000000 0.000000 1.000000
0.128000
1.000000
"..\common\concrete.bmp"
""
"sidewall"
0.200000 0.200000 0.200000 1.000000
0.800000 0.800000 0.800000 1.000000
0.000000 0.000000 0.000000 1.000000
0.000000 0.000000 0.000000 1.000000
0.000000
1.000000
".\sidewall.bmp"
""
"rooftop"
0.200000 0.200000 0.200000 1.000000
0.800000 0.800000 0.800000 1.000000
0.000000 0.000000 0.000000 1.000000
0.000000 0.000000 0.000000 1.000000
0.000000
1.000000
".\rooftop.bmp"
""
"rooffront"
0.200000 0.200000 0.200000 1.000000
0.800000 0.800000 0.800000 1.000000
0.000000 0.000000 0.000000 1.000000
0.000000 0.000000 0.000000 1.000000
0.000000
1.000000
".\rooffront.bmp"
""
"storefront"
0.200000 0.200000 0.200000 1.000000
0.800000 0.800000 0.800000 1.000000
0.000000 0.000000 0.000000 1.000000
0.000000 0.000000 0.000000 1.000000
0.000000
1.000000
".\storefront.bmp"
""
"pump"
0.200000 0.200000 0.200000 1.000000
0.800000 0.800000 0.800000 1.000000
0.000000 0.000000 0.000000 1.000000
0.000000 0.000000 0.000000 1.000000
0.000000
1.000000
".\pumpfront.bmp"
""

Bones: 0
GroupComments: 0
MaterialComments: 0
BoneComments: 0
ModelComment: 0
