// MilkShape 3D ASCII

Frames: 30
Frame: 1

Meshes: 18
"floor" 0 0
6
0 0.000000 -0.138753 -0.087027 0.500000 1.000000 -1
0 -0.000001 -0.138752 -31.542406 0.500000 0.000000 -1
0 35.997093 -0.138753 -31.542406 1.000000 0.000000 -1
0 35.997093 -0.138752 -0.087026 1.000000 1.000000 -1
0 -35.997093 -0.138753 -0.087028 0.000000 1.000000 -1
0 -35.997093 -0.138752 -31.542406 0.000000 0.000000 -1
6
0.000000 -1.000000 -0.000000
-0.000000 -1.000000 -0.000000
0.000000 -1.000000 0.000000
0.000000 -1.000000 0.000000
0.000000 -1.000000 -0.000000
-0.000000 -1.000000 -0.000000
4
0 0 1 2 0 1 2 1
0 0 2 3 0 2 3 1
0 0 4 5 0 4 5 1
0 0 5 1 0 5 1 1
"pumps" 0 0
28
0 20.931032 -0.126392 17.321497 1.000000 0.000000 -1
0 20.931032 1.409580 17.321497 1.000000 0.000000 -1
0 20.931032 1.409580 21.488815 1.000000 1.000000 -1
0 20.931032 -0.126392 21.488815 1.000000 1.000000 -1
0 -20.931032 -0.126392 21.488815 0.000000 1.000000 -1
0 -20.931032 1.409580 21.488815 0.000000 1.000000 -1
0 -20.931032 1.409580 17.321497 0.000000 0.000000 -1
0 -20.931032 -0.126392 17.321497 0.000000 0.000000 -1
0 -6.977010 1.409580 21.488815 0.333333 1.000000 -1
0 6.977010 1.409580 21.488815 0.666667 1.000000 -1
0 -17.130024 1.409580 17.946495 0.090798 0.149976 -1
0 -17.130024 1.409580 20.863817 0.090798 0.850024 -1
0 -10.778016 1.409580 17.946495 0.242535 0.149976 -1
0 -6.977010 1.409580 17.321497 0.333333 0.000000 -1
0 -10.778016 1.409580 20.863817 0.242535 0.850024 -1
0 17.130024 1.409580 17.946495 0.909202 0.149976 -1
0 6.977010 1.409580 17.321497 0.666667 0.000000 -1
0 10.778016 1.409580 17.946495 0.757465 0.149976 -1
0 17.130024 1.409580 20.863817 0.909202 0.850024 -1
0 10.778016 1.409580 20.863817 0.757465 0.850024 -1
0 1.741150 1.409580 17.946495 0.541593 0.149976 -1
0 -1.741150 1.409580 17.946495 0.458407 0.149976 -1
0 1.741150 1.409580 20.863817 0.541593 0.850024 -1
0 -1.741150 1.409580 20.863817 0.458407 0.850024 -1
0 -1.741150 9.222082 20.863817 0.458407 0.850024 -1
0 1.741150 9.222082 20.863817 0.541593 0.850024 -1
0 1.741150 9.222082 17.946495 0.541593 0.149976 -1
0 -1.741150 9.222082 17.946495 0.458407 0.149976 -1
28
0.577350 -0.577350 -0.577350
0.301511 0.904534 -0.301512
0.534522 0.801784 0.267262
0.301511 -0.301511 0.904534
-0.577350 -0.577350 0.577350
-0.301511 0.904534 0.301512
-0.534522 0.801784 -0.267262
-0.301511 -0.301511 -0.904534
-0.000000 0.894427 0.447214
-0.000000 0.948683 0.316228
-0.000000 1.000000 -0.000000
-0.000000 1.000000 0.000001
0.000000 1.000000 -0.000001
0.000000 0.948683 -0.316228
0.000000 1.000000 0.000000
0.000000 1.000000 -0.000001
0.000000 0.894427 -0.447214
-0.000000 1.000000 -0.000000
0.000000 1.000000 0.000000
-0.000000 1.000000 0.000001
0.534522 0.801784 -0.267262
-0.267261 0.801784 -0.534523
0.267261 0.801784 0.534523
-0.534522 0.801784 0.267262
-0.333333 0.666667 0.666667
0.816497 0.408248 0.408248
0.333333 0.666667 -0.666667
-0.816497 0.408248 -0.408248
48
0 0 1 2 0 1 2 1
0 0 2 3 0 2 3 1
0 4 5 6 4 5 6 1
0 4 6 7 4 6 7 1
0 4 7 0 4 7 0 1
0 4 0 3 4 0 3 1
0 8 5 4 8 5 4 1
0 3 9 8 3 9 8 1
0 3 8 4 3 8 4 1
0 3 2 9 3 2 9 1
0 10 6 5 10 6 5 1
0 10 5 11 10 5 11 1
0 12 13 6 12 13 6 1
0 12 6 10 12 6 10 1
0 14 8 13 14 8 13 1
0 14 13 12 14 13 12 1
0 11 5 8 11 5 8 1
0 11 8 14 11 8 14 1
0 15 1 16 15 1 16 1
0 15 16 17 15 16 17 1
0 18 2 1 18 2 1 1
0 18 1 15 18 1 15 1
0 19 9 2 19 9 2 1
0 19 2 18 19 2 18 1
0 17 16 9 17 16 9 1
0 17 9 19 17 9 19 1
0 20 16 13 20 16 13 1
0 20 13 21 20 13 21 1
0 22 9 16 22 9 16 1
0 22 16 20 22 16 20 1
0 23 8 9 23 8 9 1
0 23 9 22 23 9 22 1
0 21 13 8 21 13 8 1
0 21 8 23 21 8 23 1
0 24 25 26 24 25 26 1
0 24 26 27 24 26 27 1
0 26 20 21 26 20 21 1
0 26 21 27 26 21 27 1
0 25 22 20 25 22 20 1
0 25 20 26 25 20 26 1
0 24 23 22 24 23 22 1
0 24 22 25 24 22 25 1
0 27 21 23 27 21 23 1
0 27 23 24 27 23 24 1
0 16 1 0 16 1 0 1
0 7 13 16 7 13 16 1
0 7 16 0 7 16 0 1
0 7 6 13 7 6 13 1
"pole1" 0 0
16
0 -33.638538 19.883549 18.307646 0.853554 -0.000000 -1
0 -27.009903 -0.517298 18.307646 0.853554 1.000000 -1
0 -28.060678 -0.858716 17.850002 0.500000 1.000000 -1
0 -34.689323 19.542141 17.850002 0.500000 -0.000000 -1
0 -33.203293 20.024981 19.412500 1.000000 -0.000000 -1
0 -26.574650 -0.375877 19.412500 1.000000 1.000000 -1
0 -33.638538 19.883549 20.517357 0.853554 -0.000000 -1
0 -27.009903 -0.517298 20.517357 0.853554 1.000000 -1
0 -34.689323 19.542141 20.974998 0.500000 -0.000000 -1
0 -28.060678 -0.858716 20.974998 0.500000 1.000000 -1
0 -35.740101 19.200708 20.517357 0.146445 -0.000000 -1
0 -29.111465 -1.200137 20.517357 0.146445 1.000000 -1
0 -36.175343 19.059284 19.412500 0.000000 -0.000000 -1
0 -29.546705 -1.341561 19.412500 0.000000 1.000000 -1
0 -35.740093 19.200712 18.307646 0.146447 -0.000000 -1
0 -29.111462 -1.200136 18.307646 0.146447 1.000000 -1
16
0.287428 0.704842 -0.648524
0.600482 -0.757834 -0.255162
0.226493 -0.280285 -0.932814
-0.226494 0.280287 -0.932813
0.586740 0.802094 -0.111272
0.991160 -0.031830 0.128795
0.437083 0.753466 0.491169
0.646826 -0.401283 0.648528
-0.073879 0.587445 0.805885
0.073879 -0.587444 0.805886
-0.646831 0.401279 0.648525
-0.437084 -0.753467 0.491167
-0.991161 0.031828 0.128790
-0.586741 -0.802093 -0.111272
-0.600486 0.757833 -0.255159
-0.287427 -0.704839 -0.648527
28
0 0 1 2 0 1 2 1
0 0 2 3 0 2 3 1
0 4 5 1 4 5 1 1
0 4 1 0 4 1 0 1
0 6 7 5 6 7 5 1
0 6 5 4 6 5 4 1
0 8 9 7 8 9 7 1
0 8 7 6 8 7 6 1
0 10 11 9 10 11 9 1
0 10 9 8 10 9 8 1
0 12 13 11 12 13 11 1
0 12 11 10 12 11 10 1
0 14 15 13 14 15 13 1
0 14 13 12 14 13 12 1
0 3 2 15 3 2 15 1
0 3 15 14 3 15 14 1
0 1 5 7 1 5 7 1
0 1 7 9 1 7 9 1
0 1 9 11 1 9 11 1
0 1 11 13 1 11 13 1
0 1 13 15 1 13 15 1
0 1 15 2 1 15 2 1
0 14 12 10 14 12 10 1
0 14 10 8 14 10 8 1
0 14 8 6 14 8 6 1
0 14 6 4 14 6 4 1
0 14 4 0 14 4 0 1
0 14 0 3 14 0 3 1
"pole2" 1 0
16
1 29.229853 21.449871 18.307646 0.853553 0.000000 -1
1 29.229853 -0.000829 18.307646 0.853553 1.000000 -1
1 28.125000 -0.000829 17.850002 0.500000 1.000000 -1
1 28.125000 21.449871 17.850002 0.500000 0.000000 -1
1 29.687500 21.449871 19.412500 1.000000 0.000000 -1
1 29.687500 -0.000829 19.412500 1.000000 1.000000 -1
1 29.229853 21.449871 20.517357 0.853553 0.000000 -1
1 29.229853 -0.000829 20.517357 0.853553 1.000000 -1
1 28.125000 21.449871 20.974998 0.500000 0.000000 -1
1 28.125000 -0.000829 20.974998 0.500000 1.000000 -1
1 27.020145 21.449871 20.517357 0.146446 0.000000 -1
1 27.020145 -0.000829 20.517357 0.146446 1.000000 -1
1 26.562500 21.449871 19.412500 0.000000 0.000000 -1
1 26.562500 -0.000829 19.412500 0.000000 1.000000 -1
1 27.020145 21.449871 18.307646 0.146446 0.000000 -1
1 27.020145 -0.000829 18.307646 0.146446 1.000000 -1
16
0.491167 0.581522 -0.648527
0.336909 -0.906303 -0.255162
0.128794 -0.336557 -0.932814
-0.128794 0.336557 -0.932814
0.805885 0.581523 -0.111270
0.932814 -0.336557 0.128795
0.648526 0.581523 0.491168
0.491166 -0.581523 0.648527
0.111269 0.581522 0.805885
-0.111268 -0.581522 0.805885
-0.491166 0.581523 0.648527
-0.648526 -0.581523 0.491167
-0.932814 0.336557 0.128794
-0.805885 -0.581522 -0.111270
-0.336909 0.906303 -0.255161
-0.491167 -0.581523 -0.648527
28
1 0 1 2 0 1 2 1
1 0 2 3 0 2 3 1
1 4 5 1 4 5 1 1
1 4 1 0 4 1 0 1
1 6 7 5 6 7 5 1
1 6 5 4 6 5 4 1
1 8 9 7 8 9 7 1
1 8 7 6 8 7 6 1
1 10 11 9 10 11 9 1
1 10 9 8 10 9 8 1
1 12 13 11 12 13 11 1
1 12 11 10 12 11 10 1
1 14 15 13 14 15 13 1
1 14 13 12 14 13 12 1
1 3 2 15 3 2 15 1
1 3 15 14 3 15 14 1
1 1 5 7 1 5 7 1
1 1 7 9 1 7 9 1
1 1 9 11 1 9 11 1
1 1 11 13 1 11 13 1
1 1 13 15 1 13 15 1
1 1 15 2 1 15 2 1
1 14 12 10 14 12 10 1
1 14 10 8 14 10 8 1
1 14 8 6 14 8 6 1
1 14 6 4 14 6 4 1
1 14 4 0 14 4 0 1
1 14 0 3 14 0 3 1
"sidewalls" 0 1
8
0 35.997093 -0.138753 -31.542406 0.000000 1.000000 -1
0 35.997093 21.309010 -31.542406 0.000000 -0.000000 -1
0 35.997093 21.309010 -0.087025 1.000000 -0.000000 -1
0 35.997093 -0.138752 -0.087026 1.000000 1.000000 -1
0 -35.997093 -0.138753 -0.087028 1.000000 1.000000 -1
0 -35.997093 21.309010 -0.087028 1.000000 -0.000000 -1
0 -35.997093 21.309010 -31.542406 0.000000 -0.000000 -1
0 -35.997093 -0.138752 -31.542406 0.000000 1.000000 -1
2
1.000000 0.000000 0.000000
-1.000000 0.000000 0.000000
4
0 0 1 2 0 0 0 1
0 0 2 3 0 0 0 1
0 4 5 6 1 1 1 1
0 4 6 7 1 1 1 1
"rearwall" 0 1
6
0 -0.000001 -0.138752 -31.542406 0.500000 1.000000 -1
0 -0.000001 21.309004 -31.542406 0.500000 0.000000 -1
0 35.997093 21.309010 -31.542406 0.000000 -0.000000 -1
0 35.997093 -0.138753 -31.542406 0.000000 1.000000 -1
0 -35.997093 -0.138752 -31.542406 1.000000 1.000000 -1
0 -35.997093 21.309010 -31.542406 1.000000 -0.000000 -1
1
0.000000 0.000000 -1.000000
4
0 0 1 2 0 0 0 1
0 0 2 3 0 0 0 1
0 0 4 5 0 0 0 1
0 0 5 1 0 0 0 1
"rooftop1" 0 2
4
0 0.000004 35.051319 36.391312 1.000000 1.000000 -1
0 0.000000 35.051319 -36.402908 1.000000 0.000000 -1
0 -39.122093 26.311050 -36.402908 0.000000 0.000000 -1
0 -42.372093 23.061043 38.641312 0.000000 1.000000 -1
3
-0.244480 0.969539 0.014981
-0.218035 0.975941 0.000000
-0.270689 0.962201 0.029948
2
0 0 1 2 0 1 0 1
0 0 2 3 0 0 2 1
"rooftop2" 0 2
4
0 0.000004 35.051319 36.391312 0.000000 1.000000 -1
0 39.122093 26.311043 36.391342 1.000000 1.000000 -1
0 39.122093 26.311043 -36.402908 1.000000 0.000000 -1
0 0.000000 35.051319 -36.402908 0.000000 0.000000 -1
3
0.218035 0.975941 -0.000000
0.218035 0.975941 0.000000
0.218035 0.975941 -0.000000
2
0 0 1 2 0 1 0 1
0 0 2 3 0 0 2 1
"roofsides" 0 2
8
0 41.094124 21.309010 -36.403435 1.009366 0.004916 -1
0 39.122093 26.311043 -36.402908 0.009368 0.007177 -1
0 39.122093 26.311043 36.391342 0.011620 1.006998 -1
0 41.094124 21.309010 36.403435 1.011616 1.004911 -1
0 -44.344124 18.059010 38.653435 1.011616 1.004911 -1
0 -42.372093 23.061043 38.641312 0.011621 1.006998 -1
0 -39.122093 26.311050 -36.402908 0.009365 0.007178 -1
0 -41.094124 21.309010 -36.403435 1.009366 0.004916 -1
5
0.930311 0.366771 0.000000
0.930311 0.366771 0.000000
-0.930044 0.366637 -0.024398
-0.930054 0.366611 -0.024401
-0.930034 0.366664 -0.024394
4
0 0 1 2 0 1 0 1
0 0 2 3 0 0 0 1
0 4 5 6 2 3 2 1
0 4 6 7 2 2 4 1
"rooffront" 0 3
6
0 0.000004 14.769445 41.366341 0.500000 1.000000 -1
0 0.000004 27.678900 36.382046 0.500000 0.000000 -1
0 -39.122093 5.048035 46.755726 0.023994 0.636012 -1
0 -41.094124 0.351816 48.477913 0.000000 1.000000 -1
0 41.094124 21.309010 36.403435 1.000000 1.000000 -1
0 39.122093 26.311043 36.391342 0.976006 0.636012 -1
5
0.038981 0.359909 0.932173
0.049161 0.325619 0.944222
0.112435 0.046727 0.992560
0.063294 0.206345 0.976430
0.012371 0.360155 0.932810
4
0 0 1 2 0 0 0 1
0 0 2 3 1 1 1 1
0 0 4 5 2 2 3 1
0 0 5 1 4 3 4 1
"roofrear" 0 3
6
0 0.000004 21.309010 -36.403435 0.500000 1.000000 -1
0 0.000000 35.051319 -36.402908 0.500000 0.000000 -1
0 39.122093 26.311043 -36.402908 0.023994 0.636012 -1
0 41.094124 21.309010 -36.403435 0.000000 1.000000 -1
0 -41.094124 21.309010 -36.403435 1.000000 1.000000 -1
0 -39.122093 26.311050 -36.402908 0.976006 0.636012 -1
6
0.000000 0.000072 -1.000000
0.000000 0.000038 -1.000000
0.000004 0.000072 -1.000000
0.000000 0.000105 -1.000000
0.000000 0.000105 -1.000000
-0.000004 0.000072 -1.000000
4
0 0 1 2 0 1 2 1
0 0 2 3 0 2 3 1
0 0 4 5 0 4 5 1
0 0 5 1 0 5 1 1
"roofbottom" 0 2
12
0 35.997093 21.309010 -31.542406 0.937984 0.933234 -1
0 41.094124 21.309010 -36.403435 1.000000 1.000000 -1
0 41.094124 21.309010 36.403435 1.000000 0.000000 -1
0 35.997093 21.309010 -0.087025 0.937984 0.501195 -1
0 -35.997093 21.309010 -0.087028 0.062017 0.501195 -1
0 -44.344124 18.059010 38.653435 0.000000 0.000000 -1
0 -41.094124 21.309010 -36.403435 0.000000 1.000000 -1
0 -35.997093 21.309010 -31.542406 0.062017 0.933234 -1
0 -0.000001 21.309004 -31.542406 0.500000 0.933234 -1
0 0.000004 21.309010 -36.403435 0.500000 1.000000 -1
0 0.000000 21.309010 -0.087027 0.500000 0.501195 -1
0 0.000004 21.309010 36.403435 0.500000 0.000000 -1
11
0.000000 -1.000000 0.000000
0.000000 -1.000000 -0.000000
0.000000 -1.000000 0.000000
0.076958 -0.996277 -0.038850
0.101351 -0.994094 -0.038800
0.057636 -0.998305 -0.008089
-0.000000 -1.000000 0.000000
0.000000 -1.000000 -0.000001
0.000000 -1.000000 -0.000001
0.018295 -0.999614 -0.020924
0.036572 -0.999331 -0.000000
12
0 0 1 2 0 1 2 1
0 0 2 3 0 2 2 1
0 4 5 6 3 4 5 1
0 4 6 7 3 5 6 1
0 8 9 1 7 8 1 1
0 8 1 0 7 1 0 1
0 8 7 6 7 6 5 1
0 8 6 9 7 5 8 1
0 10 11 5 9 10 4 1
0 10 5 4 9 4 3 1
0 10 3 2 9 2 2 1
0 10 2 11 9 2 10 1
"storefront1" 0 4
4
0 0.000000 -0.138753 -0.087027 1.000000 1.000000 -1
0 0.000000 21.309010 -0.087027 1.000000 -0.000000 -1
0 -35.997093 21.309010 -0.087028 0.000000 -0.000000 -1
0 -35.997093 -0.138753 -0.087028 0.000000 1.000000 -1
3
-0.000000 -0.000000 1.000000
-0.000000 -0.000000 1.000000
-0.000000 -0.000000 1.000000
2
0 0 1 2 0 1 0 1
0 0 2 3 0 0 2 1
"storefront2" 0 4
4
0 0.000000 -0.138753 -0.087027 1.000000 1.000000 -1
0 35.997093 -0.138752 -0.087026 0.000000 1.000000 -1
0 35.997093 21.309010 -0.087025 0.000000 -0.000000 -1
0 0.000000 21.309010 -0.087027 1.000000 -0.000000 -1
3
-0.000000 -0.000000 1.000000
-0.000000 -0.000000 1.000000
-0.000000 -0.000000 1.000000
2
0 0 1 2 0 1 0 1
0 0 2 3 0 0 2 1
"pump1front" 0 5
14
0 -16.613285 3.096978 49.285843 0.924904 -0.000000 -1
0 -16.613285 0.179579 51.376759 0.924904 -0.000000 -1
0 -11.215267 0.179579 51.376759 0.075096 -0.000000 -1
0 -11.215246 3.096951 49.285851 0.075096 -0.000000 -1
0 2.152163 1.298588 59.467453 0.075096 -0.000000 -1
0 -0.794583 1.774425 48.341610 0.000000 1.000000 -1
0 -3.605665 1.977960 49.094841 0.000000 1.000000 -1
0 -0.658940 1.502112 60.220703 0.075096 -0.000000 -1
0 -30.832634 1.298602 49.204781 0.924904 -0.000000 -1
0 -24.876366 1.774439 39.356419 1.000000 1.000000 -1
0 -27.370901 1.977956 37.857517 1.000000 1.000000 -1
0 -33.327240 1.502112 47.705864 0.924904 -0.000000 -1
0 -10.738238 0.733321 37.776443 0.000000 1.000000 -1
0 -17.090275 0.733288 37.776459 1.000000 1.000000 -1
8
0.000000 0.582540 0.812802
0.000002 0.582542 0.812801
0.078049 0.996708 0.021956
0.078046 0.996708 0.021958
0.038418 0.996708 0.071393
0.038415 0.996708 0.071392
-0.000005 0.979557 -0.201167
0.000005 0.979556 -0.201172
8
0 0 1 2 0 0 0 1
0 0 2 3 1 1 1 1
0 4 5 6 2 2 2 1
0 4 6 7 3 3 3 1
0 8 9 10 4 4 4 1
0 8 10 11 5 5 5 1
0 3 12 13 6 6 6 1
0 3 13 0 7 7 7 1
"pump1rear" 0 5
4
0 -16.811592 22.068398 9.361544 0.075096 -0.000000 -1
0 -16.621876 11.817318 10.701906 0.000000 1.000000 -1
0 -10.937487 11.595747 14.136513 1.000000 1.000000 -1
0 -11.414430 22.106709 9.447618 0.924904 -0.000000 -1
2
-0.511527 0.102089 0.853181
-0.017454 0.406675 0.913406
2
0 0 1 2 0 0 0 1
0 0 2 3 1 1 1 1
"pump2front" 0 5
8
0 11.255056 12.918963 20.863817 0.075101 -0.000000 -1
0 16.652988 12.918963 20.863817 0.924900 -0.000000 -1
0 16.652988 12.918963 17.946495 0.924900 -0.000000 -1
0 11.255056 12.918963 17.946495 0.075101 -0.000000 -1
0 17.130024 1.409580 20.863817 1.000000 1.000000 -1
0 17.130024 1.409580 17.946495 1.000000 1.000000 -1
0 10.778016 1.409580 17.946495 0.000000 1.000000 -1
0 10.778016 1.409580 20.863817 0.000000 1.000000 -1
8
-0.330024 0.674294 0.660615
0.804763 0.436082 0.402727
0.439607 0.898190 0.000000
-0.879214 0.476426 0.000000
0.446830 0.018520 0.894427
0.999142 0.041412 0.000000
-0.999142 0.041412 0.000000
-0.893660 0.037040 0.447214
8
0 0 1 2 0 1 2 1
0 0 2 3 0 2 3 1
0 1 4 5 1 4 5 1
0 1 5 2 1 5 2 1
0 0 4 1 0 4 1 1
0 3 6 7 3 6 7 1
0 3 7 0 3 7 0 1
0 0 7 4 0 7 4 1
"pump2rear" 0 5
4
0 16.652988 12.918963 17.946495 0.075100 -0.000000 -1
0 17.130024 1.409580 17.946495 0.000000 1.000000 -1
0 10.778016 1.409580 17.946495 1.000000 1.000000 -1
0 11.255056 12.918963 17.946495 0.924899 -0.000000 -1
1
0.000000 0.000000 -1.000000
2
0 0 1 2 0 0 0 1
0 0 2 3 0 0 0 1

Materials: 6
"concrete"
0.192157 0.192157 0.192157 1.000000
0.784314 0.784314 0.784314 1.000000
0.000000 0.000000 0.000000 1.000000
0.000000 0.000000 0.000000 1.000000
0.128000
1.000000
"..\common\concrete-cracked.bmp"
""
"sidewall"
0.200000 0.200000 0.200000 1.000000
0.800000 0.800000 0.800000 1.000000
0.000000 0.000000 0.000000 1.000000
0.000000 0.000000 0.000000 1.000000
0.000000
1.000000
".\sidewall.bmp"
""
"rooftop"
0.200000 0.200000 0.200000 1.000000
0.800000 0.800000 0.800000 1.000000
0.000000 0.000000 0.000000 1.000000
0.000000 0.000000 0.000000 1.000000
0.000000
1.000000
".\rooftop.bmp"
""
"rooffront"
0.200000 0.200000 0.200000 1.000000
0.800000 0.800000 0.800000 1.000000
0.000000 0.000000 0.000000 1.000000
0.000000 0.000000 0.000000 1.000000
0.000000
1.000000
".\rooffront.bmp"
""
"storefront"
0.200000 0.200000 0.200000 1.000000
0.800000 0.800000 0.800000 1.000000
0.000000 0.000000 0.000000 1.000000
0.000000 0.000000 0.000000 1.000000
0.000000
1.000000
".\storefront.bmp"
""
"pump"
0.200000 0.200000 0.200000 1.000000
0.800000 0.800000 0.800000 1.000000
0.000000 0.000000 0.000000 1.000000
0.000000 0.000000 0.000000 1.000000
0.000000
1.000000
".\pumpfront.bmp"
""

Bones: 0
GroupComments: 0
MaterialComments: 0
BoneComments: 0
ModelComment: 0
