// MilkShape 3D ASCII

Frames: 30
Frame: 1

Meshes: 4
"window" 0 1
20
1 -15.564666 18.896818 22.586849 0.000000 0.000000 -1
1 -15.564666 8.118191 22.586849 0.000000 1.000000 -1
1 -6.861843 13.646818 22.586849 1.000000 0.000000 -1
1 -4.705593 8.118191 22.586849 1.000000 1.000000 -1
1 -6.861843 13.646818 22.586849 0.000000 0.000000 -1
1 -4.705593 8.118191 22.586849 0.000000 1.000000 -1
1 -2.839969 15.899068 18.564976 1.000000 0.000000 -1
1 -0.683718 8.118191 18.564976 1.000000 1.000000 -1
1 -2.839969 15.899068 18.564976 0.000000 0.000000 -1
1 -0.683718 8.118191 18.564976 0.000000 1.000000 -1
1 -19.747406 21.149067 18.564976 1.000000 0.000000 -1
1 -19.747406 8.118191 18.564976 1.000000 1.000000 -1
1 -19.747406 21.149067 18.564976 0.000000 0.000000 -1
1 -19.747406 8.118191 18.564976 0.000000 1.000000 -1
1 -15.564666 18.896818 22.586849 1.000000 0.000000 -1
1 -15.564666 8.118191 22.586849 1.000000 1.000000 -1
1 -15.564666 18.896818 22.586849 0.000000 1.000000 -1
1 -6.861843 13.646818 22.586849 1.000000 1.000000 -1
1 -15.564666 8.118191 22.586849 0.000000 0.000000 -1
1 -4.705593 8.118191 22.586849 1.000000 0.000000 -1
11
0.000000 0.000000 1.000000
0.615850 0.240191 0.750358
0.655829 0.216558 0.723181
0.693910 0.192297 0.693910
0.000000 0.000000 -1.000000
-0.693109 0.000000 0.720832
-0.693109 0.000000 0.720832
0.289227 0.931445 0.220814
0.342782 0.804697 0.484729
0.365973 0.606666 0.705706
0.000000 -1.000000 0.000000
12
1 0 1 2 0 0 0 1
1 1 3 2 0 0 0 1
1 4 5 6 1 2 2 2
1 5 7 6 2 3 2 2
1 8 9 10 4 4 4 1
1 9 11 10 4 4 4 1
1 12 13 14 5 6 6 2
1 13 15 14 6 6 6 2
1 12 16 6 7 8 8 3
1 16 17 6 8 9 8 3
1 18 13 19 10 10 10 3
1 13 7 19 10 10 10 3
"door" 0 3
20
1 -1.755714 1.620910 28.407597 0.000000 0.000000 -1
1 18.957308 1.218711 38.402298 0.000000 1.000000 -1
1 3.455536 5.146241 17.927032 1.000000 0.000000 -1
1 24.168577 4.744030 27.921787 1.000000 1.000000 -1
1 3.455536 5.146241 17.927032 0.000000 0.000000 -1
1 24.168577 4.744030 27.921787 0.000000 1.000000 -1
1 3.798027 3.825385 17.097658 1.000000 0.000000 -1
1 24.511059 3.423176 27.092400 1.000000 1.000000 -1
1 3.798027 3.825385 17.097658 0.000000 0.000000 -1
1 24.511059 3.423176 27.092400 0.000000 1.000000 -1
1 -1.413230 0.300056 27.578220 1.000000 0.000000 -1
1 19.299793 -0.102144 37.572926 1.000000 1.000000 -1
1 -1.413230 0.300056 27.578220 0.000000 0.000000 -1
1 19.299793 -0.102144 37.572926 0.000000 1.000000 -1
1 -1.755714 1.620910 28.407597 1.000000 0.000000 -1
1 18.957308 1.218711 38.402298 1.000000 1.000000 -1
1 -1.755714 1.620910 28.407597 0.000000 1.000000 -1
1 3.455536 5.146241 17.927032 1.000000 1.000000 -1
1 18.957308 1.218711 38.402298 0.000000 0.000000 -1
1 24.168577 4.744030 27.921787 1.000000 0.000000 -1
18
-0.110322 0.957317 0.267156
-0.110322 0.957317 0.267156
-0.110322 0.957317 0.267156
0.368568 0.560998 -0.741241
0.368567 0.561000 -0.741240
0.368567 0.561002 -0.741239
0.110322 -0.957318 -0.267156
0.110322 -0.957318 -0.267156
0.110322 -0.957318 -0.267156
-0.368567 -0.560998 0.741242
-0.368567 -0.560997 0.741243
-0.368567 -0.560996 0.741243
-0.899935 0.039324 -0.434248
-0.899935 0.039322 -0.434248
-0.899935 0.039319 -0.434249
0.899933 -0.039324 0.434250
0.899934 -0.039327 0.434249
0.899934 -0.039330 0.434248
12
1 0 1 2 0 1 1 1
1 1 3 2 1 2 1 1
1 4 5 6 3 4 4 2
1 5 7 6 4 5 4 2
1 8 9 10 6 7 7 1
1 9 11 10 7 8 7 1
1 12 13 14 9 10 10 2
1 13 15 14 10 11 10 2
1 12 16 6 12 13 13 3
1 16 17 6 13 14 13 3
1 18 13 19 15 16 16 3
1 13 7 19 16 17 16 3
"rubble" 0 2
208
1 -1.135692 5.724115 2.314326 0.000000 0.000000 -1
1 -4.049679 -0.719303 -8.433195 0.000000 1.000000 -1
1 11.638199 10.496572 22.513933 1.000000 0.000000 -1
1 15.838980 5.847070 22.026255 1.000000 1.000000 -1
1 11.638199 10.496572 22.513933 0.000000 0.000000 -1
1 15.838980 5.847070 22.026255 0.000000 1.000000 -1
1 15.627630 12.259847 19.053772 1.000000 0.000000 -1
1 19.828411 7.610343 18.566074 1.000000 1.000000 -1
1 15.627630 12.259847 19.053772 0.000000 0.000000 -1
1 19.828411 7.610343 18.566074 0.000000 1.000000 -1
1 2.853740 7.487387 -1.145841 1.000000 0.000000 -1
1 -0.060270 1.043963 -11.893406 1.000000 1.000000 -1
1 2.853740 7.487387 -1.145841 0.000000 0.000000 -1
1 -0.060270 1.043963 -11.893406 0.000000 1.000000 -1
1 -1.135692 5.724115 2.314326 1.000000 0.000000 -1
1 -4.049679 -0.719303 -8.433195 1.000000 1.000000 -1
1 -1.135692 5.724115 2.314326 0.000000 1.000000 -1
1 11.638199 10.496572 22.513933 1.000000 1.000000 -1
1 -4.049679 -0.719303 -8.433195 0.000000 0.000000 -1
1 15.838980 5.847070 22.026255 1.000000 0.000000 -1
1 17.854702 13.527334 18.946844 0.000000 0.000000 -1
1 16.678131 26.757654 -23.706730 0.000000 1.000000 -1
1 17.982094 13.633201 18.946844 1.000000 0.000000 -1
1 22.021881 26.757654 -23.706730 1.000000 1.000000 -1
1 -24.626627 21.817371 19.003094 0.000000 0.000000 -1
1 -16.553387 11.695002 -23.650478 0.000000 1.000000 -1
1 -19.908365 23.489862 19.003094 1.000000 0.000000 -1
1 -11.835129 13.367491 -23.650478 1.000000 1.000000 -1
1 2.531250 2.951602 24.189749 0.000000 0.000000 -1
1 2.531250 -0.985899 24.189749 0.000000 1.000000 -1
1 18.056252 2.951602 24.189749 1.000000 0.000000 -1
1 18.056252 -0.985899 24.189749 1.000000 1.000000 -1
1 18.056252 2.951602 24.189749 0.000000 0.000000 -1
1 18.056252 -0.985899 24.189749 0.000000 1.000000 -1
1 18.056252 2.971339 18.392054 1.000000 0.000000 -1
1 18.056252 -0.966162 18.392054 1.000000 1.000000 -1
1 18.056252 2.971339 18.392054 0.000000 0.000000 -1
1 18.056252 -0.966162 18.392054 0.000000 1.000000 -1
1 2.531250 2.971339 18.392054 1.000000 0.000000 -1
1 2.531250 -0.966162 18.392054 1.000000 1.000000 -1
1 2.531250 2.971339 18.392054 0.000000 0.000000 -1
1 2.531250 -0.966162 18.392054 0.000000 1.000000 -1
1 2.531250 2.951602 24.189749 1.000000 0.000000 -1
1 2.531250 -0.985899 24.189749 1.000000 1.000000 -1
1 2.531250 2.951602 24.189749 0.000000 1.000000 -1
1 18.056252 2.951602 24.189749 1.000000 1.000000 -1
1 2.531250 -0.985899 24.189749 0.000000 0.000000 -1
1 18.056252 -0.985899 24.189749 1.000000 0.000000 -1
1 -13.416971 2.017412 7.565937 0.000000 0.000000 -1
1 -13.416971 -1.013840 7.565937 0.000000 1.000000 -1
1 -7.384359 2.017412 10.378988 1.000000 0.000000 -1
1 -7.384359 -1.013840 10.378988 1.000000 1.000000 -1
1 -7.384359 2.017412 10.378988 0.000000 0.000000 -1
1 -7.384359 -1.013840 10.378988 0.000000 1.000000 -1
1 -3.739278 2.017412 2.562080 1.000000 0.000000 -1
1 -3.739278 -1.013840 2.562080 1.000000 1.000000 -1
1 -3.739278 2.017412 2.562080 0.000000 0.000000 -1
1 -3.739278 -1.013840 2.562080 0.000000 1.000000 -1
1 -9.771889 2.017412 -0.250973 1.000000 0.000000 -1
1 -9.771889 -1.013840 -0.250973 1.000000 1.000000 -1
1 -9.771889 2.017412 -0.250973 0.000000 0.000000 -1
1 -9.771889 -1.013840 -0.250973 0.000000 1.000000 -1
1 -13.416971 2.017412 7.565937 1.000000 0.000000 -1
1 -13.416971 -1.013840 7.565937 1.000000 1.000000 -1
1 -13.416971 2.017412 7.565937 0.000000 1.000000 -1
1 -7.384359 2.017412 10.378988 1.000000 1.000000 -1
1 -13.416971 -1.013840 7.565937 0.000000 0.000000 -1
1 -7.384359 -1.013840 10.378988 1.000000 0.000000 -1
1 -5.668934 4.977926 0.173066 0.000000 0.000000 -1
1 -4.820817 2.204914 1.801958 0.000000 1.000000 -1
1 -1.542755 4.208893 -4.921026 1.000000 0.000000 -1
1 -0.694638 1.435882 -3.292137 1.000000 1.000000 -1
1 -1.542755 4.208893 -4.921026 0.000000 0.000000 -1
1 -0.694638 1.435882 -3.292137 0.000000 1.000000 -1
1 -8.116682 2.111158 -9.533321 1.000000 0.000000 -1
1 -7.268568 -0.661853 -7.904424 1.000000 1.000000 -1
1 -8.116682 2.111158 -9.533321 0.000000 0.000000 -1
1 -7.268568 -0.661853 -7.904424 0.000000 1.000000 -1
1 -12.242864 2.880191 -4.439220 1.000000 0.000000 -1
1 -11.394738 0.107178 -2.810335 1.000000 1.000000 -1
1 -12.242864 2.880191 -4.439220 0.000000 0.000000 -1
1 -11.394738 0.107178 -2.810335 0.000000 1.000000 -1
1 -5.668934 4.977926 0.173066 1.000000 0.000000 -1
1 -4.820817 2.204914 1.801958 1.000000 1.000000 -1
1 -5.668934 4.977926 0.173066 0.000000 1.000000 -1
1 -1.542755 4.208893 -4.921026 1.000000 1.000000 -1
1 -4.820817 2.204914 1.801958 0.000000 0.000000 -1
1 -0.694638 1.435882 -3.292137 1.000000 0.000000 -1
1 26.333031 1.986163 -9.871561 0.000000 0.000000 -1
1 26.333031 -1.045090 -9.871561 0.000000 1.000000 -1
1 32.365643 1.986163 -7.058511 1.000000 0.000000 -1
1 32.365643 -1.045090 -7.058511 1.000000 1.000000 -1
1 32.365643 1.986163 -7.058511 0.000000 0.000000 -1
1 32.365643 -1.045090 -7.058511 0.000000 1.000000 -1
1 36.010719 1.986163 -14.875420 1.000000 0.000000 -1
1 36.010719 -1.045090 -14.875420 1.000000 1.000000 -1
1 36.010719 1.986163 -14.875420 0.000000 0.000000 -1
1 36.010719 -1.045090 -14.875420 0.000000 1.000000 -1
1 29.978113 1.986163 -17.688475 1.000000 0.000000 -1
1 29.978113 -1.045090 -17.688475 1.000000 1.000000 -1
1 29.978113 1.986163 -17.688475 0.000000 0.000000 -1
1 29.978113 -1.045090 -17.688475 0.000000 1.000000 -1
1 26.333031 1.986163 -9.871561 1.000000 0.000000 -1
1 26.333031 -1.045090 -9.871561 1.000000 1.000000 -1
1 26.333031 1.986163 -9.871561 0.000000 1.000000 -1
1 32.365643 1.986163 -7.058511 1.000000 1.000000 -1
1 26.333031 -1.045090 -9.871561 0.000000 0.000000 -1
1 32.365643 -1.045090 -7.058511 1.000000 0.000000 -1
1 9.726780 2.017413 -1.644434 0.000000 0.000000 -1
1 9.726780 -1.013840 -1.644434 0.000000 1.000000 -1
1 15.548472 2.017413 -4.871454 1.000000 0.000000 -1
1 15.548472 -1.013840 -4.871454 1.000000 1.000000 -1
1 15.548472 2.017413 -4.871454 0.000000 0.000000 -1
1 15.548472 -1.013840 -4.871454 0.000000 1.000000 -1
1 11.366981 2.017413 -12.415045 1.000000 0.000000 -1
1 11.366981 -1.013840 -12.415045 1.000000 1.000000 -1
1 11.366981 2.017413 -12.415045 0.000000 0.000000 -1
1 11.366981 -1.013840 -12.415045 0.000000 1.000000 -1
1 5.545289 2.017413 -9.188034 1.000000 0.000000 -1
1 5.545289 -1.013840 -9.188034 1.000000 1.000000 -1
1 5.545289 2.017413 -9.188034 0.000000 0.000000 -1
1 5.545289 -1.013840 -9.188034 0.000000 1.000000 -1
1 9.726780 2.017413 -1.644434 1.000000 0.000000 -1
1 9.726780 -1.013840 -1.644434 1.000000 1.000000 -1
1 9.726780 2.017413 -1.644434 0.000000 1.000000 -1
1 15.548472 2.017413 -4.871454 1.000000 1.000000 -1
1 9.726780 -1.013840 -1.644434 0.000000 0.000000 -1
1 15.548472 -1.013840 -4.871454 1.000000 0.000000 -1
1 0.889089 2.017413 -35.189487 0.000000 0.000000 -1
1 0.889089 -1.013840 -35.189487 0.000000 1.000000 -1
1 0.077902 2.017413 -41.796124 1.000000 0.000000 -1
1 0.077902 -1.013840 -41.796124 1.000000 1.000000 -1
1 0.077902 2.017413 -41.796124 0.000000 0.000000 -1
1 0.077902 -1.013840 -41.796124 0.000000 1.000000 -1
1 -8.482825 2.017413 -40.744995 1.000000 0.000000 -1
1 -8.482825 -1.013840 -40.744995 1.000000 1.000000 -1
1 -8.482825 2.017413 -40.744995 0.000000 0.000000 -1
1 -8.482825 -1.013840 -40.744995 0.000000 1.000000 -1
1 -7.671638 2.017413 -34.138344 1.000000 0.000000 -1
1 -7.671638 -1.013840 -34.138344 1.000000 1.000000 -1
1 -7.671638 2.017413 -34.138344 0.000000 0.000000 -1
1 -7.671638 -1.013840 -34.138344 0.000000 1.000000 -1
1 0.889089 2.017413 -35.189487 1.000000 0.000000 -1
1 0.889089 -1.013840 -35.189487 1.000000 1.000000 -1
1 0.889089 2.017413 -35.189487 0.000000 1.000000 -1
1 0.077902 2.017413 -41.796124 1.000000 1.000000 -1
1 0.889089 -1.013840 -35.189487 0.000000 0.000000 -1
1 0.077902 -1.013840 -41.796124 1.000000 0.000000 -1
1 9.227055 1.740653 -35.563492 0.000000 0.000000 -1
1 7.597601 -1.089266 -35.563492 0.000000 1.000000 -1
1 5.316360 2.741436 -40.736397 1.000000 0.000000 -1
1 3.686906 -0.088483 -40.736397 1.000000 1.000000 -1
1 5.316360 2.741436 -40.736397 0.000000 0.000000 -1
1 3.686906 -0.088483 -40.736397 0.000000 1.000000 -1
1 -0.941338 4.342839 -35.308495 1.000000 0.000000 -1
1 -2.570795 1.512921 -35.308495 1.000000 1.000000 -1
1 -0.941338 4.342839 -35.308495 0.000000 0.000000 -1
1 -2.570795 1.512921 -35.308495 0.000000 1.000000 -1
1 2.969359 3.342055 -30.135590 1.000000 0.000000 -1
1 1.339904 0.512137 -30.135590 1.000000 1.000000 -1
1 2.969359 3.342055 -30.135590 0.000000 0.000000 -1
1 1.339904 0.512137 -30.135590 0.000000 1.000000 -1
1 9.227055 1.740653 -35.563492 1.000000 0.000000 -1
1 7.597601 -1.089266 -35.563492 1.000000 1.000000 -1
1 9.227055 1.740653 -35.563492 0.000000 1.000000 -1
1 5.316360 2.741436 -40.736397 1.000000 1.000000 -1
1 7.597601 -1.089266 -35.563492 0.000000 0.000000 -1
1 3.686906 -0.088483 -40.736397 1.000000 0.000000 -1
1 -13.651085 2.017413 28.332336 0.000000 0.000000 -1
1 -13.651085 -1.013840 28.332336 0.000000 1.000000 -1
1 -11.928322 2.017413 34.761791 1.000000 0.000000 -1
1 -11.928322 -1.013840 34.761791 1.000000 1.000000 -1
1 -11.928322 2.017413 34.761791 0.000000 0.000000 -1
1 -11.928322 -1.013840 34.761791 0.000000 1.000000 -1
1 -3.597183 2.017413 32.529457 1.000000 0.000000 -1
1 -3.597183 -1.013840 32.529457 1.000000 1.000000 -1
1 -3.597183 2.017413 32.529457 0.000000 0.000000 -1
1 -3.597183 -1.013840 32.529457 0.000000 1.000000 -1
1 -5.319968 2.017413 26.099985 1.000000 0.000000 -1
1 -5.319968 -1.013840 26.099985 1.000000 1.000000 -1
1 -5.319968 2.017413 26.099985 0.000000 0.000000 -1
1 -5.319968 -1.013840 26.099985 0.000000 1.000000 -1
1 -13.651085 2.017413 28.332336 1.000000 0.000000 -1
1 -13.651085 -1.013840 28.332336 1.000000 1.000000 -1
1 -13.651085 2.017413 28.332336 0.000000 1.000000 -1
1 -11.928322 2.017413 34.761791 1.000000 1.000000 -1
1 -13.651085 -1.013840 28.332336 0.000000 0.000000 -1
1 -11.928322 -1.013840 34.761791 1.000000 0.000000 -1
1 -21.855888 1.740653 29.863110 0.000000 0.000000 -1
1 -20.242302 -1.089266 29.636330 0.000000 1.000000 -1
1 -17.263304 2.741436 34.441414 1.000000 0.000000 -1
1 -15.649701 -0.088483 34.214642 1.000000 1.000000 -1
1 -17.263304 2.741436 34.441414 0.000000 0.000000 -1
1 -15.649701 -0.088483 34.214642 0.000000 1.000000 -1
1 -11.821905 4.342839 28.195423 1.000000 0.000000 -1
1 -10.208305 1.512921 27.968651 1.000000 1.000000 -1
1 -11.821905 4.342839 28.195423 0.000000 0.000000 -1
1 -10.208305 1.512921 27.968651 0.000000 1.000000 -1
1 -16.414484 3.342055 23.617125 1.000000 0.000000 -1
1 -14.800893 0.512137 23.390339 1.000000 1.000000 -1
1 -16.414484 3.342055 23.617125 0.000000 0.000000 -1
1 -14.800893 0.512137 23.390339 0.000000 1.000000 -1
1 -21.855888 1.740653 29.863110 1.000000 0.000000 -1
1 -20.242302 -1.089266 29.636330 1.000000 1.000000 -1
1 -21.855888 1.740653 29.863110 0.000000 1.000000 -1
1 -17.263304 2.741436 34.441414 1.000000 1.000000 -1
1 -20.242302 -1.089266 29.636330 0.000000 0.000000 -1
1 -15.649701 -0.088483 34.214642 1.000000 0.000000 -1
105
-0.603984 -0.600644 0.523861
-0.603985 -0.600643 0.523861
-0.603986 -0.600642 0.523861
0.506541 0.376285 0.775774
0.506542 0.376285 0.775774
0.506544 0.376285 0.775773
0.603985 0.600643 -0.523861
0.603985 0.600644 -0.523860
0.603984 0.600644 -0.523860
-0.587496 0.754338 -0.292955
-0.587498 0.754337 -0.292955
-0.587500 0.754335 -0.292954
-0.385352 0.922410 0.025757
-0.385352 0.922410 0.025757
-0.385353 0.922410 0.025757
0.372284 -0.927112 -0.043220
0.372284 -0.927112 -0.043220
0.372284 -0.927112 -0.043220
0.619143 -0.745031 -0.248173
0.327679 -0.900146 -0.286991
0.000000 -0.955777 -0.294092
0.321146 -0.905983 0.275789
0.321146 -0.905983 0.275789
0.321146 -0.905983 0.275789
0.000000 0.000000 1.000000
1.000000 0.000000 0.000000
0.000000 0.000000 -1.000000
-1.000000 0.000000 0.000000
0.000000 0.999994 0.003404
0.000000 -0.999994 -0.003404
-0.422618 0.000000 0.906308
0.906308 0.000000 0.422618
0.422618 0.000000 -0.906308
-0.906308 0.000000 -0.422618
0.000000 1.000000 0.000000
0.000000 -1.000000 0.000000
0.705743 0.506706 0.495152
0.705743 0.506706 0.495152
0.705743 0.506706 0.495152
0.608576 -0.255209 -0.751334
0.608576 -0.255210 -0.751334
0.608576 -0.255211 -0.751334
-0.705743 -0.506706 -0.495151
-0.705743 -0.506706 -0.495151
-0.608575 0.255207 0.751336
-0.608576 0.255208 0.751335
-0.608577 0.255209 0.751334
-0.130401 0.959308 -0.250446
-0.130401 0.959308 -0.250446
-0.130400 0.959308 -0.250446
0.130401 -0.959308 0.250446
0.130401 -0.959308 0.250446
0.130401 -0.959308 0.250446
-0.422618 0.000000 0.906308
0.906308 0.000000 0.422618
0.422619 0.000000 -0.906308
-0.906308 0.000000 -0.422618
0.484810 0.000000 0.874619
0.874619 0.000000 -0.484811
-0.484809 0.000000 -0.874620
-0.874619 0.000000 0.484810
0.992546 0.000000 -0.121868
-0.121870 0.000000 -0.992546
-0.992546 0.000000 0.121868
0.121871 0.000000 0.992546
0.692724 -0.398867 -0.600864
0.692724 -0.398867 -0.600864
0.692724 -0.398868 -0.600864
-0.569690 0.328025 -0.753560
-0.569690 0.328025 -0.753560
-0.569690 0.328025 -0.753560
-0.692724 0.398868 0.600864
-0.692724 0.398868 0.600864
-0.692724 0.398868 0.600865
0.569690 -0.328025 0.753560
0.569690 -0.328025 0.753560
0.569690 -0.328025 0.753560
0.247920 0.968781 -0.000000
0.247920 0.968781 -0.000000
0.247920 0.968781 -0.000000
-0.247920 -0.968781 0.000000
-0.247920 -0.968781 0.000000
-0.247920 -0.968781 0.000000
-0.965926 0.000000 0.258818
0.258820 0.000000 0.965925
0.965925 0.000000 -0.258821
-0.258823 0.000000 -0.965925
-0.602358 -0.398866 0.691426
-0.602358 -0.398867 0.691426
-0.602357 -0.398867 0.691427
0.669020 0.328027 0.666941
0.669020 0.328026 0.666941
0.669020 0.328026 0.666941
0.602358 0.398867 -0.691426
0.602358 0.398868 -0.691426
0.602358 0.398868 -0.691426
-0.669022 -0.328022 -0.666942
-0.669022 -0.328022 -0.666942
-0.669022 -0.328022 -0.666942
-0.245506 0.968781 0.034504
-0.245506 0.968781 0.034504
-0.245506 0.968781 0.034504
0.245506 -0.968781 -0.034504
0.245506 -0.968781 -0.034504
0.245507 -0.968781 -0.034504
124
1 0 1 2 0 1 1 1
1 1 3 2 1 2 1 1
1 4 5 6 3 4 4 2
1 5 7 6 4 5 4 2
1 8 9 10 6 7 7 1
1 9 11 10 7 8 7 1
1 12 13 14 9 10 10 2
1 13 15 14 10 11 10 2
1 12 16 6 12 13 13 3
1 16 17 6 13 14 13 3
1 18 13 19 15 16 16 3
1 13 7 19 16 17 16 3
1 20 21 22 18 19 19 3
1 21 23 22 19 20 19 3
1 24 25 26 21 22 22 3
1 25 27 26 22 23 22 3
1 28 29 30 24 24 24 1
1 29 31 30 24 24 24 1
1 32 33 34 25 25 25 2
1 33 35 34 25 25 25 2
1 36 37 38 26 26 26 1
1 37 39 38 26 26 26 1
1 40 41 42 27 27 27 2
1 41 43 42 27 27 27 2
1 40 44 34 28 28 28 3
1 44 45 34 28 28 28 3
1 46 41 47 29 29 29 3
1 41 35 47 29 29 29 3
1 48 49 50 30 30 30 1
1 49 51 50 30 30 30 1
1 52 53 54 31 31 31 2
1 53 55 54 31 31 31 2
1 56 57 58 32 32 32 1
1 57 59 58 32 32 32 1
1 60 61 62 33 33 33 2
1 61 63 62 33 33 33 2
1 60 64 54 34 34 34 3
1 64 65 54 34 34 34 3
1 66 61 67 35 35 35 3
1 61 55 67 35 35 35 3
1 68 69 70 36 37 37 1
1 69 71 70 37 38 37 1
1 72 73 74 39 40 40 2
1 73 75 74 40 41 40 2
1 76 77 78 42 43 43 1
1 77 79 78 43 43 43 1
1 80 81 82 44 45 45 2
1 81 83 82 45 46 45 2
1 80 84 74 47 48 48 3
1 84 85 74 48 49 48 3
1 86 81 87 50 51 51 3
1 81 75 87 51 52 51 3
1 88 89 90 53 53 53 1
1 89 91 90 53 53 53 1
1 92 93 94 54 54 54 2
1 93 95 94 54 54 54 2
1 96 97 98 55 55 55 1
1 97 99 98 55 55 55 1
1 100 101 102 56 56 56 2
1 101 103 102 56 56 56 2
1 100 104 94 34 34 34 3
1 104 105 94 34 34 34 3
1 106 101 107 35 35 35 3
1 101 95 107 35 35 35 3
1 108 109 110 57 57 57 1
1 109 111 110 57 57 57 1
1 112 113 114 58 58 58 2
1 113 115 114 58 58 58 2
1 116 117 118 59 59 59 1
1 117 119 118 59 59 59 1
1 120 121 122 60 60 60 2
1 121 123 122 60 60 60 2
1 120 124 114 34 34 34 3
1 124 125 114 34 34 34 3
1 126 121 127 35 35 35 3
1 121 115 127 35 35 35 3
1 128 129 130 61 61 61 1
1 129 131 130 61 61 61 1
1 132 133 134 62 62 62 2
1 133 135 134 62 62 62 2
1 136 137 138 63 63 63 1
1 137 139 138 63 63 63 1
1 140 141 142 64 64 64 2
1 141 143 142 64 64 64 2
1 140 144 134 34 34 34 3
1 144 145 134 34 34 34 3
1 146 141 147 35 35 35 3
1 141 135 147 35 35 35 3
1 148 149 150 65 66 66 1
1 149 151 150 66 67 66 1
1 152 153 154 68 69 69 2
1 153 155 154 69 70 69 2
1 156 157 158 71 72 72 1
1 157 159 158 72 73 72 1
1 160 161 162 74 75 75 2
1 161 163 162 75 76 75 2
1 160 164 154 77 78 78 3
1 164 165 154 78 79 78 3
1 166 161 167 80 81 81 3
1 161 155 167 81 82 81 3
1 168 169 170 83 83 83 1
1 169 171 170 83 83 83 1
1 172 173 174 84 84 84 2
1 173 175 174 84 84 84 2
1 176 177 178 85 85 85 1
1 177 179 178 85 85 85 1
1 180 181 182 86 86 86 2
1 181 183 182 86 86 86 2
1 180 184 174 34 34 34 3
1 184 185 174 34 34 34 3
1 186 181 187 35 35 35 3
1 181 175 187 35 35 35 3
1 188 189 190 87 88 88 1
1 189 191 190 88 89 88 1
1 192 193 194 90 91 91 2
1 193 195 194 91 92 91 2
1 196 197 198 93 94 94 1
1 197 199 198 94 95 94 1
1 200 201 202 96 97 97 2
1 201 203 202 97 98 97 2
1 200 204 194 99 100 100 3
1 204 205 194 100 101 100 3
1 206 201 207 102 103 103 3
1 201 195 207 103 104 103 3
"frame" 0 0
80
1 -24.687761 21.945374 19.302258 0.000000 0.000000 -1
1 -21.744045 -0.958399 19.302258 0.000000 1.000000 -1
1 -20.034546 23.594810 19.302254 1.000000 0.000000 -1
1 -16.473959 -0.958399 19.302254 1.000000 1.000000 -1
1 -20.034546 23.594810 19.302254 0.000000 0.000000 -1
1 -16.473959 -0.958399 19.302254 0.000000 1.000000 -1
1 -11.843937 13.325281 -23.595068 1.000000 0.000000 -1
1 -16.473959 -0.958399 -18.947746 1.000000 1.000000 -1
1 -11.843937 13.325281 -23.595068 0.000000 0.000000 -1
1 -16.473959 -0.958399 -18.947746 0.000000 1.000000 -1
1 -16.497145 11.675831 -23.595066 1.000000 0.000000 -1
1 -21.744045 -0.958399 -18.947742 1.000000 1.000000 -1
1 -16.497145 11.675831 -23.595066 0.000000 0.000000 -1
1 -21.744045 -0.958399 -18.947742 0.000000 1.000000 -1
1 -24.687761 21.945374 19.302258 1.000000 0.000000 -1
1 -21.744045 -0.958399 19.302258 1.000000 1.000000 -1
1 -24.687761 21.945374 19.302258 0.000000 1.000000 -1
1 -20.034546 23.594810 19.302254 1.000000 1.000000 -1
1 -21.744045 -0.958399 19.302258 0.000000 0.000000 -1
1 -16.473959 -0.958399 19.302254 1.000000 0.000000 -1
1 18.049583 13.632846 19.302258 0.000000 0.000000 -1
1 16.723667 -1.000065 19.302258 0.000000 1.000000 -1
1 21.807770 7.912803 19.302254 1.000000 0.000000 -1
1 21.993752 -1.000065 19.302254 1.000000 1.000000 -1
1 21.807770 7.912803 19.302254 0.000000 0.000000 -1
1 21.993752 -1.000065 19.302254 0.000000 1.000000 -1
1 22.050001 26.743969 -23.595068 1.000000 0.000000 -1
1 21.993752 -1.000065 -18.947746 1.000000 1.000000 -1
1 22.050001 26.743969 -23.595068 0.000000 0.000000 -1
1 21.993752 -1.000065 -18.947746 0.000000 1.000000 -1
1 16.779915 26.743969 -23.595066 1.000000 0.000000 -1
1 16.723667 -1.000065 -18.947742 1.000000 1.000000 -1
1 16.779915 26.743969 -23.595066 0.000000 0.000000 -1
1 16.723667 -1.000065 -18.947742 0.000000 1.000000 -1
1 18.049583 13.632846 19.302258 1.000000 0.000000 -1
1 16.723667 -1.000065 19.302258 1.000000 1.000000 -1
1 18.049583 13.632846 19.302258 0.000000 1.000000 -1
1 21.807770 7.912803 19.302254 1.000000 1.000000 -1
1 16.723667 -1.000065 19.302258 0.000000 0.000000 -1
1 21.993752 -1.000065 19.302254 1.000000 0.000000 -1
1 10.971379 14.882209 -17.723389 0.000000 0.000000 -1
1 19.199350 -1.000065 -13.659571 0.000000 1.000000 -1
1 11.187174 14.882209 -22.706360 1.000000 0.000000 -1
1 19.199343 -1.000065 -18.929665 1.000000 1.000000 -1
1 11.187174 14.882209 -22.706360 0.000000 0.000000 -1
1 19.199343 -1.000065 -18.929665 0.000000 1.000000 -1
1 -23.478985 14.882209 -35.159363 1.000000 0.000000 -1
1 -19.050688 -1.000065 -18.929668 1.000000 1.000000 -1
1 -23.478985 14.882209 -35.159363 0.000000 0.000000 -1
1 -19.050688 -1.000065 -18.929668 0.000000 1.000000 -1
1 -25.194752 14.882209 -30.176388 1.000000 0.000000 -1
1 -19.050701 -1.000065 -13.659571 1.000000 1.000000 -1
1 -25.194752 14.882209 -30.176388 0.000000 0.000000 -1
1 -19.050701 -1.000065 -13.659571 0.000000 1.000000 -1
1 10.971379 14.882209 -17.723389 1.000000 0.000000 -1
1 19.199350 -1.000065 -13.659571 1.000000 1.000000 -1
1 10.971379 14.882209 -17.723389 0.000000 1.000000 -1
1 11.187174 14.882209 -22.706360 1.000000 1.000000 -1
1 19.199350 -1.000065 -13.659571 0.000000 0.000000 -1
1 19.199343 -1.000065 -18.929665 1.000000 0.000000 -1
1 -2.956025 7.717837 19.298601 0.000000 0.000000 -1
1 19.761847 -1.000065 19.354855 0.000000 1.000000 -1
1 -2.956008 7.717837 14.028507 1.000000 0.000000 -1
1 19.761837 -1.000065 14.084759 1.000000 1.000000 -1
1 -2.956008 7.717837 14.028507 0.000000 0.000000 -1
1 19.761837 -1.000065 14.084759 0.000000 1.000000 -1
1 -21.846081 22.976269 14.028511 1.000000 0.000000 -1
1 -18.488186 -1.000065 14.084755 1.000000 1.000000 -1
1 -21.846081 22.976269 14.028511 0.000000 0.000000 -1
1 -18.488186 -1.000065 14.084755 0.000000 1.000000 -1
1 -21.846073 22.976274 19.298601 1.000000 0.000000 -1
1 -18.488199 -1.000065 19.354855 1.000000 1.000000 -1
1 -21.846073 22.976274 19.298601 0.000000 0.000000 -1
1 -18.488199 -1.000065 19.354855 0.000000 1.000000 -1
1 -2.956025 7.717837 19.298601 1.000000 0.000000 -1
1 19.761847 -1.000065 19.354855 1.000000 1.000000 -1
1 -2.956025 7.717837 19.298601 0.000000 1.000000 -1
1 -2.956008 7.717837 14.028507 1.000000 1.000000 -1
1 19.761847 -1.000065 19.354855 0.000000 0.000000 -1
1 19.761837 -1.000065 14.084759 1.000000 0.000000 -1
59
0.000001 0.000000 1.000000
0.000001 0.000000 1.000000
0.000001 0.000000 1.000000
0.978029 0.141829 0.152787
0.993209 -0.085727 0.078655
0.951272 -0.308353 0.000000
0.121398 -0.342472 -0.931652
0.060811 -0.344484 -0.936820
-0.000001 -0.345222 -0.938521
-0.923796 0.292966 -0.246521
-0.988200 0.085369 -0.127170
-0.991842 -0.127477 0.000000
-0.320934 0.905375 -0.278023
-0.320933 0.905376 -0.278023
-0.320931 0.905377 -0.278022
0.000000 -1.000000 0.000000
0.000001 -0.000000 1.000000
0.000001 -0.000000 1.000000
0.000001 0.000000 1.000000
0.999673 0.020860 0.014802
0.999928 0.009417 0.007402
0.999998 -0.002027 0.000000
-0.000000 -0.165205 -0.986259
-0.000001 -0.165205 -0.986259
-0.000001 -0.165205 -0.986259
-0.999466 0.007358 0.031831
-0.998679 0.048848 0.015931
-0.995920 0.090242 0.000000
0.000000 0.956329 0.292292
0.456603 0.838024 0.298714
0.811601 0.533238 0.238665
0.883240 0.467358 0.038250
0.888237 0.458987 0.019129
0.892824 0.450405 -0.000001
0.337597 -0.053167 -0.939788
0.183341 -0.417019 -0.890214
0.000000 -0.714715 -0.699416
-0.812092 -0.512169 -0.279624
-0.885258 -0.442931 -0.141879
-0.932645 -0.360796 -0.000002
-0.247165 0.650882 0.717818
-0.128261 0.466396 0.875228
0.000000 0.247885 0.968789
0.000000 1.000000 0.000000
0.358272 0.933617 0.000001
0.358272 0.933617 0.000000
0.358273 0.933617 -0.000001
-0.004717 -0.005840 0.999972
-0.499277 -0.866438 -0.002694
0.000000 -0.002346 -0.999997
-0.990335 -0.138697 0.000002
-0.990335 -0.138696 -0.000000
-0.990335 -0.138696 -0.000003
0.002137 0.002645 0.999994
0.001068 0.004549 0.999989
0.000000 0.006453 0.999979
0.628364 0.777919 -0.000002
0.628364 0.777919 0.000000
0.628364 0.777920 0.000002
48
1 0 1 2 0 1 1 1
1 1 3 2 1 2 1 1
1 4 5 6 3 4 4 2
1 5 7 6 4 5 4 2
1 8 9 10 6 7 7 1
1 9 11 10 7 8 7 1
1 12 13 14 9 10 10 2
1 13 15 14 10 11 10 2
1 12 16 6 12 13 13 3
1 16 17 6 13 14 13 3
1 18 13 19 15 15 15 3
1 13 7 19 15 15 15 3
1 20 21 22 16 17 17 1
1 21 23 22 17 18 17 1
1 24 25 26 19 20 20 2
1 25 27 26 20 21 20 2
1 28 29 30 22 23 23 1
1 29 31 30 23 24 23 1
1 32 33 34 25 26 26 2
1 33 35 34 26 27 26 2
1 32 36 26 28 29 29 3
1 36 37 26 29 30 29 3
1 38 33 39 15 15 15 3
1 33 27 39 15 15 15 3
1 40 41 42 31 32 32 1
1 41 43 42 32 33 32 1
1 44 45 46 34 35 35 2
1 45 47 46 35 36 35 2
1 48 49 50 37 38 38 1
1 49 51 50 38 39 38 1
1 52 53 54 40 41 41 2
1 53 55 54 41 42 41 2
1 52 56 46 43 43 43 3
1 56 57 46 43 43 43 3
1 58 53 59 15 15 15 3
1 53 47 59 15 15 15 3
1 60 61 62 44 45 45 1
1 61 63 62 45 46 45 1
1 64 65 66 47 48 48 2
1 65 67 66 48 49 48 2
1 68 69 70 50 51 51 1
1 69 71 70 51 52 51 1
1 72 73 74 53 54 54 2
1 73 75 74 54 55 54 2
1 72 76 66 56 57 57 3
1 76 77 66 57 58 57 3
1 78 73 79 15 15 15 3
1 73 67 79 15 15 15 3

Materials: 4
"greybrick"
0.200000 0.200000 0.200000 1.000000
0.800000 0.800000 0.800000 1.000000
0.000000 0.000000 0.000000 1.000000
0.000000 0.000000 0.000000 1.000000
0.000000
1.000000
".\greybrick.bmp"
""
"window"
0.200000 0.200000 0.200000 1.000000
0.800000 0.800000 0.800000 1.000000
0.000000 0.000000 0.000000 1.000000
0.000000 0.000000 0.000000 1.000000
0.000000
1.000000
".\window.bmp"
""
"grey"
0.200000 0.200000 0.200000 1.000000
0.800000 0.800000 0.800000 1.000000
0.000000 0.000000 0.000000 1.000000
0.000000 0.000000 0.000000 1.000000
0.000000
1.000000
".\grey.bmp"
""
"door"
0.200000 0.200000 0.200000 1.000000
0.800000 0.800000 0.800000 1.000000
0.000000 0.000000 0.000000 1.000000
0.000000 0.000000 0.000000 1.000000
0.000000
1.000000
".\door.bmp"
""

Bones: 0
