// MilkShape 3D ASCII

Frames: 30
Frame: 1

Meshes: 8
"rainguard" 0 2
20
1 0.579147 19.288300 30.483643 0.000000 0.000000 -1
1 0.579147 18.800552 27.697958 0.000000 1.000000 -1
1 19.884167 19.288300 30.483643 1.000000 0.000000 -1
1 19.884167 18.800552 27.697958 1.000000 1.000000 -1
1 19.884167 19.288300 30.483643 0.000000 0.000000 -1
1 19.884167 18.800552 27.697958 0.000000 1.000000 -1
1 19.884167 23.935768 18.608768 1.000000 0.000000 -1
1 19.884167 22.344873 17.339912 1.000000 1.000000 -1
1 19.884167 23.935768 18.608768 0.000000 0.000000 -1
1 19.884167 22.344873 17.339912 0.000000 1.000000 -1
1 0.579147 23.935768 18.608768 1.000000 0.000000 -1
1 0.579147 22.344873 17.339912 1.000000 1.000000 -1
1 0.579147 23.935768 18.608768 0.000000 0.000000 -1
1 0.579147 22.344873 17.339912 0.000000 1.000000 -1
1 0.579147 19.288300 30.483643 1.000000 0.000000 -1
1 0.579147 18.800552 27.697958 1.000000 1.000000 -1
1 0.579147 19.288300 30.483643 0.000000 1.000000 -1
1 19.884167 19.288300 30.483643 1.000000 1.000000 -1
1 0.579147 18.800552 27.697958 0.000000 0.000000 -1
1 19.884167 18.800552 27.697958 1.000000 0.000000 -1
6
0.000000 -0.985015 0.172467
1.000000 0.000000 0.000000
0.000000 0.623538 -0.781793
-1.000000 0.000000 0.000000
0.000000 0.931222 0.364452
0.000000 -0.946142 -0.323751
12
1 0 1 2 0 0 0 1
1 1 3 2 0 0 0 1
1 4 5 6 1 1 1 2
1 5 7 6 1 1 1 2
1 8 9 10 2 2 2 1
1 9 11 10 2 2 2 1
1 12 13 14 3 3 3 2
1 13 15 14 3 3 3 2
1 12 16 6 4 4 4 3
1 16 17 6 4 4 4 3
1 18 13 19 5 5 5 3
1 13 7 19 5 5 5 3
"window" 0 3
20
1 -15.564666 18.896818 22.586849 0.000000 0.000000 -1
1 -15.564666 8.118191 22.586849 0.000000 1.000000 -1
1 -4.705593 18.896818 22.586849 1.000000 0.000000 -1
1 -4.705593 8.118191 22.586849 1.000000 1.000000 -1
1 -4.705593 18.896818 22.586849 0.000000 0.000000 -1
1 -4.705593 8.118191 22.586849 0.000000 1.000000 -1
1 -0.683718 21.149067 18.564976 1.000000 0.000000 -1
1 -0.683718 8.118191 18.564976 1.000000 1.000000 -1
1 -0.683718 21.149067 18.564976 0.000000 0.000000 -1
1 -0.683718 8.118191 18.564976 0.000000 1.000000 -1
1 -19.747406 21.149067 18.564976 1.000000 0.000000 -1
1 -19.747406 8.118191 18.564976 1.000000 1.000000 -1
1 -19.747406 21.149067 18.564976 0.000000 0.000000 -1
1 -19.747406 8.118191 18.564976 0.000000 1.000000 -1
1 -15.564666 18.896818 22.586849 1.000000 0.000000 -1
1 -15.564666 8.118191 22.586849 1.000000 1.000000 -1
1 -15.564666 18.896818 22.586849 0.000000 1.000000 -1
1 -4.705593 18.896818 22.586849 1.000000 1.000000 -1
1 -15.564666 8.118191 22.586849 0.000000 0.000000 -1
1 -4.705593 8.118191 22.586849 1.000000 0.000000 -1
7
0.000000 0.000000 1.000000
0.707107 0.000000 0.707107
0.000000 0.000000 -1.000000
-0.693109 0.000000 0.720832
-0.693109 0.000000 0.720832
0.000000 0.872506 0.488603
0.000000 -1.000000 0.000000
12
1 0 1 2 0 0 0 1
1 1 3 2 0 0 0 1
1 4 5 6 1 1 1 2
1 5 7 6 1 1 1 2
1 8 9 10 2 2 2 1
1 9 11 10 2 2 2 1
1 12 13 14 3 4 4 2
1 13 15 14 4 4 4 2
1 12 16 6 5 5 5 3
1 16 17 6 5 5 5 3
1 18 13 19 6 6 6 3
1 13 7 19 6 6 6 3
"sign" 0 2
20
1 -19.787626 36.195503 20.625393 0.000000 0.000000 -1
1 -19.787626 26.113998 20.625393 0.000000 1.000000 -1
1 19.948500 36.195503 20.625393 1.000000 0.000000 -1
1 19.948500 26.113998 20.625393 1.000000 1.000000 -1
1 19.948500 36.195503 20.625393 0.000000 0.000000 -1
1 19.948500 26.113998 20.625393 0.000000 1.000000 -1
1 19.948500 36.195503 18.373140 1.000000 0.000000 -1
1 19.948500 26.113998 18.373140 1.000000 1.000000 -1
1 19.948500 36.195503 18.373140 0.000000 0.000000 -1
1 19.948500 26.113998 18.373140 0.000000 1.000000 -1
1 -19.787626 36.195503 18.373140 1.000000 0.000000 -1
1 -19.787626 26.113998 18.373140 1.000000 1.000000 -1
1 -19.787626 36.195503 18.373140 0.000000 0.000000 -1
1 -19.787626 26.113998 18.373140 0.000000 1.000000 -1
1 -19.787626 36.195503 20.625393 1.000000 0.000000 -1
1 -19.787626 26.113998 20.625393 1.000000 1.000000 -1
1 -19.787626 36.195503 20.625393 0.000000 1.000000 -1
1 19.948500 36.195503 20.625393 1.000000 1.000000 -1
1 -19.787626 26.113998 20.625393 0.000000 0.000000 -1
1 19.948500 26.113998 20.625393 1.000000 0.000000 -1
6
0.000000 0.000000 1.000000
1.000000 0.000000 0.000000
0.000000 0.000000 -1.000000
-1.000000 0.000000 0.000000
0.000000 1.000000 0.000000
0.000000 -1.000000 0.000000
12
1 0 1 2 0 0 0 1
1 1 3 2 0 0 0 1
1 4 5 6 1 1 1 2
1 5 7 6 1 1 1 2
1 8 9 10 2 2 2 1
1 9 11 10 2 2 2 1
1 12 13 14 3 3 3 2
1 13 15 14 3 3 3 2
1 12 16 6 4 4 4 3
1 16 17 6 4 4 4 3
1 18 13 19 5 5 5 3
1 13 7 19 5 5 5 3
"letters" 0 0
94
1 8.565845 32.552570 20.768787 0.000000 0.000000 -1
1 10.538382 32.549110 20.768787 0.000000 0.000000 -1
1 10.533355 34.028488 20.768787 0.000000 0.000000 -1
1 6.607901 32.542404 20.768787 0.000000 0.000000 -1
1 4.582345 34.025135 20.768787 0.000000 0.000000 -1
1 4.578192 32.549110 20.768787 0.000000 0.000000 -1
1 7.436411 34.037052 20.768787 0.000000 0.000000 -1
1 6.620275 28.344398 20.768787 0.000000 0.000000 -1
1 8.594092 28.337574 20.768787 0.000000 0.000000 -1
1 -0.462265 32.330963 20.736965 0.000000 0.000000 -1
1 -0.572360 33.805279 20.736965 0.000000 0.000000 -1
1 -1.869600 32.834824 20.736965 0.000000 0.000000 -1
1 0.371713 32.643703 20.736965 0.000000 0.000000 -1
1 0.782852 34.013779 20.736965 0.000000 0.000000 -1
1 1.340569 32.378616 20.736965 0.000000 0.000000 -1
1 1.869761 33.862370 20.736965 0.000000 0.000000 -1
1 3.111317 32.782211 20.736965 0.000000 0.000000 -1
1 3.552160 31.064465 20.736965 0.000000 0.000000 -1
1 1.952904 31.059757 20.736965 0.000000 0.000000 -1
1 3.213669 29.198725 20.736965 0.000000 0.000000 -1
1 1.595034 29.706532 20.736965 0.000000 0.000000 -1
1 0.562832 29.417835 20.736965 0.000000 0.000000 -1
1 2.444922 28.410233 20.736965 0.000000 0.000000 -1
1 0.670486 28.156563 20.736965 0.000000 0.000000 -1
1 -0.476691 29.676395 20.736965 0.000000 0.000000 -1
1 -1.061995 28.403568 20.736965 0.000000 0.000000 -1
1 -2.156279 29.663975 20.736965 0.000000 0.000000 -1
1 -2.499940 31.012547 20.736965 0.000000 0.000000 -1
1 -1.041416 30.993076 20.736965 0.000000 0.000000 -1
1 -3.798398 30.983829 20.768787 0.000000 0.000000 -1
1 -5.644439 30.299892 20.768787 0.000000 0.000000 -1
1 -3.854432 28.287523 20.768787 0.000000 0.000000 -1
1 -5.716611 28.284618 20.768787 0.000000 0.000000 -1
1 -5.644439 33.951973 20.768787 0.000000 0.000000 -1
1 -5.620435 32.938461 20.761692 0.000000 0.000000 -1
1 -3.809828 33.940540 20.768787 0.000000 0.000000 -1
1 -8.793568 30.042713 20.768787 0.000000 0.000000 -1
1 -10.155250 28.295609 20.768787 0.000000 0.000000 -1
1 -7.983447 28.295609 20.768787 0.000000 0.000000 -1
1 -7.076802 29.484243 20.768787 0.000000 0.000000 -1
1 -8.105827 30.511322 20.768787 0.000000 0.000000 -1
1 -7.975666 33.870419 20.768787 0.000000 0.000000 -1
1 -7.629737 32.866295 20.768787 0.000000 0.000000 -1
1 -9.837538 33.094738 20.768787 0.000000 0.000000 -1
1 -8.207321 31.976364 20.768787 0.000000 0.000000 -1
1 -10.134105 31.846155 20.768787 0.000000 0.000000 -1
1 -7.297931 31.135212 20.768787 0.000000 0.000000 -1
1 -14.582128 33.954758 20.770113 0.000000 0.000000 -1
1 -13.938631 32.453255 20.770113 0.000000 0.000000 -1
1 -12.026781 33.939209 20.770113 0.000000 0.000000 -1
1 -17.110168 33.954758 20.770113 0.000000 0.000000 -1
1 -17.110167 32.453255 20.770113 0.000000 0.000000 -1
1 -12.008128 31.952757 20.770113 0.000000 0.000000 -1
1 -13.938631 31.719604 20.770113 0.000000 0.000000 -1
1 -11.965993 28.334347 20.770113 0.000000 0.000000 -1
1 -17.825399 28.336937 20.770113 0.000000 0.000000 -1
1 -17.825392 29.853683 20.770113 0.000000 0.000000 -1
1 -13.958960 29.858456 20.770113 0.000000 0.000000 -1
1 -13.938626 30.598022 20.755920 0.000000 0.000000 -1
1 -13.460446 31.005470 20.770113 0.000000 0.000000 -1
1 -16.125599 30.594254 20.770113 0.000000 0.000000 -1
1 -16.134434 31.731388 20.770113 0.000000 0.000000 -1
1 -5.643246 30.285343 20.821821 0.000000 0.000000 -1
1 -5.633782 31.731770 20.821821 0.000000 0.000000 -1
1 -7.284937 31.126926 20.841080 0.000000 0.000000 -1
1 -8.110291 30.513742 20.839983 0.000000 0.000000 -1
1 -7.297049 31.126846 20.839983 0.000000 0.000000 -1
1 -8.162248 31.341311 20.839983 0.000000 0.000000 -1
1 17.223148 30.174335 20.785061 0.000000 0.000000 -1
1 17.290995 28.528545 20.785051 0.000000 0.000000 -1
1 18.523344 29.056360 20.785055 0.000000 0.000000 -1
1 15.623119 29.343105 20.785046 0.000000 0.000000 -1
1 15.533584 28.043030 20.785055 0.000000 0.000000 -1
1 14.606018 29.626265 20.785055 0.000000 0.000000 -1
1 13.275636 28.488344 20.785055 0.000000 0.000000 -1
1 12.329318 29.476494 20.785051 0.000000 0.000000 -1
1 14.672079 30.456476 20.785063 0.000000 0.000000 -1
1 12.493746 30.840099 20.785055 0.000000 0.000000 -1
1 13.712849 31.684494 20.785046 0.000000 0.000000 -1
1 17.417656 31.093420 20.785061 0.000000 0.000000 -1
1 15.834406 31.811157 20.785051 0.000000 0.000000 -1
1 18.098452 31.705612 20.785053 0.000000 0.000000 -1
1 16.159397 32.106888 20.785048 0.000000 0.000000 -1
1 18.235714 32.619377 20.785046 0.000000 0.000000 -1
1 16.154007 32.915085 20.785055 0.000000 0.000000 -1
1 17.278240 33.689476 20.785061 0.000000 0.000000 -1
1 16.878983 32.764618 20.785046 0.000000 0.000000 -1
1 16.288666 34.164108 20.785046 0.000000 0.000000 -1
1 14.456675 34.253967 20.785061 0.000000 0.000000 -1
1 14.858296 33.352966 20.785048 0.000000 0.000000 -1
1 13.989218 32.885807 20.785046 0.000000 0.000000 -1
1 13.130449 33.802647 20.785048 0.000000 0.000000 -1
1 13.491192 32.338905 20.785055 0.000000 0.000000 -1
1 12.018765 33.214973 20.785046 0.000000 0.000000 -1
44
0.000000 0.000000 1.000000
-0.001637 0.000894 0.999998
-0.000200 0.000540 1.000000
0.000995 -0.005227 0.999986
-0.000186 -0.003645 0.999993
-0.001977 -0.003508 0.999992
0.000082 -0.002332 0.999997
0.000945 -0.001728 0.999998
0.000306 -0.002531 0.999997
0.001340 -0.004218 0.999990
-0.001431 0.001887 0.999997
0.000000 0.000000 0.000000
0.000000 0.000000 -1.000000
0.014370 0.018790 0.999720
0.000579 -0.004440 0.999990
-0.010047 -0.005621 0.999934
0.003255 -0.006327 0.999975
0.011691 -0.000076 0.999932
-0.000003 -0.000006 1.000000
-0.000002 -0.000002 1.000000
-0.000001 -0.000006 1.000000
0.000002 0.000003 1.000000
0.000004 0.000005 1.000000
0.000002 -0.000000 1.000000
-0.000001 0.000001 1.000000
-0.000002 -0.000003 1.000000
-0.000002 0.000005 1.000000
-0.000003 0.000005 1.000000
-0.000002 0.000012 1.000000
-0.000001 0.000011 1.000000
-0.000001 0.000012 1.000000
-0.000001 0.000011 1.000000
0.000001 0.000000 1.000000
0.000002 -0.000004 1.000000
-0.000001 -0.000003 1.000000
0.000000 -0.000008 1.000000
0.000009 -0.000020 1.000000
-0.000002 0.000002 1.000000
0.000002 -0.000011 1.000000
0.000003 -0.000005 1.000000
0.000003 -0.000005 1.000000
-0.000000 0.000001 1.000000
0.000003 0.000006 1.000000
-0.000004 0.000004 1.000000
86
1 0 1 2 0 0 0 1
1 3 4 5 0 0 0 1
1 6 3 0 0 0 0 1
1 6 0 2 0 0 0 1
1 4 3 6 0 0 0 1
1 7 8 3 0 0 0 1
1 0 3 7 0 0 0 1
1 0 3 8 0 0 0 1
1 9 10 11 0 0 0 1
1 10 9 12 0 0 0 1
1 12 13 10 0 0 0 1
1 13 12 14 0 0 0 1
1 14 15 13 0 0 0 1
1 14 16 15 0 0 0 1
1 14 17 16 0 0 0 1
1 17 14 18 0 0 0 1
1 19 17 18 0 0 0 1
1 18 20 19 0 0 0 1
1 20 21 22 0 0 0 1
1 22 19 20 0 0 0 1
1 23 22 21 0 0 0 1
1 21 24 23 0 0 0 1
1 25 23 24 0 0 0 1
1 26 25 24 0 0 0 1
1 27 26 24 0 0 0 1
1 28 9 11 0 0 0 1
1 11 27 28 0 0 0 1
1 27 24 28 0 0 0 1
1 29 30 31 1 2 0 1
1 30 32 31 2 0 0 1
1 33 34 35 3 4 5 1
1 30 29 34 2 1 4 1
1 34 29 35 4 1 5 1
1 36 37 38 0 0 0 1
1 39 36 38 0 0 0 1
1 36 39 40 0 0 0 1
1 41 34 33 6 4 3 1
1 40 39 30 0 0 2 1
1 42 33 41 7 3 6 1
1 34 33 42 4 3 7 1
1 41 43 42 6 0 7 1
1 44 42 43 0 7 0 1
1 43 45 44 0 0 0 1
1 46 44 45 0 0 0 1
1 45 40 44 0 0 0 1
1 46 40 30 0 0 2 1
1 47 48 49 0 0 0 1
1 50 51 47 0 0 0 1
1 51 48 47 0 0 0 1
1 49 48 52 0 0 8 1
1 48 53 52 0 9 8 1
1 52 53 54 8 9 10 1
1 55 56 57 11 12 13 1
1 54 57 55 10 13 11 1
1 54 58 57 10 14 13 1
1 53 58 52 9 14 8 1
1 59 58 54 15 14 10 1
1 59 52 53 15 8 9 1
1 53 60 58 9 16 14 1
1 53 61 60 9 0 16 1
1 62 63 64 17 17 17 1
1 65 66 67 0 0 0 1
1 68 69 70 18 19 20 1
1 68 71 69 18 21 19 1
1 71 72 69 21 22 19 1
1 71 73 72 21 23 22 1
1 73 74 72 23 24 22 1
1 73 75 74 23 25 24 1
1 73 76 75 23 26 25 1
1 76 77 75 26 27 25 1
1 76 78 77 26 28 27 1
1 76 79 80 26 29 30 1
1 76 80 78 26 30 28 1
1 79 81 80 29 31 30 1
1 81 82 80 31 32 30 1
1 81 83 82 31 33 32 1
1 83 84 82 33 34 32 1
1 83 85 82 33 35 32 1
1 86 85 84 36 35 34 1
1 84 85 87 34 35 37 1
1 87 88 89 37 38 39 1
1 87 89 84 37 39 34 1
1 88 90 89 38 40 39 1
1 88 91 90 38 41 40 1
1 91 92 90 41 42 40 1
1 91 93 92 41 43 42 1
"blacktar" 0 4
6
1 -16.412315 38.620522 13.817518 0.000000 0.000000 -1
1 16.712683 38.620522 13.817518 0.000000 0.000000 -1
1 -16.365440 38.620548 -13.510731 0.000000 0.000000 -1
1 16.759861 38.620552 -13.510491 0.000000 0.000000 -1
1 -16.365187 38.620548 -13.510509 0.000000 0.000000 -1
1 16.712982 38.620533 13.817760 0.000000 0.000000 -1
2
0.000000 1.000000 0.000001
-0.000000 1.000000 0.000001
2
1 0 1 2 0 0 0 1
1 3 4 5 1 1 1 1
"frame" 0 1
60
1 -21.718124 38.351963 19.015427 0.000000 0.000000 -1
1 -21.718124 -0.981034 19.015427 0.000000 1.000000 -1
1 21.959435 38.351963 19.015427 1.000000 0.000000 -1
1 21.959435 -0.981034 19.015427 1.000000 1.000000 -1
1 21.959435 38.351963 19.015427 0.000000 0.000000 -1
1 21.959435 -0.981034 19.015427 0.000000 1.000000 -1
1 21.959435 38.351963 -18.951077 1.000000 0.000000 -1
1 21.959435 -0.981034 -18.951077 1.000000 1.000000 -1
1 21.959435 38.351963 -18.951077 0.000000 0.000000 -1
1 21.959435 -0.981034 -18.951077 0.000000 1.000000 -1
1 -21.718124 38.351963 -18.951077 1.000000 0.000000 -1
1 -21.718124 -0.981034 -18.951077 1.000000 1.000000 -1
1 -21.718124 38.351963 -18.951077 0.000000 0.000000 -1
1 -21.718124 -0.981034 -18.951077 0.000000 1.000000 -1
1 -21.718124 38.351963 19.015427 1.000000 0.000000 -1
1 -21.718124 -0.981034 19.015427 1.000000 1.000000 -1
1 -21.718124 38.351963 19.015427 0.000000 1.000000 -1
1 21.959435 38.351963 19.015427 1.000000 1.000000 -1
1 -21.718124 -0.981034 19.015427 0.000000 0.000000 -1
1 21.959435 -0.981034 19.015427 1.000000 0.000000 -1
1 0.281532 19.228268 28.075542 0.000000 0.000000 -1
1 0.281532 17.968332 18.070866 0.000000 1.000000 -1
1 2.292467 19.228268 28.075542 1.000000 0.000000 -1
1 2.292467 17.968332 18.070866 1.000000 1.000000 -1
1 2.292467 19.228268 28.075542 0.000000 0.000000 -1
1 2.292467 17.968332 18.070866 0.000000 1.000000 -1
1 2.292467 19.708624 26.421600 1.000000 0.000000 -1
1 2.292467 17.968332 16.381676 1.000000 1.000000 -1
1 2.292467 19.708624 26.421600 0.000000 0.000000 -1
1 2.292467 17.968332 16.381676 0.000000 1.000000 -1
1 0.281532 19.708624 26.421600 1.000000 0.000000 -1
1 0.281532 17.968332 16.381676 1.000000 1.000000 -1
1 0.281532 19.708624 26.421600 0.000000 0.000000 -1
1 0.281532 17.968332 16.381676 0.000000 1.000000 -1
1 0.281532 19.228268 28.075542 1.000000 0.000000 -1
1 0.281532 17.968332 18.070866 1.000000 1.000000 -1
1 0.281532 19.228268 28.075542 0.000000 1.000000 -1
1 2.292467 19.228268 28.075542 1.000000 1.000000 -1
1 0.281532 17.968332 18.070866 0.000000 0.000000 -1
1 2.292467 17.968332 18.070866 1.000000 0.000000 -1
1 18.207603 19.228268 28.075542 0.000000 0.000000 -1
1 18.207603 17.968332 18.070866 0.000000 1.000000 -1
1 20.218534 19.228268 28.075542 1.000000 0.000000 -1
1 20.218534 17.968332 18.070866 1.000000 1.000000 -1
1 20.218534 19.228268 28.075542 0.000000 0.000000 -1
1 20.218534 17.968332 18.070866 0.000000 1.000000 -1
1 20.218534 19.708624 26.421600 1.000000 0.000000 -1
1 20.218534 17.968332 16.381676 1.000000 1.000000 -1
1 20.218534 19.708624 26.421600 0.000000 0.000000 -1
1 20.218534 17.968332 16.381676 0.000000 1.000000 -1
1 18.207603 19.708624 26.421600 1.000000 0.000000 -1
1 18.207603 17.968332 16.381676 1.000000 1.000000 -1
1 18.207603 19.708624 26.421600 0.000000 0.000000 -1
1 18.207603 17.968332 16.381676 0.000000 1.000000 -1
1 18.207603 19.228268 28.075542 1.000000 0.000000 -1
1 18.207603 17.968332 18.070866 1.000000 1.000000 -1
1 18.207603 19.228268 28.075542 0.000000 1.000000 -1
1 20.218534 19.228268 28.075542 1.000000 1.000000 -1
1 18.207603 17.968332 18.070866 0.000000 0.000000 -1
1 20.218534 17.968332 18.070866 1.000000 0.000000 -1
9
0.000000 0.000000 1.000000
1.000000 0.000000 0.000000
0.000000 0.000000 -1.000000
-1.000000 0.000000 0.000000
0.000000 1.000000 0.000000
0.000000 -1.000000 0.000000
0.000000 -0.992163 0.124948
0.000000 0.985307 -0.170790
0.000000 0.960318 0.278906
36
1 0 1 2 0 0 0 1
1 1 3 2 0 0 0 1
1 4 5 6 1 1 1 2
1 5 7 6 1 1 1 2
1 8 9 10 2 2 2 1
1 9 11 10 2 2 2 1
1 12 13 14 3 3 3 2
1 13 15 14 3 3 3 2
1 12 16 6 4 4 4 3
1 16 17 6 4 4 4 3
1 18 13 19 5 5 5 3
1 13 7 19 5 5 5 3
1 20 21 22 6 6 6 1
1 21 23 22 6 6 6 1
1 24 25 26 1 1 1 2
1 25 27 26 1 1 1 2
1 28 29 30 7 7 7 1
1 29 31 30 7 7 7 1
1 32 33 34 3 3 3 2
1 33 35 34 3 3 3 2
1 32 36 26 8 8 8 3
1 36 37 26 8 8 8 3
1 38 33 39 5 5 5 3
1 33 27 39 5 5 5 3
1 40 41 42 6 6 6 1
1 41 43 42 6 6 6 1
1 44 45 46 1 1 1 2
1 45 47 46 1 1 1 2
1 48 49 50 7 7 7 1
1 49 51 50 7 7 7 1
1 52 53 54 3 3 3 2
1 53 55 54 3 3 3 2
1 52 56 46 8 8 8 3
1 56 57 46 8 8 8 3
1 58 53 59 5 5 5 3
1 53 47 59 5 5 5 3
"door" 0 6
20
1 3.887047 18.534546 20.737501 0.000000 0.000000 -1
1 3.887047 3.197047 20.737501 0.000000 1.000000 -1
1 16.730797 18.534546 20.737501 1.000000 0.000000 -1
1 16.730797 3.197047 20.737501 1.000000 1.000000 -1
1 16.730797 18.534546 20.737501 0.000000 0.000000 -1
1 16.730797 3.197047 20.737501 0.000000 1.000000 -1
1 16.730797 18.534546 18.562496 1.000000 0.000000 -1
1 16.730797 3.197047 18.562496 1.000000 1.000000 -1
1 16.730797 18.534546 18.562496 0.000000 0.000000 -1
1 16.730797 3.197047 18.562496 0.000000 1.000000 -1
1 3.887047 18.534546 18.562496 1.000000 0.000000 -1
1 3.887047 3.197047 18.562496 1.000000 1.000000 -1
1 3.887047 18.534546 18.562496 0.000000 0.000000 -1
1 3.887047 3.197047 18.562496 0.000000 1.000000 -1
1 3.887047 18.534546 20.737501 1.000000 0.000000 -1
1 3.887047 3.197047 20.737501 1.000000 1.000000 -1
1 3.887047 18.534546 20.737501 0.000000 1.000000 -1
1 16.730797 18.534546 20.737501 1.000000 1.000000 -1
1 3.887047 3.197047 20.737501 0.000000 0.000000 -1
1 16.730797 3.197047 20.737501 1.000000 0.000000 -1
6
0.000000 0.000000 1.000000
1.000000 0.000000 0.000000
0.000000 0.000000 -1.000000
-1.000000 0.000000 0.000000
0.000000 1.000000 0.000000
0.000000 -1.000000 0.000000
12
1 0 1 2 0 0 0 1
1 1 3 2 0 0 0 1
1 4 5 6 1 1 1 2
1 5 7 6 1 1 1 2
1 8 9 10 2 2 2 1
1 9 11 10 2 2 2 1
1 12 13 14 3 3 3 2
1 13 15 14 3 3 3 2
1 12 16 6 4 4 4 3
1 16 17 6 4 4 4 3
1 18 13 19 5 5 5 3
1 13 7 19 5 5 5 3
"grey" 0 5
100
1 16.678131 41.503193 18.946844 0.000000 0.000000 -1
1 16.678131 38.221943 18.946844 0.000000 1.000000 -1
1 22.021881 41.503193 18.946844 1.000000 0.000000 -1
1 22.021881 38.221943 18.946844 1.000000 1.000000 -1
1 22.021881 41.503193 18.946844 0.000000 0.000000 -1
1 22.021881 38.221943 18.946844 0.000000 1.000000 -1
1 22.021881 41.503193 -18.965658 1.000000 0.000000 -1
1 22.021881 38.221943 -18.965658 1.000000 1.000000 -1
1 22.021881 41.503193 -18.965658 0.000000 0.000000 -1
1 22.021881 38.221943 -18.965658 0.000000 1.000000 -1
1 16.678131 41.503193 -18.965658 1.000000 0.000000 -1
1 16.678131 38.221943 -18.965658 1.000000 1.000000 -1
1 16.678131 41.503193 -18.965658 0.000000 0.000000 -1
1 16.678131 38.221943 -18.965658 0.000000 1.000000 -1
1 16.678131 41.503193 18.946844 1.000000 0.000000 -1
1 16.678131 38.221943 18.946844 1.000000 1.000000 -1
1 16.678131 41.503193 18.946844 0.000000 1.000000 -1
1 22.021881 41.503193 18.946844 1.000000 1.000000 -1
1 16.678131 38.221943 18.946844 0.000000 0.000000 -1
1 22.021881 38.221943 18.946844 1.000000 0.000000 -1
1 -21.759371 41.503193 19.003094 0.000000 0.000000 -1
1 -21.759371 38.221943 19.003094 0.000000 1.000000 -1
1 -16.415623 41.503193 19.003094 1.000000 0.000000 -1
1 -16.415623 38.221943 19.003094 1.000000 1.000000 -1
1 -16.415623 41.503193 19.003094 0.000000 0.000000 -1
1 -16.415623 38.221943 19.003094 0.000000 1.000000 -1
1 -16.415623 41.503193 -18.909407 1.000000 0.000000 -1
1 -16.415623 38.221943 -18.909407 1.000000 1.000000 -1
1 -16.415623 41.503193 -18.909407 0.000000 0.000000 -1
1 -16.415623 38.221943 -18.909407 0.000000 1.000000 -1
1 -21.759371 41.503193 -18.909407 1.000000 0.000000 -1
1 -21.759371 38.221943 -18.909407 1.000000 1.000000 -1
1 -21.759371 41.503193 -18.909407 0.000000 0.000000 -1
1 -21.759371 38.221943 -18.909407 0.000000 1.000000 -1
1 -21.759371 41.503193 19.003094 1.000000 0.000000 -1
1 -21.759371 38.221943 19.003094 1.000000 1.000000 -1
1 -21.759371 41.503193 19.003094 0.000000 1.000000 -1
1 -16.415623 41.503193 19.003094 1.000000 1.000000 -1
1 -21.759371 38.221943 19.003094 0.000000 0.000000 -1
1 -16.415623 38.221943 19.003094 1.000000 0.000000 -1
1 19.200016 41.503193 -13.604613 0.000000 0.000000 -1
1 19.200016 38.221943 -13.604613 0.000000 1.000000 -1
1 19.200010 41.503193 -18.948378 1.000000 0.000000 -1
1 19.200010 38.221943 -18.948378 1.000000 1.000000 -1
1 19.200010 41.503193 -18.948378 0.000000 0.000000 -1
1 19.200010 38.221943 -18.948378 0.000000 1.000000 -1
1 -18.712502 41.503193 -18.948374 1.000000 0.000000 -1
1 -18.712502 38.221943 -18.948374 1.000000 1.000000 -1
1 -18.712502 41.503193 -18.948374 0.000000 0.000000 -1
1 -18.712502 38.221943 -18.948374 0.000000 1.000000 -1
1 -18.712502 41.503193 -13.604618 1.000000 0.000000 -1
1 -18.712502 38.221943 -13.604618 1.000000 1.000000 -1
1 -18.712502 41.503193 -13.604618 0.000000 0.000000 -1
1 -18.712502 38.221943 -13.604618 0.000000 1.000000 -1
1 19.200016 41.503193 -13.604613 1.000000 0.000000 -1
1 19.200016 38.221943 -13.604613 1.000000 1.000000 -1
1 19.200016 41.503193 -13.604613 0.000000 1.000000 -1
1 19.200010 41.503193 -18.948378 1.000000 1.000000 -1
1 19.200016 38.221943 -13.604613 0.000000 0.000000 -1
1 19.200010 38.221943 -18.948378 1.000000 0.000000 -1
1 19.256258 41.503193 19.026543 0.000000 0.000000 -1
1 19.256258 38.221943 19.026543 0.000000 1.000000 -1
1 19.256256 41.503193 13.682796 1.000000 0.000000 -1
1 19.256256 38.221943 13.682796 1.000000 1.000000 -1
1 19.256256 41.503193 13.682796 0.000000 0.000000 -1
1 19.256256 38.221943 13.682796 0.000000 1.000000 -1
1 -18.656250 41.503193 13.682794 1.000000 0.000000 -1
1 -18.656250 38.221943 13.682794 1.000000 1.000000 -1
1 -18.656250 41.503193 13.682794 0.000000 0.000000 -1
1 -18.656250 38.221943 13.682794 0.000000 1.000000 -1
1 -18.656256 41.503193 19.026548 1.000000 0.000000 -1
1 -18.656256 38.221943 19.026548 1.000000 1.000000 -1
1 -18.656256 41.503193 19.026548 0.000000 0.000000 -1
1 -18.656256 38.221943 19.026548 0.000000 1.000000 -1
1 19.256258 41.503193 19.026543 1.000000 0.000000 -1
1 19.256258 38.221943 19.026543 1.000000 1.000000 -1
1 19.256258 41.503193 19.026543 0.000000 1.000000 -1
1 19.256256 41.503193 13.682796 1.000000 1.000000 -1
1 19.256258 38.221943 19.026543 0.000000 0.000000 -1
1 19.256256 38.221943 13.682796 1.000000 0.000000 -1
1 2.531250 2.951602 24.189749 0.000000 0.000000 -1
1 2.531250 -0.985899 24.189749 0.000000 1.000000 -1
1 18.056252 2.951602 24.189749 1.000000 0.000000 -1
1 18.056252 -0.985899 24.189749 1.000000 1.000000 -1
1 18.056252 2.951602 24.189749 0.000000 0.000000 -1
1 18.056252 -0.985899 24.189749 0.000000 1.000000 -1
1 18.056252 2.971339 18.392054 1.000000 0.000000 -1
1 18.056252 -0.966162 18.392054 1.000000 1.000000 -1
1 18.056252 2.971339 18.392054 0.000000 0.000000 -1
1 18.056252 -0.966162 18.392054 0.000000 1.000000 -1
1 2.531250 2.971339 18.392054 1.000000 0.000000 -1
1 2.531250 -0.966162 18.392054 1.000000 1.000000 -1
1 2.531250 2.971339 18.392054 0.000000 0.000000 -1
1 2.531250 -0.966162 18.392054 0.000000 1.000000 -1
1 2.531250 2.951602 24.189749 1.000000 0.000000 -1
1 2.531250 -0.985899 24.189749 1.000000 1.000000 -1
1 2.531250 2.951602 24.189749 0.000000 1.000000 -1
1 18.056252 2.951602 24.189749 1.000000 1.000000 -1
1 2.531250 -0.985899 24.189749 0.000000 0.000000 -1
1 18.056252 -0.985899 24.189749 1.000000 0.000000 -1
15
0.000000 0.000000 1.000000
1.000000 0.000000 0.000000
0.000000 0.000000 -1.000000
-1.000000 0.000000 0.000000
0.000000 1.000000 0.000000
0.000000 -1.000000 0.000000
1.000000 0.000000 -0.000001
-0.000000 0.000000 -1.000000
-0.000000 0.000000 1.000000
1.000000 0.000000 -0.000000
0.000000 0.000000 -1.000000
-1.000000 0.000000 -0.000001
0.000000 0.000000 1.000000
0.000000 0.999994 0.003404
0.000000 -0.999994 -0.003404
60
1 0 1 2 0 0 0 1
1 1 3 2 0 0 0 1
1 4 5 6 1 1 1 2
1 5 7 6 1 1 1 2
1 8 9 10 2 2 2 1
1 9 11 10 2 2 2 1
1 12 13 14 3 3 3 2
1 13 15 14 3 3 3 2
1 12 16 6 4 4 4 3
1 16 17 6 4 4 4 3
1 18 13 19 5 5 5 3
1 13 7 19 5 5 5 3
1 20 21 22 0 0 0 1
1 21 23 22 0 0 0 1
1 24 25 26 1 1 1 2
1 25 27 26 1 1 1 2
1 28 29 30 2 2 2 1
1 29 31 30 2 2 2 1
1 32 33 34 3 3 3 2
1 33 35 34 3 3 3 2
1 32 36 26 4 4 4 3
1 36 37 26 4 4 4 3
1 38 33 39 5 5 5 3
1 33 27 39 5 5 5 3
1 40 41 42 6 6 6 1
1 41 43 42 6 6 6 1
1 44 45 46 7 7 7 2
1 45 47 46 7 7 7 2
1 48 49 50 3 3 3 1
1 49 51 50 3 3 3 1
1 52 53 54 8 8 8 2
1 53 55 54 8 8 8 2
1 52 56 46 4 4 4 3
1 56 57 46 4 4 4 3
1 58 53 59 5 5 5 3
1 53 47 59 5 5 5 3
1 60 61 62 9 9 9 1
1 61 63 62 9 9 9 1
1 64 65 66 10 10 10 2
1 65 67 66 10 10 10 2
1 68 69 70 11 11 11 1
1 69 71 70 11 11 11 1
1 72 73 74 12 12 12 2
1 73 75 74 12 12 12 2
1 72 76 66 4 4 4 3
1 76 77 66 4 4 4 3
1 78 73 79 5 5 5 3
1 73 67 79 5 5 5 3
1 80 81 82 0 0 0 1
1 81 83 82 0 0 0 1
1 84 85 86 1 1 1 2
1 85 87 86 1 1 1 2
1 88 89 90 2 2 2 1
1 89 91 90 2 2 2 1
1 92 93 94 3 3 3 2
1 93 95 94 3 3 3 2
1 92 96 86 13 13 13 3
1 96 97 86 13 13 13 3
1 98 93 99 14 14 14 3
1 93 87 99 14 14 14 3

Materials: 7
"letters"
0.200000 0.200000 0.200000 1.000000
0.800000 0.800000 0.800000 1.000000
0.000000 0.000000 0.000000 1.000000
0.000000 0.000000 0.000000 1.000000
0.000000
1.000000
".\yellow.bmp"
""
"greybrick"
0.200000 0.200000 0.200000 1.000000
0.800000 0.800000 0.800000 1.000000
0.000000 0.000000 0.000000 1.000000
0.000000 0.000000 0.000000 1.000000
0.000000
1.000000
".\greybrick.bmp"
""
"red"
0.200000 0.200000 0.200000 1.000000
0.800000 0.800000 0.800000 1.000000
0.000000 0.000000 0.000000 1.000000
0.000000 0.000000 0.000000 1.000000
0.000000
1.000000
".\red.bmp"
""
"window"
0.200000 0.200000 0.200000 1.000000
0.800000 0.800000 0.800000 1.000000
0.000000 0.000000 0.000000 1.000000
0.000000 0.000000 0.000000 1.000000
0.000000
1.000000
".\window.bmp"
""
"blacktar"
0.200000 0.200000 0.200000 1.000000
0.800000 0.800000 0.800000 1.000000
0.000000 0.000000 0.000000 1.000000
0.000000 0.000000 0.000000 1.000000
0.000000
1.000000
".\black.bmp"
""
"grey"
0.200000 0.200000 0.200000 1.000000
0.800000 0.800000 0.800000 1.000000
0.000000 0.000000 0.000000 1.000000
0.000000 0.000000 0.000000 1.000000
0.000000
1.000000
".\grey.bmp"
""
"door"
0.200000 0.200000 0.200000 1.000000
0.800000 0.800000 0.800000 1.000000
0.000000 0.000000 0.000000 1.000000
0.000000 0.000000 0.000000 1.000000
0.000000
1.000000
".\door.bmp"
""

Bones: 0
