// MilkShape 3D ASCII

Frames: 30
Frame: 1

Meshes: 1
"rubblepile" 0 0
280
0 -46.666660 45.857155 -27.579344 0.000000 0.000000 -1
0 -45.000000 2.325883 -7.981186 0.000000 1.000000 -1
0 8.869052 24.892181 -19.425333 1.000000 0.000000 -1
0 45.000000 2.280822 -7.968267 1.000000 1.000000 -1
0 8.869052 24.892181 -19.425333 0.000000 0.000000 -1
0 45.000000 2.280822 -7.968267 0.000000 1.000000 -1
0 8.869052 22.997185 -26.033997 1.000000 0.000000 -1
0 45.000000 0.385828 -14.576942 1.000000 1.000000 -1
0 8.869052 22.997185 -26.033997 0.000000 0.000000 -1
0 45.000000 0.385828 -14.576942 0.000000 1.000000 -1
0 -45.000000 44.285835 -33.649925 1.000000 0.000000 -1
0 -45.000000 0.430880 -14.589862 1.000000 1.000000 -1
0 -45.000000 44.285835 -33.649925 0.000000 0.000000 -1
0 -45.000000 0.430880 -14.589862 0.000000 1.000000 -1
0 -46.666660 45.857155 -27.579344 1.000000 0.000000 -1
0 -45.000000 2.325883 -7.981186 1.000000 1.000000 -1
0 -46.666660 45.857155 -27.579344 0.000000 1.000000 -1
0 8.869052 24.892181 -19.425333 1.000000 1.000000 -1
0 -45.000000 2.325883 -7.981186 0.000000 0.000000 -1
0 45.000000 2.280822 -7.968267 1.000000 0.000000 -1
0 -16.828873 22.466412 22.233572 0.000000 0.000000 -1
0 -24.080141 0.519444 30.778196 0.000000 1.000000 -1
0 18.125553 28.434200 25.047550 1.000000 0.000000 -1
0 44.962151 -0.360764 31.297552 1.000000 1.000000 -1
0 18.125553 28.434200 25.047550 0.000000 0.000000 -1
0 44.962151 -0.360764 31.297552 0.000000 1.000000 -1
0 18.125553 28.434200 18.172550 1.000000 0.000000 -1
0 44.815086 -0.360764 24.569611 1.000000 1.000000 -1
0 18.125553 28.434200 18.172550 0.000000 0.000000 -1
0 44.815086 -0.360764 24.569611 0.000000 1.000000 -1
0 -38.787849 22.466412 13.172550 1.000000 0.000000 -1
0 -45.037849 -0.313889 24.422552 1.000000 1.000000 -1
0 -38.787849 22.466412 13.172550 0.000000 0.000000 -1
0 -45.037849 -0.313889 24.422552 0.000000 1.000000 -1
0 -16.828873 22.466412 22.233572 1.000000 0.000000 -1
0 -24.080141 0.519444 30.778196 1.000000 1.000000 -1
0 -16.828873 22.466412 22.233572 0.000000 1.000000 -1
0 18.125553 28.434200 25.047550 1.000000 1.000000 -1
0 -24.080141 0.519444 30.778196 0.000000 0.000000 -1
0 44.962151 -0.360764 31.297552 1.000000 0.000000 -1
0 40.499287 48.721855 -24.624348 0.000000 0.000000 -1
0 38.107983 -0.313888 -24.624348 0.000000 1.000000 -1
0 39.967861 18.049984 19.675501 1.000000 0.000000 -1
0 37.576557 -0.360765 18.425501 1.000000 1.000000 -1
0 39.967861 18.049984 19.675501 0.000000 0.000000 -1
0 37.576557 -0.360765 18.425501 0.000000 1.000000 -1
0 47.355534 23.766861 15.153441 1.000000 0.000000 -1
0 44.944817 -0.360765 19.736774 1.000000 1.000000 -1
0 47.355534 23.766861 15.153441 0.000000 0.000000 -1
0 44.944817 -0.360765 19.736774 0.000000 1.000000 -1
0 47.102547 44.047935 -24.624332 1.000000 0.000000 -1
0 44.982983 -0.313888 -24.624332 1.000000 1.000000 -1
0 47.102547 44.047935 -24.624332 0.000000 0.000000 -1
0 44.982983 -0.313888 -24.624332 0.000000 1.000000 -1
0 40.499287 48.721855 -24.624348 1.000000 0.000000 -1
0 38.107983 -0.313888 -24.624348 1.000000 1.000000 -1
0 40.499287 48.721855 -24.624348 0.000000 1.000000 -1
0 39.967861 18.049984 19.675501 1.000000 1.000000 -1
0 38.107983 -0.313888 -24.624348 0.000000 0.000000 -1
0 37.576557 -0.360765 18.425501 1.000000 0.000000 -1
0 -46.276596 63.699921 0.400239 0.000000 0.000000 -1
0 -45.017017 -0.313888 -24.366013 0.000000 1.000000 -1
0 -39.814857 46.794540 18.305996 1.000000 0.000000 -1
0 -44.188156 -0.360765 22.380894 1.000000 1.000000 -1
0 -39.814857 46.794540 18.305996 0.000000 0.000000 -1
0 -44.188156 -0.360765 22.380894 0.000000 1.000000 -1
0 -40.936771 43.294544 18.189716 1.000000 0.000000 -1
0 -38.436771 -0.360765 18.189716 1.000000 1.000000 -1
0 -40.936771 43.294544 18.189716 0.000000 0.000000 -1
0 -38.436771 -0.360765 18.189716 0.000000 1.000000 -1
0 -38.142017 63.692978 -5.029023 1.000000 0.000000 -1
0 -38.142017 -0.313888 -24.365997 1.000000 1.000000 -1
0 -38.142017 63.692978 -5.029023 0.000000 0.000000 -1
0 -38.142017 -0.313888 -24.365997 0.000000 1.000000 -1
0 -46.276596 63.699921 0.400239 1.000000 0.000000 -1
0 -45.017017 -0.313888 -24.366013 1.000000 1.000000 -1
0 -46.276596 63.699921 0.400239 0.000000 1.000000 -1
0 -39.814857 46.794540 18.305996 1.000000 1.000000 -1
0 -45.017017 -0.313888 -24.366013 0.000000 0.000000 -1
0 -44.188156 -0.360765 22.380894 1.000000 0.000000 -1
0 -10.520834 24.503078 -20.300789 0.000000 0.000000 -1
0 -10.520834 0.961411 -20.300789 0.000000 1.000000 -1
0 28.333336 17.003078 -39.154953 1.000000 0.000000 -1
0 28.333336 0.961411 -30.821617 1.000000 1.000000 -1
0 28.333336 17.003078 -39.154953 0.000000 0.000000 -1
0 28.333336 0.961411 -30.821617 0.000000 1.000000 -1
0 12.708334 14.919744 -37.071617 1.000000 0.000000 -1
0 22.083336 0.961411 -38.009117 1.000000 1.000000 -1
0 12.708334 14.919744 -37.071617 0.000000 0.000000 -1
0 22.083336 0.961411 -38.009117 0.000000 1.000000 -1
0 -2.395834 14.919744 -33.634117 1.000000 0.000000 -1
0 -25.416668 -0.080256 -35.196617 1.000000 1.000000 -1
0 -2.395834 14.919744 -33.634117 0.000000 0.000000 -1
0 -25.416668 -0.080256 -35.196617 0.000000 1.000000 -1
0 -10.520834 24.503078 -20.300789 1.000000 0.000000 -1
0 -10.520834 0.961411 -20.300789 1.000000 1.000000 -1
0 -10.520834 24.503078 -20.300789 0.000000 1.000000 -1
0 28.333336 17.003078 -39.154953 1.000000 1.000000 -1
0 -10.520834 0.961411 -20.300789 0.000000 0.000000 -1
0 28.333336 0.961411 -30.821617 1.000000 0.000000 -1
0 -56.278236 5.378047 63.818130 0.000000 0.000000 -1
0 -67.763275 0.258721 41.729729 0.000000 1.000000 -1
0 -34.724575 29.688251 34.818146 1.000000 0.000000 -1
0 -39.581863 36.078621 18.492949 1.000000 1.000000 -1
0 -34.724575 29.688251 34.818146 0.000000 0.000000 -1
0 -39.581863 36.078621 18.492949 0.000000 1.000000 -1
0 -47.752079 22.801094 40.790855 1.000000 0.000000 -1
0 -47.229038 26.258392 25.026970 1.000000 1.000000 -1
0 -47.752079 22.801094 40.790855 0.000000 0.000000 -1
0 -47.229038 26.258392 25.026970 0.000000 1.000000 -1
0 -58.936115 15.216873 48.363796 1.000000 0.000000 -1
0 -68.047340 12.584205 48.771866 1.000000 1.000000 -1
0 -58.936115 15.216873 48.363796 0.000000 0.000000 -1
0 -68.047340 12.584205 48.771866 0.000000 1.000000 -1
0 -56.278236 5.378047 63.818130 1.000000 0.000000 -1
0 -67.763275 0.258721 41.729729 1.000000 1.000000 -1
0 -56.278236 5.378047 63.818130 0.000000 1.000000 -1
0 -34.724575 29.688251 34.818146 1.000000 1.000000 -1
0 -67.763275 0.258721 41.729729 0.000000 0.000000 -1
0 -39.581863 36.078621 18.492949 1.000000 0.000000 -1
0 18.096762 12.253047 15.068130 0.000000 0.000000 -1
0 6.611729 7.133721 -7.020273 0.000000 1.000000 -1
0 40.170242 28.207739 -13.931854 1.000000 0.000000 -1
0 30.532244 27.565784 -26.559134 1.000000 1.000000 -1
0 40.170242 28.207739 -13.931854 0.000000 0.000000 -1
0 30.532244 27.565784 -26.559134 0.000000 1.000000 -1
0 27.175632 35.156784 -7.959146 1.000000 0.000000 -1
0 30.334339 36.656460 -23.723030 1.000000 1.000000 -1
0 27.175632 35.156784 -7.959146 0.000000 0.000000 -1
0 30.334339 36.656460 -23.723030 0.000000 1.000000 -1
0 15.438886 22.091875 -0.386205 1.000000 0.000000 -1
0 6.327658 19.459206 0.021868 1.000000 1.000000 -1
0 15.438886 22.091875 -0.386205 0.000000 0.000000 -1
0 6.327658 19.459206 0.021868 0.000000 1.000000 -1
0 18.096762 12.253047 15.068130 1.000000 0.000000 -1
0 6.611729 7.133721 -7.020273 1.000000 1.000000 -1
0 18.096762 12.253047 15.068130 0.000000 1.000000 -1
0 40.170242 28.207739 -13.931854 1.000000 1.000000 -1
0 6.611729 7.133721 -7.020273 0.000000 0.000000 -1
0 30.532244 27.565784 -26.559134 1.000000 0.000000 -1
0 -0.889170 7.424240 -14.200323 0.000000 0.000000 -1
0 -25.737862 12.082286 -16.818792 0.000000 1.000000 -1
0 -14.378321 20.695696 20.795420 1.000000 0.000000 -1
0 -30.165958 19.877157 19.112530 1.000000 1.000000 -1
0 -14.378321 20.695696 20.795420 0.000000 0.000000 -1
0 -30.165958 19.877157 19.112530 0.000000 1.000000 -1
0 -15.951434 5.643262 15.919773 1.000000 0.000000 -1
0 -27.836872 12.389469 24.519300 1.000000 1.000000 -1
0 -15.951434 5.643262 15.919773 0.000000 0.000000 -1
0 -27.836872 12.389469 24.519300 0.000000 1.000000 -1
0 -15.505029 4.676413 -3.176279 1.000000 0.000000 -1
0 -19.847878 0.736102 -10.641232 1.000000 1.000000 -1
0 -15.505029 4.676413 -3.176279 0.000000 0.000000 -1
0 -19.847878 0.736102 -10.641232 0.000000 1.000000 -1
0 -0.889170 7.424240 -14.200323 1.000000 0.000000 -1
0 -25.737862 12.082286 -16.818792 1.000000 1.000000 -1
0 -0.889170 7.424240 -14.200323 0.000000 1.000000 -1
0 -14.378321 20.695696 20.795420 1.000000 1.000000 -1
0 -25.737862 12.082286 -16.818792 0.000000 0.000000 -1
0 -30.165958 19.877157 19.112530 1.000000 0.000000 -1
0 -56.293762 9.270277 7.812500 0.000000 0.000000 -1
0 -56.293762 -1.354723 7.812500 0.000000 1.000000 -1
0 -40.668762 9.270277 7.812500 1.000000 0.000000 -1
0 -40.668762 -1.354723 7.812500 1.000000 1.000000 -1
0 -40.668762 9.270277 7.812500 0.000000 0.000000 -1
0 -40.668762 -1.354723 7.812500 0.000000 1.000000 -1
0 -40.668762 9.270277 -7.812500 1.000000 0.000000 -1
0 -40.668762 -1.354723 -7.812500 1.000000 1.000000 -1
0 -40.668762 9.270277 -7.812500 0.000000 0.000000 -1
0 -40.668762 -1.354723 -7.812500 0.000000 1.000000 -1
0 -56.293762 9.270277 -7.812500 1.000000 0.000000 -1
0 -56.293762 -1.354723 -7.812500 1.000000 1.000000 -1
0 -56.293762 9.270277 -7.812500 0.000000 0.000000 -1
0 -56.293762 -1.354723 -7.812500 0.000000 1.000000 -1
0 -56.293762 9.270277 7.812500 1.000000 0.000000 -1
0 -56.293762 -1.354723 7.812500 1.000000 1.000000 -1
0 -56.293762 9.270277 7.812500 0.000000 1.000000 -1
0 -40.668762 9.270277 7.812500 1.000000 1.000000 -1
0 -56.293762 -1.354723 7.812500 0.000000 0.000000 -1
0 -40.668762 -1.354723 7.812500 1.000000 0.000000 -1
0 -10.043764 9.895277 10.000000 0.000000 0.000000 -1
0 -10.043764 -0.729723 10.000000 0.000000 1.000000 -1
0 9.956236 9.895277 10.000000 1.000000 0.000000 -1
0 9.956236 -0.729723 10.000000 1.000000 1.000000 -1
0 9.956236 9.895277 10.000000 0.000000 0.000000 -1
0 9.956236 -0.729723 10.000000 0.000000 1.000000 -1
0 9.956236 9.895277 -10.000000 1.000000 0.000000 -1
0 9.956236 -0.729723 -10.000000 1.000000 1.000000 -1
0 9.956236 9.895277 -10.000000 0.000000 0.000000 -1
0 9.956236 -0.729723 -10.000000 0.000000 1.000000 -1
0 -10.043764 9.895277 -10.000000 1.000000 0.000000 -1
0 -10.043764 -0.729723 -10.000000 1.000000 1.000000 -1
0 -10.043764 9.895277 -10.000000 0.000000 0.000000 -1
0 -10.043764 -0.729723 -10.000000 0.000000 1.000000 -1
0 -10.043764 9.895277 10.000000 1.000000 0.000000 -1
0 -10.043764 -0.729723 10.000000 1.000000 1.000000 -1
0 -10.043764 9.895277 10.000000 0.000000 1.000000 -1
0 9.956236 9.895277 10.000000 1.000000 1.000000 -1
0 -10.043764 -0.729723 10.000000 0.000000 0.000000 -1
0 9.956236 -0.729723 10.000000 1.000000 0.000000 -1
0 58.588367 12.395277 -4.872626 0.000000 0.000000 -1
0 58.588367 -0.104723 -4.872626 0.000000 1.000000 -1
0 70.708641 12.395277 16.992887 1.000000 0.000000 -1
0 70.708641 -0.104723 16.992887 1.000000 1.000000 -1
0 70.708641 12.395277 16.992887 0.000000 0.000000 -1
0 70.708641 -0.104723 16.992887 0.000000 1.000000 -1
0 92.574127 12.395277 4.872621 1.000000 0.000000 -1
0 92.574127 -0.104723 4.872621 1.000000 1.000000 -1
0 92.574127 12.395277 4.872621 0.000000 0.000000 -1
0 92.574127 -0.104723 4.872621 0.000000 1.000000 -1
0 80.453873 12.395277 -16.992870 1.000000 0.000000 -1
0 80.453873 -0.104723 -16.992870 1.000000 1.000000 -1
0 80.453873 12.395277 -16.992870 0.000000 0.000000 -1
0 80.453873 -0.104723 -16.992870 0.000000 1.000000 -1
0 58.588367 12.395277 -4.872626 1.000000 0.000000 -1
0 58.588367 -0.104723 -4.872626 1.000000 1.000000 -1
0 58.588367 12.395277 -4.872626 0.000000 1.000000 -1
0 70.708641 12.395277 16.992887 1.000000 1.000000 -1
0 58.588367 -0.104723 -4.872626 0.000000 0.000000 -1
0 70.708641 -0.104723 16.992887 1.000000 0.000000 -1
0 -62.945175 11.770277 -62.511246 0.000000 0.000000 -1
0 -62.945175 1.145277 -62.511246 0.000000 1.000000 -1
0 -51.617512 11.770277 -53.661102 1.000000 0.000000 -1
0 -51.617512 1.145277 -53.661102 1.000000 1.000000 -1
0 -51.617512 11.770277 -53.661102 0.000000 0.000000 -1
0 -51.617512 1.145277 -53.661102 0.000000 1.000000 -1
0 -42.767357 11.770277 -64.988754 1.000000 0.000000 -1
0 -42.767357 1.145277 -64.988754 1.000000 1.000000 -1
0 -42.767357 11.770277 -64.988754 0.000000 0.000000 -1
0 -42.767357 1.145277 -64.988754 0.000000 1.000000 -1
0 -54.095024 11.770277 -73.838898 1.000000 0.000000 -1
0 -54.095024 1.145277 -73.838898 1.000000 1.000000 -1
0 -54.095024 11.770277 -73.838898 0.000000 0.000000 -1
0 -54.095024 1.145277 -73.838898 0.000000 1.000000 -1
0 -62.945175 11.770277 -62.511246 1.000000 0.000000 -1
0 -62.945175 1.145277 -62.511246 1.000000 1.000000 -1
0 -62.945175 11.770277 -62.511246 0.000000 1.000000 -1
0 -51.617512 11.770277 -53.661102 1.000000 1.000000 -1
0 -62.945175 1.145277 -62.511246 0.000000 0.000000 -1
0 -51.617512 1.145277 -53.661102 1.000000 0.000000 -1
0 15.366631 39.292923 -11.687767 0.000000 0.000000 -1
0 11.798985 9.108974 -73.242035 0.000000 1.000000 -1
0 -6.094086 25.860600 -14.365957 1.000000 0.000000 -1
0 -29.700951 8.349170 -51.721302 1.000000 1.000000 -1
0 -6.094086 25.860600 -14.365957 0.000000 0.000000 -1
0 -29.700951 8.349170 -51.721302 0.000000 1.000000 -1
0 -7.637496 25.271259 -17.651196 1.000000 0.000000 -1
0 -24.781189 3.224640 -51.297577 1.000000 1.000000 -1
0 -7.637496 25.271259 -17.651196 0.000000 0.000000 -1
0 -24.781189 3.224640 -51.297577 0.000000 1.000000 -1
0 21.877935 32.041817 -10.867598 1.000000 0.000000 -1
0 13.215963 2.983292 -70.461037 1.000000 1.000000 -1
0 21.877935 32.041817 -10.867598 0.000000 0.000000 -1
0 13.215963 2.983292 -70.461037 0.000000 1.000000 -1
0 15.366631 39.292923 -11.687767 1.000000 0.000000 -1
0 11.798985 9.108974 -73.242035 1.000000 1.000000 -1
0 15.366631 39.292923 -11.687767 0.000000 1.000000 -1
0 -6.094086 25.860600 -14.365957 1.000000 1.000000 -1
0 11.798985 9.108974 -73.242035 0.000000 0.000000 -1
0 -29.700951 8.349170 -51.721302 1.000000 0.000000 -1
0 -49.062500 18.836411 39.032547 0.000000 0.000000 -1
0 -49.062500 -0.538589 39.032547 0.000000 1.000000 -1
0 -29.687500 18.836411 39.032547 1.000000 0.000000 -1
0 -29.687500 -0.538589 39.032547 1.000000 1.000000 -1
0 -29.687500 18.836411 39.032547 0.000000 0.000000 -1
0 -29.687500 -0.538589 39.032547 0.000000 1.000000 -1
0 -29.687500 18.836411 27.470045 1.000000 0.000000 -1
0 -29.687500 -0.538589 27.470045 1.000000 1.000000 -1
0 -29.687500 18.836411 27.470045 0.000000 0.000000 -1
0 -29.687500 -0.538589 27.470045 0.000000 1.000000 -1
0 -49.062500 18.836411 27.470045 1.000000 0.000000 -1
0 -49.062500 -0.538589 27.470045 1.000000 1.000000 -1
0 -49.062500 18.836411 27.470045 0.000000 0.000000 -1
0 -49.062500 -0.538589 27.470045 0.000000 1.000000 -1
0 -49.062500 18.836411 39.032547 1.000000 0.000000 -1
0 -49.062500 -0.538589 39.032547 1.000000 1.000000 -1
0 -49.062500 18.836411 39.032547 0.000000 1.000000 -1
0 -29.687500 18.836411 39.032547 1.000000 1.000000 -1
0 -49.062500 -0.538589 39.032547 0.000000 0.000000 -1
0 -29.687500 -0.538589 39.032547 1.000000 0.000000 -1
176
0.021389 0.411110 0.911335
0.010747 0.431745 0.901931
0.000098 0.452110 0.891962
0.567355 0.791574 -0.226979
0.567355 0.791574 -0.226979
0.567355 0.791574 -0.226979
-0.126040 -0.601223 -0.789079
-0.063640 -0.504556 -0.861030
-0.000068 -0.398598 -0.917126
-0.965651 -0.103572 -0.238308
-0.990912 -0.069318 -0.115272
-0.999378 -0.033888 0.009717
0.380436 0.915272 -0.132463
0.377998 0.905160 -0.194428
0.374068 0.891476 -0.255626
-0.000521 -0.961262 0.275637
-0.000521 -0.961262 0.275636
-0.000521 -0.961262 0.275636
-0.141103 0.399312 0.905892
-0.073462 0.305936 0.949214
-0.004707 0.207919 0.978135
0.731546 0.681793 0.000000
0.733346 0.679808 -0.008034
0.735094 0.677775 -0.016068
0.099976 -0.126584 -0.986905
0.051370 -0.289126 -0.955912
0.001236 -0.443068 -0.896487
-0.332641 0.489374 0.806141
-0.305668 0.458686 0.834370
-0.277942 0.426867 0.860542
-0.125771 0.944076 0.304800
-0.148838 0.976754 0.154271
-0.168295 0.985737 0.000000
-0.013866 -0.984505 0.174809
-0.007222 -0.996116 0.087751
-0.000522 -1.000000 0.000011
-0.998577 0.048697 0.021737
-0.995999 0.089236 0.004824
-0.991492 0.129603 -0.012098
0.589186 -0.130664 0.797363
0.230417 0.038474 0.972331
-0.171656 0.200381 0.964563
0.991820 -0.111052 -0.062929
0.996352 -0.079469 -0.031092
0.998860 -0.047725 0.000809
0.000002 -0.000000 -1.000000
0.000002 -0.000000 -1.000000
0.000002 -0.000000 -1.000000
0.534086 0.754552 0.381319
0.140209 0.849431 0.508732
-0.278958 0.791094 0.544383
0.000000 -0.999999 -0.001089
0.000094 -0.999999 -0.001073
0.000188 -0.999999 -0.001057
-0.963826 -0.112456 0.241648
-0.991306 -0.009413 0.131242
-0.995428 0.093852 0.017744
0.461663 -0.118780 -0.879067
0.994458 -0.080552 -0.067557
0.588604 0.033707 0.807718
0.984178 0.056361 0.167977
0.995768 0.027235 0.087776
0.999974 -0.002092 0.006924
-0.538254 0.243731 -0.806770
-0.280556 0.315116 -0.906637
0.000002 0.360826 -0.932633
0.419160 0.656467 0.627181
0.945552 0.315865 0.078488
0.815577 -0.243999 -0.524689
0.000000 -1.000000 -0.001003
-0.000403 -0.999999 -0.001055
-0.000807 -0.999999 -0.001107
0.436569 0.000000 0.899671
0.345792 0.231264 0.909365
0.233639 0.448231 0.862845
-0.056764 -0.460247 -0.885975
0.382179 0.014090 -0.923981
0.660947 0.482521 -0.574737
-0.221141 -0.083265 -0.971681
-0.143580 0.057854 -0.987946
-0.062258 0.197458 -0.978332
-0.367340 0.634595 -0.679963
-0.860830 0.508428 0.021747
-0.707107 0.000000 0.707107
-0.144290 0.759753 -0.633999
-0.164820 0.740558 -0.651467
-0.185170 0.720551 -0.668221
0.014877 -0.998379 0.054940
0.017874 -0.999671 0.018418
0.020848 -0.999618 -0.018129
0.638321 -0.753536 -0.157257
0.597845 -0.742257 -0.302715
0.543664 -0.713962 -0.441233
-0.266690 0.867898 0.419081
-0.529326 0.800028 0.282434
-0.743128 0.658351 0.119731
-0.469078 0.865782 0.174317
-0.363306 0.899351 0.243262
-0.251333 0.917570 0.308054
-0.208893 0.808275 0.550505
-0.661675 0.327579 0.674447
-0.815749 -0.300998 0.493916
-0.180423 0.815362 0.550121
-0.179464 0.815343 0.550461
-0.178506 0.815324 0.550802
-0.798746 0.284496 -0.530158
-0.096233 0.828178 0.552142
0.794943 -0.251771 0.551975
0.519592 -0.851302 -0.072864
0.493237 -0.848427 -0.192063
0.459527 -0.832901 -0.308399
0.337430 0.891300 -0.302862
0.837588 0.541804 -0.069966
0.980476 -0.038796 0.192773
-0.766938 0.634906 -0.093275
-0.543781 0.822586 0.166293
-0.237753 0.884906 0.400519
-0.208893 0.808275 0.550505
-0.661675 0.327579 0.674447
-0.815749 -0.300999 0.493916
-0.452133 0.715146 0.533049
0.065099 0.694552 0.716492
0.562697 0.464477 0.683837
-0.747440 0.316494 -0.584093
-0.752687 0.249199 -0.609395
-0.754023 0.180609 -0.631530
0.205153 0.938737 -0.276921
0.089406 0.964651 -0.247900
-0.027675 0.976182 -0.215182
-0.085815 -0.298884 0.950423
0.371417 0.166006 0.913505
0.670222 0.560086 0.486936
-0.474955 -0.879375 0.033421
-0.137527 -0.968319 0.208435
0.220859 -0.909692 0.351685
0.364287 -0.894232 0.260083
0.237326 -0.885415 -0.399647
0.003227 -0.476885 -0.878960
0.224047 -0.973053 0.054504
0.647682 -0.707787 0.282038
0.875973 -0.229050 0.424508
-0.885626 -0.464323 -0.008413
-0.910016 -0.411438 -0.050893
-0.929677 -0.356414 -0.093109
0.000000 0.000000 1.000000
1.000000 0.000000 0.000000
0.000000 0.000000 -1.000000
-1.000000 0.000000 0.000000
0.000000 1.000000 0.000000
0.000000 -1.000000 0.000000
-0.874619 0.000000 0.484810
0.484811 0.000000 0.874619
0.874619 0.000000 -0.484810
-0.484810 0.000000 -0.874620
-0.615662 0.000000 0.788011
0.788010 0.000000 0.615663
0.615662 0.000000 -0.788011
-0.788010 0.000000 -0.615662
-0.459450 0.807722 -0.369448
-0.325060 0.878987 -0.348882
-0.183011 0.929541 -0.320095
0.830358 -0.465272 -0.306639
0.232574 -0.922639 0.307648
-0.584732 -0.509147 0.631552
0.075976 -0.851322 0.519113
0.138043 -0.874871 0.464268
0.199087 -0.891933 0.405980
0.706490 0.590240 -0.390498
0.877462 0.393037 -0.274924
0.976940 0.163810 -0.136949
-0.206884 -0.075444 0.975452
0.252721 -0.699093 0.668880
0.536897 -0.837459 -0.102003
-0.403615 -0.453989 -0.794348
-0.403652 -0.453630 -0.794535
-0.403688 -0.453270 -0.794722
168
0 0 1 2 0 1 1 1
0 1 3 2 1 2 1 1
0 4 5 6 3 4 4 2
0 5 7 6 4 5 4 2
0 8 9 10 6 7 7 1
0 9 11 10 7 8 7 1
0 12 13 14 9 10 10 2
0 13 15 14 10 11 10 2
0 12 16 6 12 13 13 3
0 16 17 6 13 14 13 3
0 18 13 19 15 16 16 3
0 13 7 19 16 17 16 3
0 20 21 22 18 19 19 1
0 21 23 22 19 20 19 1
0 24 25 26 21 22 22 2
0 25 27 26 22 23 22 2
0 28 29 30 24 25 25 1
0 29 31 30 25 26 25 1
0 32 33 34 27 28 28 2
0 33 35 34 28 29 28 2
0 32 36 26 30 31 31 3
0 36 37 26 31 32 31 3
0 38 33 39 33 34 34 3
0 33 27 39 34 35 34 3
0 40 41 42 36 37 37 1
0 41 43 42 37 38 37 1
0 44 45 46 39 40 40 2
0 45 47 46 40 41 40 2
0 48 49 50 42 43 43 1
0 49 51 50 43 44 43 1
0 52 53 54 45 46 46 2
0 53 55 54 46 47 46 2
0 52 56 46 48 49 49 3
0 56 57 46 49 50 49 3
0 58 53 59 51 52 52 3
0 53 47 59 52 53 52 3
0 60 61 62 54 55 55 1
0 61 63 62 55 56 55 1
0 64 65 66 57 58 58 2
0 65 67 66 58 59 58 2
0 68 69 70 60 61 61 1
0 69 71 70 61 62 61 1
0 72 73 74 63 64 64 2
0 73 75 74 64 65 64 2
0 72 76 66 66 67 67 3
0 76 77 66 67 68 67 3
0 78 73 79 69 70 70 3
0 73 67 79 70 71 70 3
0 80 81 82 72 73 73 1
0 81 83 82 73 74 73 1
0 84 85 86 75 76 76 2
0 85 87 86 76 77 76 2
0 88 89 90 78 79 79 1
0 89 91 90 79 80 79 1
0 92 93 94 81 82 82 2
0 93 95 94 82 83 82 2
0 92 96 86 84 85 85 3
0 96 97 86 85 86 85 3
0 98 93 99 87 88 88 3
0 93 87 99 88 89 88 3
0 100 101 102 90 91 91 1
0 101 103 102 91 92 91 1
0 104 105 106 93 94 94 2
0 105 107 106 94 95 94 2
0 108 109 110 96 97 97 1
0 109 111 110 97 98 97 1
0 112 113 114 99 100 100 2
0 113 115 114 100 101 100 2
0 112 116 106 102 103 103 3
0 116 117 106 103 104 103 3
0 118 113 119 105 106 106 3
0 113 107 119 106 107 106 3
0 120 121 122 108 109 109 1
0 121 123 122 109 110 109 1
0 124 125 126 111 112 112 2
0 125 127 126 112 113 112 2
0 128 129 130 114 115 115 1
0 129 131 130 115 116 115 1
0 132 133 134 117 118 118 2
0 133 135 134 118 119 118 2
0 132 136 126 120 121 121 3
0 136 137 126 121 122 121 3
0 138 133 139 123 124 124 3
0 133 127 139 124 125 124 3
0 140 141 142 126 127 127 1
0 141 143 142 127 128 127 1
0 144 145 146 129 130 130 2
0 145 147 146 130 131 130 2
0 148 149 150 132 133 133 1
0 149 151 150 133 134 133 1
0 152 153 154 135 136 136 2
0 153 155 154 136 137 136 2
0 152 156 146 138 139 139 3
0 156 157 146 139 140 139 3
0 158 153 159 141 142 142 3
0 153 147 159 142 143 142 3
0 160 161 162 144 144 144 1
0 161 163 162 144 144 144 1
0 164 165 166 145 145 145 2
0 165 167 166 145 145 145 2
0 168 169 170 146 146 146 1
0 169 171 170 146 146 146 1
0 172 173 174 147 147 147 2
0 173 175 174 147 147 147 2
0 172 176 166 148 148 148 3
0 176 177 166 148 148 148 3
0 178 173 179 149 149 149 3
0 173 167 179 149 149 149 3
0 180 181 182 144 144 144 1
0 181 183 182 144 144 144 1
0 184 185 186 145 145 145 2
0 185 187 186 145 145 145 2
0 188 189 190 146 146 146 1
0 189 191 190 146 146 146 1
0 192 193 194 147 147 147 2
0 193 195 194 147 147 147 2
0 192 196 186 148 148 148 3
0 196 197 186 148 148 148 3
0 198 193 199 149 149 149 3
0 193 187 199 149 149 149 3
0 200 201 202 150 150 150 1
0 201 203 202 150 150 150 1
0 204 205 206 151 151 151 2
0 205 207 206 151 151 151 2
0 208 209 210 152 152 152 1
0 209 211 210 152 152 152 1
0 212 213 214 153 153 153 2
0 213 215 214 153 153 153 2
0 212 216 206 148 148 148 3
0 216 217 206 148 148 148 3
0 218 213 219 149 149 149 3
0 213 207 219 149 149 149 3
0 220 221 222 154 154 154 1
0 221 223 222 154 154 154 1
0 224 225 226 155 155 155 2
0 225 227 226 155 155 155 2
0 228 229 230 156 156 156 1
0 229 231 230 156 156 156 1
0 232 233 234 157 157 157 2
0 233 235 234 157 157 157 2
0 232 236 226 148 148 148 3
0 236 237 226 148 148 148 3
0 238 233 239 149 149 149 3
0 233 227 239 149 149 149 3
0 240 241 242 158 159 159 1
0 241 243 242 159 160 159 1
0 244 245 246 161 162 162 2
0 245 247 246 162 163 162 2
0 248 249 250 164 165 165 1
0 249 251 250 165 166 165 1
0 252 253 254 167 168 168 2
0 253 255 254 168 169 168 2
0 252 256 246 170 171 171 3
0 256 257 246 171 172 171 3
0 258 253 259 173 174 174 3
0 253 247 259 174 175 174 3
0 260 261 262 144 144 144 1
0 261 263 262 144 144 144 1
0 264 265 266 145 145 145 2
0 265 267 266 145 145 145 2
0 268 269 270 146 146 146 1
0 269 271 270 146 146 146 1
0 272 273 274 147 147 147 2
0 273 275 274 147 147 147 2
0 272 276 266 148 148 148 3
0 276 277 266 148 148 148 3
0 278 273 279 149 149 149 3
0 273 267 279 149 149 149 3

Materials: 1
"grey"
0.200000 0.200000 0.200000 1.000000
0.800000 0.800000 0.800000 1.000000
0.000000 0.000000 0.000000 1.000000
0.000000 0.000000 0.000000 1.000000
0.000000
1.000000
".\grey.bmp"
""

Bones: 0
