// MilkShape 3D ASCII

Frames: 30
Frame: 1

Meshes: 2
"frame" 0 0
40
1 -45.000008 102.167854 31.260397 0.000000 0.000000 -1
1 -45.000008 -0.332150 31.260397 0.000000 1.000000 -1
1 44.999992 102.167854 31.260397 1.000000 0.000000 -1
1 44.999992 -0.332150 31.260397 1.000000 1.000000 -1
1 44.999992 102.167854 31.260397 0.000000 0.000000 -1
1 44.999992 -0.332150 31.260397 0.000000 1.000000 -1
1 44.999992 102.167854 -31.239603 1.000000 0.000000 -1
1 44.999992 -0.332150 -31.239603 1.000000 1.000000 -1
1 44.999992 102.167854 -31.239603 0.000000 0.000000 -1
1 44.999992 -0.332150 -31.239603 0.000000 1.000000 -1
1 -45.000008 102.167854 -31.239603 1.000000 0.000000 -1
1 -45.000008 -0.332150 -31.239603 1.000000 1.000000 -1
1 -45.000008 102.167854 -31.239603 0.000000 0.000000 -1
1 -45.000008 -0.332150 -31.239603 0.000000 1.000000 -1
1 -45.000008 102.167854 31.260397 1.000000 0.000000 -1
1 -45.000008 -0.332150 31.260397 1.000000 1.000000 -1
1 -45.000008 102.167854 31.260397 0.000000 1.000000 -1
1 44.999992 102.167854 31.260397 1.000000 1.000000 -1
1 -45.000008 -0.332150 31.260397 0.000000 0.000000 -1
1 44.999992 -0.332150 31.260397 1.000000 0.000000 -1
1 -32.916683 108.193954 27.515106 0.000000 0.000000 -1
1 -32.916683 100.381454 27.515106 0.000000 1.000000 -1
1 33.020836 108.193954 27.098436 1.000000 0.000000 -1
1 33.020836 100.381454 27.098436 1.000000 1.000000 -1
1 33.020836 108.193954 27.098436 0.000000 0.000000 -1
1 33.020836 100.381454 27.098436 0.000000 1.000000 -1
1 33.020836 108.193954 -27.589064 1.000000 0.000000 -1
1 33.020836 100.381454 -27.589064 1.000000 1.000000 -1
1 33.020836 108.193954 -27.589064 0.000000 0.000000 -1
1 33.020836 100.381454 -27.589064 0.000000 1.000000 -1
1 -32.916683 108.193954 -27.172394 1.000000 0.000000 -1
1 -32.916683 100.381454 -27.172394 1.000000 1.000000 -1
1 -32.916683 108.193954 -27.172394 0.000000 0.000000 -1
1 -32.916683 100.381454 -27.172394 0.000000 1.000000 -1
1 -32.916683 108.193954 27.515106 1.000000 0.000000 -1
1 -32.916683 100.381454 27.515106 1.000000 1.000000 -1
1 -32.916683 108.193954 27.515106 0.000000 1.000000 -1
1 33.020836 108.193954 27.098436 1.000000 1.000000 -1
1 -32.916683 100.381454 27.515106 0.000000 0.000000 -1
1 33.020836 100.381454 27.098436 1.000000 0.000000 -1
8
0.000000 0.000000 1.000000
1.000000 0.000000 0.000000
0.000000 0.000000 -1.000000
-1.000000 0.000000 0.000000
0.000000 1.000000 0.000000
0.000000 -1.000000 0.000000
0.006319 0.000000 0.999980
-0.006319 0.000000 -0.999980
24
1 0 1 2 0 0 0 1
1 1 3 2 0 0 0 1
1 4 5 6 1 1 1 2
1 5 7 6 1 1 1 2
1 8 9 10 2 2 2 1
1 9 11 10 2 2 2 1
1 12 13 14 3 3 3 2
1 13 15 14 3 3 3 2
1 12 16 6 4 4 4 3
1 16 17 6 4 4 4 3
1 18 13 19 5 5 5 3
1 13 7 19 5 5 5 3
1 20 21 22 6 6 6 1
1 21 23 22 6 6 6 1
1 24 25 26 1 1 1 2
1 25 27 26 1 1 1 2
1 28 29 30 7 7 7 1
1 29 31 30 7 7 7 1
1 32 33 34 3 3 3 2
1 33 35 34 3 3 3 2
1 32 36 26 4 4 4 3
1 36 37 26 4 4 4 3
1 38 33 39 5 5 5 3
1 33 27 39 5 5 5 3
"windows" 0 1
1120
1 -35.640148 92.584518 -28.952736 0.000000 0.000000 -1
1 -35.640148 80.917854 -28.952736 0.000000 1.000000 -1
1 -23.973488 92.584518 -28.952736 1.000000 0.000000 -1
1 -23.973488 80.917854 -28.952736 1.000000 1.000000 -1
1 -23.973488 92.584518 -28.952736 0.000000 0.000000 -1
1 -23.973488 80.917854 -28.952736 0.000000 1.000000 -1
1 -23.958338 92.584518 -32.265240 1.000000 0.000000 -1
1 -23.958338 80.917854 -32.265240 1.000000 1.000000 -1
1 -23.958338 92.584518 -32.265240 0.000000 0.000000 -1
1 -23.958338 80.917854 -32.265240 0.000000 1.000000 -1
1 -35.624996 92.584518 -32.265240 1.000000 0.000000 -1
1 -35.624996 80.917854 -32.265240 1.000000 1.000000 -1
1 -35.624996 92.584518 -32.265240 0.000000 0.000000 -1
1 -35.624996 80.917854 -32.265240 0.000000 1.000000 -1
1 -35.640148 92.584518 -28.952736 1.000000 0.000000 -1
1 -35.640148 80.917854 -28.952736 1.000000 1.000000 -1
1 -35.640148 92.584518 -28.952736 0.000000 1.000000 -1
1 -23.973488 92.584518 -28.952736 1.000000 1.000000 -1
1 -35.640148 80.917854 -28.952736 0.000000 0.000000 -1
1 -23.973488 80.917854 -28.952736 1.000000 0.000000 -1
1 -15.431815 92.584518 -28.899319 0.000000 0.000000 -1
1 -15.431815 80.917854 -28.899319 0.000000 1.000000 -1
1 -3.765156 92.584518 -28.899319 1.000000 0.000000 -1
1 -3.765156 80.917854 -28.899319 1.000000 1.000000 -1
1 -3.765156 92.584518 -28.899319 0.000000 0.000000 -1
1 -3.765156 80.917854 -28.899319 0.000000 1.000000 -1
1 -3.750002 92.584518 -32.211823 1.000000 0.000000 -1
1 -3.750002 80.917854 -32.211823 1.000000 1.000000 -1
1 -3.750002 92.584518 -32.211823 0.000000 0.000000 -1
1 -3.750002 80.917854 -32.211823 0.000000 1.000000 -1
1 -15.416661 92.584518 -32.211823 1.000000 0.000000 -1
1 -15.416661 80.917854 -32.211823 1.000000 1.000000 -1
1 -15.416661 92.584518 -32.211823 0.000000 0.000000 -1
1 -15.416661 80.917854 -32.211823 0.000000 1.000000 -1
1 -15.431815 92.584518 -28.899319 1.000000 0.000000 -1
1 -15.431815 80.917854 -28.899319 1.000000 1.000000 -1
1 -15.431815 92.584518 -28.899319 0.000000 1.000000 -1
1 -3.765156 92.584518 -28.899319 1.000000 1.000000 -1
1 -15.431815 80.917854 -28.899319 0.000000 0.000000 -1
1 -3.765156 80.917854 -28.899319 1.000000 0.000000 -1
1 4.672350 92.594040 -28.935774 0.000000 0.000000 -1
1 4.672350 80.927383 -28.935774 0.000000 1.000000 -1
1 16.339010 92.594040 -28.935774 1.000000 0.000000 -1
1 16.339010 80.927383 -28.935774 1.000000 1.000000 -1
1 16.339010 92.594040 -28.935774 0.000000 0.000000 -1
1 16.339010 80.927383 -28.935774 0.000000 1.000000 -1
1 16.354162 92.594040 -32.248276 1.000000 0.000000 -1
1 16.354162 80.927383 -32.248276 1.000000 1.000000 -1
1 16.354162 92.594040 -32.248276 0.000000 0.000000 -1
1 16.354162 80.927383 -32.248276 0.000000 1.000000 -1
1 4.687501 92.594040 -32.248276 1.000000 0.000000 -1
1 4.687501 80.927383 -32.248276 1.000000 1.000000 -1
1 4.687501 92.594040 -32.248276 0.000000 0.000000 -1
1 4.687501 80.927383 -32.248276 0.000000 1.000000 -1
1 4.672350 92.594040 -28.935774 1.000000 0.000000 -1
1 4.672350 80.927383 -28.935774 1.000000 1.000000 -1
1 4.672350 92.594040 -28.935774 0.000000 1.000000 -1
1 16.339010 92.594040 -28.935774 1.000000 1.000000 -1
1 4.672350 80.927383 -28.935774 0.000000 0.000000 -1
1 16.339010 80.927383 -28.935774 1.000000 0.000000 -1
1 24.880684 92.594040 -28.882355 0.000000 0.000000 -1
1 24.880684 80.927383 -28.882355 0.000000 1.000000 -1
1 36.547344 92.594040 -28.882355 1.000000 0.000000 -1
1 36.547344 80.927383 -28.882355 1.000000 1.000000 -1
1 36.547344 92.594040 -28.882355 0.000000 0.000000 -1
1 36.547344 80.927383 -28.882355 0.000000 1.000000 -1
1 36.562496 92.594040 -32.194859 1.000000 0.000000 -1
1 36.562496 80.927383 -32.194859 1.000000 1.000000 -1
1 36.562496 92.594040 -32.194859 0.000000 0.000000 -1
1 36.562496 80.927383 -32.194859 0.000000 1.000000 -1
1 24.895838 92.594040 -32.194859 1.000000 0.000000 -1
1 24.895838 80.927383 -32.194859 1.000000 1.000000 -1
1 24.895838 92.594040 -32.194859 0.000000 0.000000 -1
1 24.895838 80.927383 -32.194859 0.000000 1.000000 -1
1 24.880684 92.594040 -28.882355 1.000000 0.000000 -1
1 24.880684 80.927383 -28.882355 1.000000 1.000000 -1
1 24.880684 92.594040 -28.882355 0.000000 1.000000 -1
1 36.547344 92.594040 -28.882355 1.000000 1.000000 -1
1 24.880684 80.927383 -28.882355 0.000000 0.000000 -1
1 36.547344 80.927383 -28.882355 1.000000 0.000000 -1
1 -35.640148 72.167862 -28.952736 0.000000 0.000000 -1
1 -35.640148 60.501198 -28.952736 0.000000 1.000000 -1
1 -23.973488 72.167862 -28.952736 1.000000 0.000000 -1
1 -23.973488 60.501198 -28.952736 1.000000 1.000000 -1
1 -23.973488 72.167862 -28.952736 0.000000 0.000000 -1
1 -23.973488 60.501198 -28.952736 0.000000 1.000000 -1
1 -23.958338 72.167862 -32.265240 1.000000 0.000000 -1
1 -23.958338 60.501198 -32.265240 1.000000 1.000000 -1
1 -23.958338 72.167862 -32.265240 0.000000 0.000000 -1
1 -23.958338 60.501198 -32.265240 0.000000 1.000000 -1
1 -35.624996 72.167862 -32.265240 1.000000 0.000000 -1
1 -35.624996 60.501198 -32.265240 1.000000 1.000000 -1
1 -35.624996 72.167862 -32.265240 0.000000 0.000000 -1
1 -35.624996 60.501198 -32.265240 0.000000 1.000000 -1
1 -35.640148 72.167862 -28.952736 1.000000 0.000000 -1
1 -35.640148 60.501198 -28.952736 1.000000 1.000000 -1
1 -35.640148 72.167862 -28.952736 0.000000 1.000000 -1
1 -23.973488 72.167862 -28.952736 1.000000 1.000000 -1
1 -35.640148 60.501198 -28.952736 0.000000 0.000000 -1
1 -23.973488 60.501198 -28.952736 1.000000 0.000000 -1
1 -15.431815 72.167862 -28.899319 0.000000 0.000000 -1
1 -15.431815 60.501198 -28.899319 0.000000 1.000000 -1
1 -3.765156 72.167862 -28.899319 1.000000 0.000000 -1
1 -3.765156 60.501198 -28.899319 1.000000 1.000000 -1
1 -3.765156 72.167862 -28.899319 0.000000 0.000000 -1
1 -3.765156 60.501198 -28.899319 0.000000 1.000000 -1
1 -3.750002 72.167862 -32.211823 1.000000 0.000000 -1
1 -3.750002 60.501198 -32.211823 1.000000 1.000000 -1
1 -3.750002 72.167862 -32.211823 0.000000 0.000000 -1
1 -3.750002 60.501198 -32.211823 0.000000 1.000000 -1
1 -15.416661 72.167862 -32.211823 1.000000 0.000000 -1
1 -15.416661 60.501198 -32.211823 1.000000 1.000000 -1
1 -15.416661 72.167862 -32.211823 0.000000 0.000000 -1
1 -15.416661 60.501198 -32.211823 0.000000 1.000000 -1
1 -15.431815 72.167862 -28.899319 1.000000 0.000000 -1
1 -15.431815 60.501198 -28.899319 1.000000 1.000000 -1
1 -15.431815 72.167862 -28.899319 0.000000 1.000000 -1
1 -3.765156 72.167862 -28.899319 1.000000 1.000000 -1
1 -15.431815 60.501198 -28.899319 0.000000 0.000000 -1
1 -3.765156 60.501198 -28.899319 1.000000 0.000000 -1
1 4.672350 72.177376 -28.935774 0.000000 0.000000 -1
1 4.672350 60.510715 -28.935774 0.000000 1.000000 -1
1 16.339010 72.177376 -28.935774 1.000000 0.000000 -1
1 16.339010 60.510715 -28.935774 1.000000 1.000000 -1
1 16.339010 72.177376 -28.935774 0.000000 0.000000 -1
1 16.339010 60.510715 -28.935774 0.000000 1.000000 -1
1 16.354162 72.177376 -32.248276 1.000000 0.000000 -1
1 16.354162 60.510715 -32.248276 1.000000 1.000000 -1
1 16.354162 72.177376 -32.248276 0.000000 0.000000 -1
1 16.354162 60.510715 -32.248276 0.000000 1.000000 -1
1 4.687501 72.177376 -32.248276 1.000000 0.000000 -1
1 4.687501 60.510715 -32.248276 1.000000 1.000000 -1
1 4.687501 72.177376 -32.248276 0.000000 0.000000 -1
1 4.687501 60.510715 -32.248276 0.000000 1.000000 -1
1 4.672350 72.177376 -28.935774 1.000000 0.000000 -1
1 4.672350 60.510715 -28.935774 1.000000 1.000000 -1
1 4.672350 72.177376 -28.935774 0.000000 1.000000 -1
1 16.339010 72.177376 -28.935774 1.000000 1.000000 -1
1 4.672350 60.510715 -28.935774 0.000000 0.000000 -1
1 16.339010 60.510715 -28.935774 1.000000 0.000000 -1
1 24.880684 72.177376 -28.882355 0.000000 0.000000 -1
1 24.880684 60.510715 -28.882355 0.000000 1.000000 -1
1 36.547344 72.177376 -28.882355 1.000000 0.000000 -1
1 36.547344 60.510715 -28.882355 1.000000 1.000000 -1
1 36.547344 72.177376 -28.882355 0.000000 0.000000 -1
1 36.547344 60.510715 -28.882355 0.000000 1.000000 -1
1 36.562496 72.177376 -32.194859 1.000000 0.000000 -1
1 36.562496 60.510715 -32.194859 1.000000 1.000000 -1
1 36.562496 72.177376 -32.194859 0.000000 0.000000 -1
1 36.562496 60.510715 -32.194859 0.000000 1.000000 -1
1 24.895838 72.177376 -32.194859 1.000000 0.000000 -1
1 24.895838 60.510715 -32.194859 1.000000 1.000000 -1
1 24.895838 72.177376 -32.194859 0.000000 0.000000 -1
1 24.895838 60.510715 -32.194859 0.000000 1.000000 -1
1 24.880684 72.177376 -28.882355 1.000000 0.000000 -1
1 24.880684 60.510715 -28.882355 1.000000 1.000000 -1
1 24.880684 72.177376 -28.882355 0.000000 1.000000 -1
1 36.547344 72.177376 -28.882355 1.000000 1.000000 -1
1 24.880684 60.510715 -28.882355 0.000000 0.000000 -1
1 36.547344 60.510715 -28.882355 1.000000 0.000000 -1
1 -35.640148 51.647015 -28.952736 0.000000 0.000000 -1
1 -35.640148 39.980354 -28.952736 0.000000 1.000000 -1
1 -23.973488 51.647015 -28.952736 1.000000 0.000000 -1
1 -23.973488 39.980354 -28.952736 1.000000 1.000000 -1
1 -23.973488 51.647015 -28.952736 0.000000 0.000000 -1
1 -23.973488 39.980354 -28.952736 0.000000 1.000000 -1
1 -23.958338 51.647015 -32.265240 1.000000 0.000000 -1
1 -23.958338 39.980354 -32.265240 1.000000 1.000000 -1
1 -23.958338 51.647015 -32.265240 0.000000 0.000000 -1
1 -23.958338 39.980354 -32.265240 0.000000 1.000000 -1
1 -35.624996 51.647015 -32.265240 1.000000 0.000000 -1
1 -35.624996 39.980354 -32.265240 1.000000 1.000000 -1
1 -35.624996 51.647015 -32.265240 0.000000 0.000000 -1
1 -35.624996 39.980354 -32.265240 0.000000 1.000000 -1
1 -35.640148 51.647015 -28.952736 1.000000 0.000000 -1
1 -35.640148 39.980354 -28.952736 1.000000 1.000000 -1
1 -35.640148 51.647015 -28.952736 0.000000 1.000000 -1
1 -23.973488 51.647015 -28.952736 1.000000 1.000000 -1
1 -35.640148 39.980354 -28.952736 0.000000 0.000000 -1
1 -23.973488 39.980354 -28.952736 1.000000 0.000000 -1
1 -15.431815 51.647015 -28.899319 0.000000 0.000000 -1
1 -15.431815 39.980354 -28.899319 0.000000 1.000000 -1
1 -3.765156 51.647015 -28.899319 1.000000 0.000000 -1
1 -3.765156 39.980354 -28.899319 1.000000 1.000000 -1
1 -3.765156 51.647015 -28.899319 0.000000 0.000000 -1
1 -3.765156 39.980354 -28.899319 0.000000 1.000000 -1
1 -3.750002 51.647015 -32.211823 1.000000 0.000000 -1
1 -3.750002 39.980354 -32.211823 1.000000 1.000000 -1
1 -3.750002 51.647015 -32.211823 0.000000 0.000000 -1
1 -3.750002 39.980354 -32.211823 0.000000 1.000000 -1
1 -15.416661 51.647015 -32.211823 1.000000 0.000000 -1
1 -15.416661 39.980354 -32.211823 1.000000 1.000000 -1
1 -15.416661 51.647015 -32.211823 0.000000 0.000000 -1
1 -15.416661 39.980354 -32.211823 0.000000 1.000000 -1
1 -15.431815 51.647015 -28.899319 1.000000 0.000000 -1
1 -15.431815 39.980354 -28.899319 1.000000 1.000000 -1
1 -15.431815 51.647015 -28.899319 0.000000 1.000000 -1
1 -3.765156 51.647015 -28.899319 1.000000 1.000000 -1
1 -15.431815 39.980354 -28.899319 0.000000 0.000000 -1
1 -3.765156 39.980354 -28.899319 1.000000 0.000000 -1
1 4.672350 51.656540 -28.935774 0.000000 0.000000 -1
1 4.672350 39.989883 -28.935774 0.000000 1.000000 -1
1 16.339010 51.656540 -28.935774 1.000000 0.000000 -1
1 16.339010 39.989883 -28.935774 1.000000 1.000000 -1
1 16.339010 51.656540 -28.935774 0.000000 0.000000 -1
1 16.339010 39.989883 -28.935774 0.000000 1.000000 -1
1 16.354162 51.656540 -32.248276 1.000000 0.000000 -1
1 16.354162 39.989883 -32.248276 1.000000 1.000000 -1
1 16.354162 51.656540 -32.248276 0.000000 0.000000 -1
1 16.354162 39.989883 -32.248276 0.000000 1.000000 -1
1 4.687501 51.656540 -32.248276 1.000000 0.000000 -1
1 4.687501 39.989883 -32.248276 1.000000 1.000000 -1
1 4.687501 51.656540 -32.248276 0.000000 0.000000 -1
1 4.687501 39.989883 -32.248276 0.000000 1.000000 -1
1 4.672350 51.656540 -28.935774 1.000000 0.000000 -1
1 4.672350 39.989883 -28.935774 1.000000 1.000000 -1
1 4.672350 51.656540 -28.935774 0.000000 1.000000 -1
1 16.339010 51.656540 -28.935774 1.000000 1.000000 -1
1 4.672350 39.989883 -28.935774 0.000000 0.000000 -1
1 16.339010 39.989883 -28.935774 1.000000 0.000000 -1
1 24.880684 51.656540 -28.882355 0.000000 0.000000 -1
1 24.880684 39.989883 -28.882355 0.000000 1.000000 -1
1 36.547344 51.656540 -28.882355 1.000000 0.000000 -1
1 36.547344 39.989883 -28.882355 1.000000 1.000000 -1
1 36.547344 51.656540 -28.882355 0.000000 0.000000 -1
1 36.547344 39.989883 -28.882355 0.000000 1.000000 -1
1 36.562496 51.656540 -32.194859 1.000000 0.000000 -1
1 36.562496 39.989883 -32.194859 1.000000 1.000000 -1
1 36.562496 51.656540 -32.194859 0.000000 0.000000 -1
1 36.562496 39.989883 -32.194859 0.000000 1.000000 -1
1 24.895838 51.656540 -32.194859 1.000000 0.000000 -1
1 24.895838 39.989883 -32.194859 1.000000 1.000000 -1
1 24.895838 51.656540 -32.194859 0.000000 0.000000 -1
1 24.895838 39.989883 -32.194859 0.000000 1.000000 -1
1 24.880684 51.656540 -28.882355 1.000000 0.000000 -1
1 24.880684 39.989883 -28.882355 1.000000 1.000000 -1
1 24.880684 51.656540 -28.882355 0.000000 1.000000 -1
1 36.547344 51.656540 -28.882355 1.000000 1.000000 -1
1 24.880684 39.989883 -28.882355 0.000000 0.000000 -1
1 36.547344 39.989883 -28.882355 1.000000 0.000000 -1
1 -35.640148 31.230358 -28.952736 0.000000 0.000000 -1
1 -35.640148 19.563698 -28.952736 0.000000 1.000000 -1
1 -23.973488 31.230358 -28.952736 1.000000 0.000000 -1
1 -23.973488 19.563698 -28.952736 1.000000 1.000000 -1
1 -23.973488 31.230358 -28.952736 0.000000 0.000000 -1
1 -23.973488 19.563698 -28.952736 0.000000 1.000000 -1
1 -23.958338 31.230358 -32.265240 1.000000 0.000000 -1
1 -23.958338 19.563698 -32.265240 1.000000 1.000000 -1
1 -23.958338 31.230358 -32.265240 0.000000 0.000000 -1
1 -23.958338 19.563698 -32.265240 0.000000 1.000000 -1
1 -35.624996 31.230358 -32.265240 1.000000 0.000000 -1
1 -35.624996 19.563698 -32.265240 1.000000 1.000000 -1
1 -35.624996 31.230358 -32.265240 0.000000 0.000000 -1
1 -35.624996 19.563698 -32.265240 0.000000 1.000000 -1
1 -35.640148 31.230358 -28.952736 1.000000 0.000000 -1
1 -35.640148 19.563698 -28.952736 1.000000 1.000000 -1
1 -35.640148 31.230358 -28.952736 0.000000 1.000000 -1
1 -23.973488 31.230358 -28.952736 1.000000 1.000000 -1
1 -35.640148 19.563698 -28.952736 0.000000 0.000000 -1
1 -23.973488 19.563698 -28.952736 1.000000 0.000000 -1
1 -15.431815 31.230358 -28.899319 0.000000 0.000000 -1
1 -15.431815 19.563698 -28.899319 0.000000 1.000000 -1
1 -3.765156 31.230358 -28.899319 1.000000 0.000000 -1
1 -3.765156 19.563698 -28.899319 1.000000 1.000000 -1
1 -3.765156 31.230358 -28.899319 0.000000 0.000000 -1
1 -3.765156 19.563698 -28.899319 0.000000 1.000000 -1
1 -3.750002 31.230358 -32.211823 1.000000 0.000000 -1
1 -3.750002 19.563698 -32.211823 1.000000 1.000000 -1
1 -3.750002 31.230358 -32.211823 0.000000 0.000000 -1
1 -3.750002 19.563698 -32.211823 0.000000 1.000000 -1
1 -15.416661 31.230358 -32.211823 1.000000 0.000000 -1
1 -15.416661 19.563698 -32.211823 1.000000 1.000000 -1
1 -15.416661 31.230358 -32.211823 0.000000 0.000000 -1
1 -15.416661 19.563698 -32.211823 0.000000 1.000000 -1
1 -15.431815 31.230358 -28.899319 1.000000 0.000000 -1
1 -15.431815 19.563698 -28.899319 1.000000 1.000000 -1
1 -15.431815 31.230358 -28.899319 0.000000 1.000000 -1
1 -3.765156 31.230358 -28.899319 1.000000 1.000000 -1
1 -15.431815 19.563698 -28.899319 0.000000 0.000000 -1
1 -3.765156 19.563698 -28.899319 1.000000 0.000000 -1
1 4.672350 31.239876 -28.935774 0.000000 0.000000 -1
1 4.672350 19.573215 -28.935774 0.000000 1.000000 -1
1 16.339010 31.239876 -28.935774 1.000000 0.000000 -1
1 16.339010 19.573215 -28.935774 1.000000 1.000000 -1
1 16.339010 31.239876 -28.935774 0.000000 0.000000 -1
1 16.339010 19.573215 -28.935774 0.000000 1.000000 -1
1 16.354162 31.239876 -32.248276 1.000000 0.000000 -1
1 16.354162 19.573215 -32.248276 1.000000 1.000000 -1
1 16.354162 31.239876 -32.248276 0.000000 0.000000 -1
1 16.354162 19.573215 -32.248276 0.000000 1.000000 -1
1 4.687501 31.239876 -32.248276 1.000000 0.000000 -1
1 4.687501 19.573215 -32.248276 1.000000 1.000000 -1
1 4.687501 31.239876 -32.248276 0.000000 0.000000 -1
1 4.687501 19.573215 -32.248276 0.000000 1.000000 -1
1 4.672350 31.239876 -28.935774 1.000000 0.000000 -1
1 4.672350 19.573215 -28.935774 1.000000 1.000000 -1
1 4.672350 31.239876 -28.935774 0.000000 1.000000 -1
1 16.339010 31.239876 -28.935774 1.000000 1.000000 -1
1 4.672350 19.573215 -28.935774 0.000000 0.000000 -1
1 16.339010 19.573215 -28.935774 1.000000 0.000000 -1
1 24.880684 31.239876 -28.882355 0.000000 0.000000 -1
1 24.880684 19.573215 -28.882355 0.000000 1.000000 -1
1 36.547344 31.239876 -28.882355 1.000000 0.000000 -1
1 36.547344 19.573215 -28.882355 1.000000 1.000000 -1
1 36.547344 31.239876 -28.882355 0.000000 0.000000 -1
1 36.547344 19.573215 -28.882355 0.000000 1.000000 -1
1 36.562496 31.239876 -32.194859 1.000000 0.000000 -1
1 36.562496 19.573215 -32.194859 1.000000 1.000000 -1
1 36.562496 31.239876 -32.194859 0.000000 0.000000 -1
1 36.562496 19.573215 -32.194859 0.000000 1.000000 -1
1 24.895838 31.239876 -32.194859 1.000000 0.000000 -1
1 24.895838 19.573215 -32.194859 1.000000 1.000000 -1
1 24.895838 31.239876 -32.194859 0.000000 0.000000 -1
1 24.895838 19.573215 -32.194859 0.000000 1.000000 -1
1 24.880684 31.239876 -28.882355 1.000000 0.000000 -1
1 24.880684 19.573215 -28.882355 1.000000 1.000000 -1
1 24.880684 31.239876 -28.882355 0.000000 1.000000 -1
1 36.547344 31.239876 -28.882355 1.000000 1.000000 -1
1 24.880684 19.573215 -28.882355 0.000000 0.000000 -1
1 36.547344 19.573215 -28.882355 1.000000 0.000000 -1
1 -23.973488 92.584518 28.952736 1.000000 0.000000 -1
1 -35.640148 80.917854 28.952736 0.000000 1.000000 -1
1 -35.640148 92.584518 28.952736 0.000000 0.000000 -1
1 -23.973488 80.917854 28.952736 1.000000 1.000000 -1
1 -23.958338 92.584518 32.265240 1.000000 0.000000 -1
1 -23.973488 80.917854 28.952736 0.000000 1.000000 -1
1 -23.973488 92.584518 28.952736 0.000000 0.000000 -1
1 -23.958338 80.917854 32.265240 1.000000 1.000000 -1
1 -35.624996 92.584518 32.265240 1.000000 0.000000 -1
1 -23.958338 80.917854 32.265240 0.000000 1.000000 -1
1 -23.958338 92.584518 32.265240 0.000000 0.000000 -1
1 -35.624996 80.917854 32.265240 1.000000 1.000000 -1
1 -35.640148 92.584518 28.952736 1.000000 0.000000 -1
1 -35.624996 80.917854 32.265240 0.000000 1.000000 -1
1 -35.624996 92.584518 32.265240 0.000000 0.000000 -1
1 -35.640148 80.917854 28.952736 1.000000 1.000000 -1
1 -35.640148 92.584518 28.952736 0.000000 1.000000 -1
1 -23.973488 92.584518 28.952736 1.000000 1.000000 -1
1 -23.973488 80.917854 28.952736 1.000000 0.000000 -1
1 -35.640148 80.917854 28.952736 0.000000 0.000000 -1
1 -3.765156 92.584518 28.899319 1.000000 0.000000 -1
1 -15.431815 80.917854 28.899319 0.000000 1.000000 -1
1 -15.431815 92.584518 28.899319 0.000000 0.000000 -1
1 -3.765156 80.917854 28.899319 1.000000 1.000000 -1
1 -3.750002 92.584518 32.211823 1.000000 0.000000 -1
1 -3.765156 80.917854 28.899319 0.000000 1.000000 -1
1 -3.765156 92.584518 28.899319 0.000000 0.000000 -1
1 -3.750002 80.917854 32.211823 1.000000 1.000000 -1
1 -15.416661 92.584518 32.211823 1.000000 0.000000 -1
1 -3.750002 80.917854 32.211823 0.000000 1.000000 -1
1 -3.750002 92.584518 32.211823 0.000000 0.000000 -1
1 -15.416661 80.917854 32.211823 1.000000 1.000000 -1
1 -15.431815 92.584518 28.899319 1.000000 0.000000 -1
1 -15.416661 80.917854 32.211823 0.000000 1.000000 -1
1 -15.416661 92.584518 32.211823 0.000000 0.000000 -1
1 -15.431815 80.917854 28.899319 1.000000 1.000000 -1
1 -15.431815 92.584518 28.899319 0.000000 1.000000 -1
1 -3.765156 92.584518 28.899319 1.000000 1.000000 -1
1 -3.765156 80.917854 28.899319 1.000000 0.000000 -1
1 -15.431815 80.917854 28.899319 0.000000 0.000000 -1
1 16.339010 92.594040 28.935774 1.000000 0.000000 -1
1 4.672350 80.927383 28.935774 0.000000 1.000000 -1
1 4.672350 92.594040 28.935774 0.000000 0.000000 -1
1 16.339010 80.927383 28.935774 1.000000 1.000000 -1
1 16.354162 92.594040 32.248276 1.000000 0.000000 -1
1 16.339010 80.927383 28.935774 0.000000 1.000000 -1
1 16.339010 92.594040 28.935774 0.000000 0.000000 -1
1 16.354162 80.927383 32.248276 1.000000 1.000000 -1
1 4.687501 92.594040 32.248276 1.000000 0.000000 -1
1 16.354162 80.927383 32.248276 0.000000 1.000000 -1
1 16.354162 92.594040 32.248276 0.000000 0.000000 -1
1 4.687501 80.927383 32.248276 1.000000 1.000000 -1
1 4.672350 92.594040 28.935774 1.000000 0.000000 -1
1 4.687501 80.927383 32.248276 0.000000 1.000000 -1
1 4.687501 92.594040 32.248276 0.000000 0.000000 -1
1 4.672350 80.927383 28.935774 1.000000 1.000000 -1
1 4.672350 92.594040 28.935774 0.000000 1.000000 -1
1 16.339010 92.594040 28.935774 1.000000 1.000000 -1
1 16.339010 80.927383 28.935774 1.000000 0.000000 -1
1 4.672350 80.927383 28.935774 0.000000 0.000000 -1
1 36.547344 92.594040 28.882355 1.000000 0.000000 -1
1 24.880684 80.927383 28.882355 0.000000 1.000000 -1
1 24.880684 92.594040 28.882355 0.000000 0.000000 -1
1 36.547344 80.927383 28.882355 1.000000 1.000000 -1
1 36.562496 92.594040 32.194859 1.000000 0.000000 -1
1 36.547344 80.927383 28.882355 0.000000 1.000000 -1
1 36.547344 92.594040 28.882355 0.000000 0.000000 -1
1 36.562496 80.927383 32.194859 1.000000 1.000000 -1
1 24.895838 92.594040 32.194859 1.000000 0.000000 -1
1 36.562496 80.927383 32.194859 0.000000 1.000000 -1
1 36.562496 92.594040 32.194859 0.000000 0.000000 -1
1 24.895838 80.927383 32.194859 1.000000 1.000000 -1
1 24.880684 92.594040 28.882355 1.000000 0.000000 -1
1 24.895838 80.927383 32.194859 0.000000 1.000000 -1
1 24.895838 92.594040 32.194859 0.000000 0.000000 -1
1 24.880684 80.927383 28.882355 1.000000 1.000000 -1
1 24.880684 92.594040 28.882355 0.000000 1.000000 -1
1 36.547344 92.594040 28.882355 1.000000 1.000000 -1
1 36.547344 80.927383 28.882355 1.000000 0.000000 -1
1 24.880684 80.927383 28.882355 0.000000 0.000000 -1
1 -23.973488 72.167862 28.952736 1.000000 0.000000 -1
1 -35.640148 60.501198 28.952736 0.000000 1.000000 -1
1 -35.640148 72.167862 28.952736 0.000000 0.000000 -1
1 -23.973488 60.501198 28.952736 1.000000 1.000000 -1
1 -23.958338 72.167862 32.265240 1.000000 0.000000 -1
1 -23.973488 60.501198 28.952736 0.000000 1.000000 -1
1 -23.973488 72.167862 28.952736 0.000000 0.000000 -1
1 -23.958338 60.501198 32.265240 1.000000 1.000000 -1
1 -35.624996 72.167862 32.265240 1.000000 0.000000 -1
1 -23.958338 60.501198 32.265240 0.000000 1.000000 -1
1 -23.958338 72.167862 32.265240 0.000000 0.000000 -1
1 -35.624996 60.501198 32.265240 1.000000 1.000000 -1
1 -35.640148 72.167862 28.952736 1.000000 0.000000 -1
1 -35.624996 60.501198 32.265240 0.000000 1.000000 -1
1 -35.624996 72.167862 32.265240 0.000000 0.000000 -1
1 -35.640148 60.501198 28.952736 1.000000 1.000000 -1
1 -35.640148 72.167862 28.952736 0.000000 1.000000 -1
1 -23.973488 72.167862 28.952736 1.000000 1.000000 -1
1 -23.973488 60.501198 28.952736 1.000000 0.000000 -1
1 -35.640148 60.501198 28.952736 0.000000 0.000000 -1
1 -3.765156 72.167862 28.899319 1.000000 0.000000 -1
1 -15.431815 60.501198 28.899319 0.000000 1.000000 -1
1 -15.431815 72.167862 28.899319 0.000000 0.000000 -1
1 -3.765156 60.501198 28.899319 1.000000 1.000000 -1
1 -3.750002 72.167862 32.211823 1.000000 0.000000 -1
1 -3.765156 60.501198 28.899319 0.000000 1.000000 -1
1 -3.765156 72.167862 28.899319 0.000000 0.000000 -1
1 -3.750002 60.501198 32.211823 1.000000 1.000000 -1
1 -15.416661 72.167862 32.211823 1.000000 0.000000 -1
1 -3.750002 60.501198 32.211823 0.000000 1.000000 -1
1 -3.750002 72.167862 32.211823 0.000000 0.000000 -1
1 -15.416661 60.501198 32.211823 1.000000 1.000000 -1
1 -15.431815 72.167862 28.899319 1.000000 0.000000 -1
1 -15.416661 60.501198 32.211823 0.000000 1.000000 -1
1 -15.416661 72.167862 32.211823 0.000000 0.000000 -1
1 -15.431815 60.501198 28.899319 1.000000 1.000000 -1
1 -15.431815 72.167862 28.899319 0.000000 1.000000 -1
1 -3.765156 72.167862 28.899319 1.000000 1.000000 -1
1 -3.765156 60.501198 28.899319 1.000000 0.000000 -1
1 -15.431815 60.501198 28.899319 0.000000 0.000000 -1
1 16.339010 72.177376 28.935774 1.000000 0.000000 -1
1 4.672350 60.510715 28.935774 0.000000 1.000000 -1
1 4.672350 72.177376 28.935774 0.000000 0.000000 -1
1 16.339010 60.510715 28.935774 1.000000 1.000000 -1
1 16.354162 72.177376 32.248276 1.000000 0.000000 -1
1 16.339010 60.510715 28.935774 0.000000 1.000000 -1
1 16.339010 72.177376 28.935774 0.000000 0.000000 -1
1 16.354162 60.510715 32.248276 1.000000 1.000000 -1
1 4.687501 72.177376 32.248276 1.000000 0.000000 -1
1 16.354162 60.510715 32.248276 0.000000 1.000000 -1
1 16.354162 72.177376 32.248276 0.000000 0.000000 -1
1 4.687501 60.510715 32.248276 1.000000 1.000000 -1
1 4.672350 72.177376 28.935774 1.000000 0.000000 -1
1 4.687501 60.510715 32.248276 0.000000 1.000000 -1
1 4.687501 72.177376 32.248276 0.000000 0.000000 -1
1 4.672350 60.510715 28.935774 1.000000 1.000000 -1
1 4.672350 72.177376 28.935774 0.000000 1.000000 -1
1 16.339010 72.177376 28.935774 1.000000 1.000000 -1
1 16.339010 60.510715 28.935774 1.000000 0.000000 -1
1 4.672350 60.510715 28.935774 0.000000 0.000000 -1
1 36.547344 72.177376 28.882355 1.000000 0.000000 -1
1 24.880684 60.510715 28.882355 0.000000 1.000000 -1
1 24.880684 72.177376 28.882355 0.000000 0.000000 -1
1 36.547344 60.510715 28.882355 1.000000 1.000000 -1
1 36.562496 72.177376 32.194859 1.000000 0.000000 -1
1 36.547344 60.510715 28.882355 0.000000 1.000000 -1
1 36.547344 72.177376 28.882355 0.000000 0.000000 -1
1 36.562496 60.510715 32.194859 1.000000 1.000000 -1
1 24.895838 72.177376 32.194859 1.000000 0.000000 -1
1 36.562496 60.510715 32.194859 0.000000 1.000000 -1
1 36.562496 72.177376 32.194859 0.000000 0.000000 -1
1 24.895838 60.510715 32.194859 1.000000 1.000000 -1
1 24.880684 72.177376 28.882355 1.000000 0.000000 -1
1 24.895838 60.510715 32.194859 0.000000 1.000000 -1
1 24.895838 72.177376 32.194859 0.000000 0.000000 -1
1 24.880684 60.510715 28.882355 1.000000 1.000000 -1
1 24.880684 72.177376 28.882355 0.000000 1.000000 -1
1 36.547344 72.177376 28.882355 1.000000 1.000000 -1
1 36.547344 60.510715 28.882355 1.000000 0.000000 -1
1 24.880684 60.510715 28.882355 0.000000 0.000000 -1
1 -23.973488 51.647015 28.952736 1.000000 0.000000 -1
1 -35.640148 39.980354 28.952736 0.000000 1.000000 -1
1 -35.640148 51.647015 28.952736 0.000000 0.000000 -1
1 -23.973488 39.980354 28.952736 1.000000 1.000000 -1
1 -23.958338 51.647015 32.265240 1.000000 0.000000 -1
1 -23.973488 39.980354 28.952736 0.000000 1.000000 -1
1 -23.973488 51.647015 28.952736 0.000000 0.000000 -1
1 -23.958338 39.980354 32.265240 1.000000 1.000000 -1
1 -35.624996 51.647015 32.265240 1.000000 0.000000 -1
1 -23.958338 39.980354 32.265240 0.000000 1.000000 -1
1 -23.958338 51.647015 32.265240 0.000000 0.000000 -1
1 -35.624996 39.980354 32.265240 1.000000 1.000000 -1
1 -35.640148 51.647015 28.952736 1.000000 0.000000 -1
1 -35.624996 39.980354 32.265240 0.000000 1.000000 -1
1 -35.624996 51.647015 32.265240 0.000000 0.000000 -1
1 -35.640148 39.980354 28.952736 1.000000 1.000000 -1
1 -35.640148 51.647015 28.952736 0.000000 1.000000 -1
1 -23.973488 51.647015 28.952736 1.000000 1.000000 -1
1 -23.973488 39.980354 28.952736 1.000000 0.000000 -1
1 -35.640148 39.980354 28.952736 0.000000 0.000000 -1
1 -3.765156 51.647015 28.899319 1.000000 0.000000 -1
1 -15.431815 39.980354 28.899319 0.000000 1.000000 -1
1 -15.431815 51.647015 28.899319 0.000000 0.000000 -1
1 -3.765156 39.980354 28.899319 1.000000 1.000000 -1
1 -3.750002 51.647015 32.211823 1.000000 0.000000 -1
1 -3.765156 39.980354 28.899319 0.000000 1.000000 -1
1 -3.765156 51.647015 28.899319 0.000000 0.000000 -1
1 -3.750002 39.980354 32.211823 1.000000 1.000000 -1
1 -15.416661 51.647015 32.211823 1.000000 0.000000 -1
1 -3.750002 39.980354 32.211823 0.000000 1.000000 -1
1 -3.750002 51.647015 32.211823 0.000000 0.000000 -1
1 -15.416661 39.980354 32.211823 1.000000 1.000000 -1
1 -15.431815 51.647015 28.899319 1.000000 0.000000 -1
1 -15.416661 39.980354 32.211823 0.000000 1.000000 -1
1 -15.416661 51.647015 32.211823 0.000000 0.000000 -1
1 -15.431815 39.980354 28.899319 1.000000 1.000000 -1
1 -15.431815 51.647015 28.899319 0.000000 1.000000 -1
1 -3.765156 51.647015 28.899319 1.000000 1.000000 -1
1 -3.765156 39.980354 28.899319 1.000000 0.000000 -1
1 -15.431815 39.980354 28.899319 0.000000 0.000000 -1
1 16.339010 51.656540 28.935774 1.000000 0.000000 -1
1 4.672350 39.989883 28.935774 0.000000 1.000000 -1
1 4.672350 51.656540 28.935774 0.000000 0.000000 -1
1 16.339010 39.989883 28.935774 1.000000 1.000000 -1
1 16.354162 51.656540 32.248276 1.000000 0.000000 -1
1 16.339010 39.989883 28.935774 0.000000 1.000000 -1
1 16.339010 51.656540 28.935774 0.000000 0.000000 -1
1 16.354162 39.989883 32.248276 1.000000 1.000000 -1
1 4.687501 51.656540 32.248276 1.000000 0.000000 -1
1 16.354162 39.989883 32.248276 0.000000 1.000000 -1
1 16.354162 51.656540 32.248276 0.000000 0.000000 -1
1 4.687501 39.989883 32.248276 1.000000 1.000000 -1
1 4.672350 51.656540 28.935774 1.000000 0.000000 -1
1 4.687501 39.989883 32.248276 0.000000 1.000000 -1
1 4.687501 51.656540 32.248276 0.000000 0.000000 -1
1 4.672350 39.989883 28.935774 1.000000 1.000000 -1
1 4.672350 51.656540 28.935774 0.000000 1.000000 -1
1 16.339010 51.656540 28.935774 1.000000 1.000000 -1
1 16.339010 39.989883 28.935774 1.000000 0.000000 -1
1 4.672350 39.989883 28.935774 0.000000 0.000000 -1
1 36.547344 51.656540 28.882355 1.000000 0.000000 -1
1 24.880684 39.989883 28.882355 0.000000 1.000000 -1
1 24.880684 51.656540 28.882355 0.000000 0.000000 -1
1 36.547344 39.989883 28.882355 1.000000 1.000000 -1
1 36.562496 51.656540 32.194859 1.000000 0.000000 -1
1 36.547344 39.989883 28.882355 0.000000 1.000000 -1
1 36.547344 51.656540 28.882355 0.000000 0.000000 -1
1 36.562496 39.989883 32.194859 1.000000 1.000000 -1
1 24.895838 51.656540 32.194859 1.000000 0.000000 -1
1 36.562496 39.989883 32.194859 0.000000 1.000000 -1
1 36.562496 51.656540 32.194859 0.000000 0.000000 -1
1 24.895838 39.989883 32.194859 1.000000 1.000000 -1
1 24.880684 51.656540 28.882355 1.000000 0.000000 -1
1 24.895838 39.989883 32.194859 0.000000 1.000000 -1
1 24.895838 51.656540 32.194859 0.000000 0.000000 -1
1 24.880684 39.989883 28.882355 1.000000 1.000000 -1
1 24.880684 51.656540 28.882355 0.000000 1.000000 -1
1 36.547344 51.656540 28.882355 1.000000 1.000000 -1
1 36.547344 39.989883 28.882355 1.000000 0.000000 -1
1 24.880684 39.989883 28.882355 0.000000 0.000000 -1
1 -23.973488 31.230358 28.952736 1.000000 0.000000 -1
1 -35.640148 19.563698 28.952736 0.000000 1.000000 -1
1 -35.640148 31.230358 28.952736 0.000000 0.000000 -1
1 -23.973488 19.563698 28.952736 1.000000 1.000000 -1
1 -23.958338 31.230358 32.265240 1.000000 0.000000 -1
1 -23.973488 19.563698 28.952736 0.000000 1.000000 -1
1 -23.973488 31.230358 28.952736 0.000000 0.000000 -1
1 -23.958338 19.563698 32.265240 1.000000 1.000000 -1
1 -35.624996 31.230358 32.265240 1.000000 0.000000 -1
1 -23.958338 19.563698 32.265240 0.000000 1.000000 -1
1 -23.958338 31.230358 32.265240 0.000000 0.000000 -1
1 -35.624996 19.563698 32.265240 1.000000 1.000000 -1
1 -35.640148 31.230358 28.952736 1.000000 0.000000 -1
1 -35.624996 19.563698 32.265240 0.000000 1.000000 -1
1 -35.624996 31.230358 32.265240 0.000000 0.000000 -1
1 -35.640148 19.563698 28.952736 1.000000 1.000000 -1
1 -35.640148 31.230358 28.952736 0.000000 1.000000 -1
1 -23.973488 31.230358 28.952736 1.000000 1.000000 -1
1 -23.973488 19.563698 28.952736 1.000000 0.000000 -1
1 -35.640148 19.563698 28.952736 0.000000 0.000000 -1
1 -3.765156 31.230358 28.899319 1.000000 0.000000 -1
1 -15.431815 19.563698 28.899319 0.000000 1.000000 -1
1 -15.431815 31.230358 28.899319 0.000000 0.000000 -1
1 -3.765156 19.563698 28.899319 1.000000 1.000000 -1
1 -3.750002 31.230358 32.211823 1.000000 0.000000 -1
1 -3.765156 19.563698 28.899319 0.000000 1.000000 -1
1 -3.765156 31.230358 28.899319 0.000000 0.000000 -1
1 -3.750002 19.563698 32.211823 1.000000 1.000000 -1
1 -15.416661 31.230358 32.211823 1.000000 0.000000 -1
1 -3.750002 19.563698 32.211823 0.000000 1.000000 -1
1 -3.750002 31.230358 32.211823 0.000000 0.000000 -1
1 -15.416661 19.563698 32.211823 1.000000 1.000000 -1
1 -15.431815 31.230358 28.899319 1.000000 0.000000 -1
1 -15.416661 19.563698 32.211823 0.000000 1.000000 -1
1 -15.416661 31.230358 32.211823 0.000000 0.000000 -1
1 -15.431815 19.563698 28.899319 1.000000 1.000000 -1
1 -15.431815 31.230358 28.899319 0.000000 1.000000 -1
1 -3.765156 31.230358 28.899319 1.000000 1.000000 -1
1 -3.765156 19.563698 28.899319 1.000000 0.000000 -1
1 -15.431815 19.563698 28.899319 0.000000 0.000000 -1
1 16.339010 31.239876 28.935774 1.000000 0.000000 -1
1 4.672350 19.573215 28.935774 0.000000 1.000000 -1
1 4.672350 31.239876 28.935774 0.000000 0.000000 -1
1 16.339010 19.573215 28.935774 1.000000 1.000000 -1
1 16.354162 31.239876 32.248276 1.000000 0.000000 -1
1 16.339010 19.573215 28.935774 0.000000 1.000000 -1
1 16.339010 31.239876 28.935774 0.000000 0.000000 -1
1 16.354162 19.573215 32.248276 1.000000 1.000000 -1
1 4.687501 31.239876 32.248276 1.000000 0.000000 -1
1 16.354162 19.573215 32.248276 0.000000 1.000000 -1
1 16.354162 31.239876 32.248276 0.000000 0.000000 -1
1 4.687501 19.573215 32.248276 1.000000 1.000000 -1
1 4.672350 31.239876 28.935774 1.000000 0.000000 -1
1 4.687501 19.573215 32.248276 0.000000 1.000000 -1
1 4.687501 31.239876 32.248276 0.000000 0.000000 -1
1 4.672350 19.573215 28.935774 1.000000 1.000000 -1
1 4.672350 31.239876 28.935774 0.000000 1.000000 -1
1 16.339010 31.239876 28.935774 1.000000 1.000000 -1
1 16.339010 19.573215 28.935774 1.000000 0.000000 -1
1 4.672350 19.573215 28.935774 0.000000 0.000000 -1
1 36.547344 31.239876 28.882355 1.000000 0.000000 -1
1 24.880684 19.573215 28.882355 0.000000 1.000000 -1
1 24.880684 31.239876 28.882355 0.000000 0.000000 -1
1 36.547344 19.573215 28.882355 1.000000 1.000000 -1
1 36.562496 31.239876 32.194859 1.000000 0.000000 -1
1 36.547344 19.573215 28.882355 0.000000 1.000000 -1
1 36.547344 31.239876 28.882355 0.000000 0.000000 -1
1 36.562496 19.573215 32.194859 1.000000 1.000000 -1
1 24.895838 31.239876 32.194859 1.000000 0.000000 -1
1 36.562496 19.573215 32.194859 0.000000 1.000000 -1
1 36.562496 31.239876 32.194859 0.000000 0.000000 -1
1 24.895838 19.573215 32.194859 1.000000 1.000000 -1
1 24.880684 31.239876 28.882355 1.000000 0.000000 -1
1 24.895838 19.573215 32.194859 0.000000 1.000000 -1
1 24.895838 31.239876 32.194859 0.000000 0.000000 -1
1 24.880684 19.573215 28.882355 1.000000 1.000000 -1
1 24.880684 31.239876 28.882355 0.000000 1.000000 -1
1 36.547344 31.239876 28.882355 1.000000 1.000000 -1
1 36.547344 19.573215 28.882355 1.000000 0.000000 -1
1 24.880684 19.573215 28.882355 0.000000 0.000000 -1
1 42.727398 92.584518 14.383463 1.000000 0.000000 -1
1 42.727394 80.917854 26.050121 0.000000 1.000000 -1
1 42.727394 92.584518 26.050121 0.000000 0.000000 -1
1 42.727398 80.917854 14.383463 1.000000 1.000000 -1
1 46.039894 92.584518 14.368316 1.000000 0.000000 -1
1 42.727398 80.917854 14.383463 0.000000 1.000000 -1
1 42.727398 92.584518 14.383463 0.000000 0.000000 -1
1 46.039894 80.917854 14.368316 1.000000 1.000000 -1
1 46.039906 92.584518 26.034988 1.000000 0.000000 -1
1 46.039894 80.917854 14.368316 0.000000 1.000000 -1
1 46.039894 92.584518 14.368316 0.000000 0.000000 -1
1 46.039906 80.917854 26.034988 1.000000 1.000000 -1
1 42.727394 92.584518 26.050121 1.000000 0.000000 -1
1 46.039906 80.917854 26.034988 0.000000 1.000000 -1
1 46.039906 92.584518 26.034988 0.000000 0.000000 -1
1 42.727394 80.917854 26.050121 1.000000 1.000000 -1
1 42.727394 92.584518 26.050121 0.000000 1.000000 -1
1 42.727398 92.584518 14.383463 1.000000 1.000000 -1
1 42.727398 80.917854 14.383463 1.000000 0.000000 -1
1 42.727394 80.917854 26.050121 0.000000 0.000000 -1
1 42.763844 92.594040 -5.720720 1.000000 0.000000 -1
1 42.763855 80.927383 5.945944 0.000000 1.000000 -1
1 42.763855 92.594040 5.945944 0.000000 0.000000 -1
1 42.763844 80.927383 -5.720720 1.000000 1.000000 -1
1 46.076351 92.594040 -5.735865 1.000000 0.000000 -1
1 42.763844 80.927383 -5.720720 0.000000 1.000000 -1
1 42.763844 92.594040 -5.720720 0.000000 0.000000 -1
1 46.076351 80.927383 -5.735865 1.000000 1.000000 -1
1 46.076351 92.594040 5.930796 1.000000 0.000000 -1
1 46.076351 80.927383 -5.735865 0.000000 1.000000 -1
1 46.076351 92.594040 -5.735865 0.000000 0.000000 -1
1 46.076351 80.927383 5.930796 1.000000 1.000000 -1
1 42.763855 92.594040 5.945944 1.000000 0.000000 -1
1 46.076351 80.927383 5.930796 0.000000 1.000000 -1
1 46.076351 92.594040 5.930796 0.000000 0.000000 -1
1 42.763855 80.927383 5.945944 1.000000 1.000000 -1
1 42.763855 92.594040 5.945944 0.000000 1.000000 -1
1 42.763844 92.594040 -5.720720 1.000000 1.000000 -1
1 42.763844 80.927383 -5.720720 1.000000 0.000000 -1
1 42.763855 80.927383 5.945944 0.000000 0.000000 -1
1 42.710434 92.594040 -25.929066 1.000000 0.000000 -1
1 42.710434 80.927383 -14.262407 0.000000 1.000000 -1
1 42.710434 92.594040 -14.262407 0.000000 0.000000 -1
1 42.710434 80.927383 -25.929066 1.000000 1.000000 -1
1 46.022942 92.594040 -25.944212 1.000000 0.000000 -1
1 42.710434 80.927383 -25.929066 0.000000 1.000000 -1
1 42.710434 92.594040 -25.929066 0.000000 0.000000 -1
1 46.022942 80.927383 -25.944212 1.000000 1.000000 -1
1 46.022934 92.594040 -14.277552 1.000000 0.000000 -1
1 46.022942 80.927383 -25.944212 0.000000 1.000000 -1
1 46.022942 92.594040 -25.944212 0.000000 0.000000 -1
1 46.022934 80.927383 -14.277552 1.000000 1.000000 -1
1 42.710434 92.594040 -14.262407 1.000000 0.000000 -1
1 46.022934 80.927383 -14.277552 0.000000 1.000000 -1
1 46.022934 92.594040 -14.277552 0.000000 0.000000 -1
1 42.710434 80.927383 -14.262407 1.000000 1.000000 -1
1 42.710434 92.594040 -14.262407 0.000000 1.000000 -1
1 42.710434 92.594040 -25.929066 1.000000 1.000000 -1
1 42.710434 80.927383 -25.929066 1.000000 0.000000 -1
1 42.710434 80.927383 -14.262407 0.000000 0.000000 -1
1 42.727398 72.167862 14.383463 1.000000 0.000000 -1
1 42.727394 60.501198 26.050121 0.000000 1.000000 -1
1 42.727394 72.167862 26.050121 0.000000 0.000000 -1
1 42.727398 60.501198 14.383463 1.000000 1.000000 -1
1 46.039894 72.167862 14.368316 1.000000 0.000000 -1
1 42.727398 60.501198 14.383463 0.000000 1.000000 -1
1 42.727398 72.167862 14.383463 0.000000 0.000000 -1
1 46.039894 60.501198 14.368316 1.000000 1.000000 -1
1 46.039906 72.167862 26.034988 1.000000 0.000000 -1
1 46.039894 60.501198 14.368316 0.000000 1.000000 -1
1 46.039894 72.167862 14.368316 0.000000 0.000000 -1
1 46.039906 60.501198 26.034988 1.000000 1.000000 -1
1 42.727394 72.167862 26.050121 1.000000 0.000000 -1
1 46.039906 60.501198 26.034988 0.000000 1.000000 -1
1 46.039906 72.167862 26.034988 0.000000 0.000000 -1
1 42.727394 60.501198 26.050121 1.000000 1.000000 -1
1 42.727394 72.167862 26.050121 0.000000 1.000000 -1
1 42.727398 72.167862 14.383463 1.000000 1.000000 -1
1 42.727398 60.501198 14.383463 1.000000 0.000000 -1
1 42.727394 60.501198 26.050121 0.000000 0.000000 -1
1 42.763844 72.177376 -5.720720 1.000000 0.000000 -1
1 42.763855 60.510715 5.945944 0.000000 1.000000 -1
1 42.763855 72.177376 5.945944 0.000000 0.000000 -1
1 42.763844 60.510715 -5.720720 1.000000 1.000000 -1
1 46.076351 72.177376 -5.735865 1.000000 0.000000 -1
1 42.763844 60.510715 -5.720720 0.000000 1.000000 -1
1 42.763844 72.177376 -5.720720 0.000000 0.000000 -1
1 46.076351 60.510715 -5.735865 1.000000 1.000000 -1
1 46.076351 72.177376 5.930796 1.000000 0.000000 -1
1 46.076351 60.510715 -5.735865 0.000000 1.000000 -1
1 46.076351 72.177376 -5.735865 0.000000 0.000000 -1
1 46.076351 60.510715 5.930796 1.000000 1.000000 -1
1 42.763855 72.177376 5.945944 1.000000 0.000000 -1
1 46.076351 60.510715 5.930796 0.000000 1.000000 -1
1 46.076351 72.177376 5.930796 0.000000 0.000000 -1
1 42.763855 60.510715 5.945944 1.000000 1.000000 -1
1 42.763855 72.177376 5.945944 0.000000 1.000000 -1
1 42.763844 72.177376 -5.720720 1.000000 1.000000 -1
1 42.763844 60.510715 -5.720720 1.000000 0.000000 -1
1 42.763855 60.510715 5.945944 0.000000 0.000000 -1
1 42.710434 72.177376 -25.929066 1.000000 0.000000 -1
1 42.710434 60.510715 -14.262407 0.000000 1.000000 -1
1 42.710434 72.177376 -14.262407 0.000000 0.000000 -1
1 42.710434 60.510715 -25.929066 1.000000 1.000000 -1
1 46.022942 72.177376 -25.944212 1.000000 0.000000 -1
1 42.710434 60.510715 -25.929066 0.000000 1.000000 -1
1 42.710434 72.177376 -25.929066 0.000000 0.000000 -1
1 46.022942 60.510715 -25.944212 1.000000 1.000000 -1
1 46.022934 72.177376 -14.277552 1.000000 0.000000 -1
1 46.022942 60.510715 -25.944212 0.000000 1.000000 -1
1 46.022942 72.177376 -25.944212 0.000000 0.000000 -1
1 46.022934 60.510715 -14.277552 1.000000 1.000000 -1
1 42.710434 72.177376 -14.262407 1.000000 0.000000 -1
1 46.022934 60.510715 -14.277552 0.000000 1.000000 -1
1 46.022934 72.177376 -14.277552 0.000000 0.000000 -1
1 42.710434 60.510715 -14.262407 1.000000 1.000000 -1
1 42.710434 72.177376 -14.262407 0.000000 1.000000 -1
1 42.710434 72.177376 -25.929066 1.000000 1.000000 -1
1 42.710434 60.510715 -25.929066 1.000000 0.000000 -1
1 42.710434 60.510715 -14.262407 0.000000 0.000000 -1
1 42.727398 51.647015 14.383463 1.000000 0.000000 -1
1 42.727394 39.980354 26.050121 0.000000 1.000000 -1
1 42.727394 51.647015 26.050121 0.000000 0.000000 -1
1 42.727398 39.980354 14.383463 1.000000 1.000000 -1
1 46.039894 51.647015 14.368316 1.000000 0.000000 -1
1 42.727398 39.980354 14.383463 0.000000 1.000000 -1
1 42.727398 51.647015 14.383463 0.000000 0.000000 -1
1 46.039894 39.980354 14.368316 1.000000 1.000000 -1
1 46.039906 51.647015 26.034988 1.000000 0.000000 -1
1 46.039894 39.980354 14.368316 0.000000 1.000000 -1
1 46.039894 51.647015 14.368316 0.000000 0.000000 -1
1 46.039906 39.980354 26.034988 1.000000 1.000000 -1
1 42.727394 51.647015 26.050121 1.000000 0.000000 -1
1 46.039906 39.980354 26.034988 0.000000 1.000000 -1
1 46.039906 51.647015 26.034988 0.000000 0.000000 -1
1 42.727394 39.980354 26.050121 1.000000 1.000000 -1
1 42.727394 51.647015 26.050121 0.000000 1.000000 -1
1 42.727398 51.647015 14.383463 1.000000 1.000000 -1
1 42.727398 39.980354 14.383463 1.000000 0.000000 -1
1 42.727394 39.980354 26.050121 0.000000 0.000000 -1
1 42.763844 51.656540 -5.720720 1.000000 0.000000 -1
1 42.763855 39.989883 5.945944 0.000000 1.000000 -1
1 42.763855 51.656540 5.945944 0.000000 0.000000 -1
1 42.763844 39.989883 -5.720720 1.000000 1.000000 -1
1 46.076351 51.656540 -5.735865 1.000000 0.000000 -1
1 42.763844 39.989883 -5.720720 0.000000 1.000000 -1
1 42.763844 51.656540 -5.720720 0.000000 0.000000 -1
1 46.076351 39.989883 -5.735865 1.000000 1.000000 -1
1 46.076351 51.656540 5.930796 1.000000 0.000000 -1
1 46.076351 39.989883 -5.735865 0.000000 1.000000 -1
1 46.076351 51.656540 -5.735865 0.000000 0.000000 -1
1 46.076351 39.989883 5.930796 1.000000 1.000000 -1
1 42.763855 51.656540 5.945944 1.000000 0.000000 -1
1 46.076351 39.989883 5.930796 0.000000 1.000000 -1
1 46.076351 51.656540 5.930796 0.000000 0.000000 -1
1 42.763855 39.989883 5.945944 1.000000 1.000000 -1
1 42.763855 51.656540 5.945944 0.000000 1.000000 -1
1 42.763844 51.656540 -5.720720 1.000000 1.000000 -1
1 42.763844 39.989883 -5.720720 1.000000 0.000000 -1
1 42.763855 39.989883 5.945944 0.000000 0.000000 -1
1 42.710434 51.656540 -25.929066 1.000000 0.000000 -1
1 42.710434 39.989883 -14.262407 0.000000 1.000000 -1
1 42.710434 51.656540 -14.262407 0.000000 0.000000 -1
1 42.710434 39.989883 -25.929066 1.000000 1.000000 -1
1 46.022942 51.656540 -25.944212 1.000000 0.000000 -1
1 42.710434 39.989883 -25.929066 0.000000 1.000000 -1
1 42.710434 51.656540 -25.929066 0.000000 0.000000 -1
1 46.022942 39.989883 -25.944212 1.000000 1.000000 -1
1 46.022934 51.656540 -14.277552 1.000000 0.000000 -1
1 46.022942 39.989883 -25.944212 0.000000 1.000000 -1
1 46.022942 51.656540 -25.944212 0.000000 0.000000 -1
1 46.022934 39.989883 -14.277552 1.000000 1.000000 -1
1 42.710434 51.656540 -14.262407 1.000000 0.000000 -1
1 46.022934 39.989883 -14.277552 0.000000 1.000000 -1
1 46.022934 51.656540 -14.277552 0.000000 0.000000 -1
1 42.710434 39.989883 -14.262407 1.000000 1.000000 -1
1 42.710434 51.656540 -14.262407 0.000000 1.000000 -1
1 42.710434 51.656540 -25.929066 1.000000 1.000000 -1
1 42.710434 39.989883 -25.929066 1.000000 0.000000 -1
1 42.710434 39.989883 -14.262407 0.000000 0.000000 -1
1 42.727398 31.230358 14.383463 1.000000 0.000000 -1
1 42.727394 19.563698 26.050121 0.000000 1.000000 -1
1 42.727394 31.230358 26.050121 0.000000 0.000000 -1
1 42.727398 19.563698 14.383463 1.000000 1.000000 -1
1 46.039894 31.230358 14.368316 1.000000 0.000000 -1
1 42.727398 19.563698 14.383463 0.000000 1.000000 -1
1 42.727398 31.230358 14.383463 0.000000 0.000000 -1
1 46.039894 19.563698 14.368316 1.000000 1.000000 -1
1 46.039906 31.230358 26.034988 1.000000 0.000000 -1
1 46.039894 19.563698 14.368316 0.000000 1.000000 -1
1 46.039894 31.230358 14.368316 0.000000 0.000000 -1
1 46.039906 19.563698 26.034988 1.000000 1.000000 -1
1 42.727394 31.230358 26.050121 1.000000 0.000000 -1
1 46.039906 19.563698 26.034988 0.000000 1.000000 -1
1 46.039906 31.230358 26.034988 0.000000 0.000000 -1
1 42.727394 19.563698 26.050121 1.000000 1.000000 -1
1 42.727394 31.230358 26.050121 0.000000 1.000000 -1
1 42.727398 31.230358 14.383463 1.000000 1.000000 -1
1 42.727398 19.563698 14.383463 1.000000 0.000000 -1
1 42.727394 19.563698 26.050121 0.000000 0.000000 -1
1 42.763844 31.239876 -5.720720 1.000000 0.000000 -1
1 42.763855 19.573215 5.945944 0.000000 1.000000 -1
1 42.763855 31.239876 5.945944 0.000000 0.000000 -1
1 42.763844 19.573215 -5.720720 1.000000 1.000000 -1
1 46.076351 31.239876 -5.735865 1.000000 0.000000 -1
1 42.763844 19.573215 -5.720720 0.000000 1.000000 -1
1 42.763844 31.239876 -5.720720 0.000000 0.000000 -1
1 46.076351 19.573215 -5.735865 1.000000 1.000000 -1
1 46.076351 31.239876 5.930796 1.000000 0.000000 -1
1 46.076351 19.573215 -5.735865 0.000000 1.000000 -1
1 46.076351 31.239876 -5.735865 0.000000 0.000000 -1
1 46.076351 19.573215 5.930796 1.000000 1.000000 -1
1 42.763855 31.239876 5.945944 1.000000 0.000000 -1
1 46.076351 19.573215 5.930796 0.000000 1.000000 -1
1 46.076351 31.239876 5.930796 0.000000 0.000000 -1
1 42.763855 19.573215 5.945944 1.000000 1.000000 -1
1 42.763855 31.239876 5.945944 0.000000 1.000000 -1
1 42.763844 31.239876 -5.720720 1.000000 1.000000 -1
1 42.763844 19.573215 -5.720720 1.000000 0.000000 -1
1 42.763855 19.573215 5.945944 0.000000 0.000000 -1
1 42.710434 31.239876 -25.929066 1.000000 0.000000 -1
1 42.710434 19.573215 -14.262407 0.000000 1.000000 -1
1 42.710434 31.239876 -14.262407 0.000000 0.000000 -1
1 42.710434 19.573215 -25.929066 1.000000 1.000000 -1
1 46.022942 31.239876 -25.944212 1.000000 0.000000 -1
1 42.710434 19.573215 -25.929066 0.000000 1.000000 -1
1 42.710434 31.239876 -25.929066 0.000000 0.000000 -1
1 46.022942 19.573215 -25.944212 1.000000 1.000000 -1
1 46.022934 31.239876 -14.277552 1.000000 0.000000 -1
1 46.022942 19.573215 -25.944212 0.000000 1.000000 -1
1 46.022942 31.239876 -25.944212 0.000000 0.000000 -1
1 46.022934 19.573215 -14.277552 1.000000 1.000000 -1
1 42.710434 31.239876 -14.262407 1.000000 0.000000 -1
1 46.022934 19.573215 -14.277552 0.000000 1.000000 -1
1 46.022934 31.239876 -14.277552 0.000000 0.000000 -1
1 42.710434 19.573215 -14.262407 1.000000 1.000000 -1
1 42.710434 31.239876 -14.262407 0.000000 1.000000 -1
1 42.710434 31.239876 -25.929066 1.000000 1.000000 -1
1 42.710434 19.573215 -25.929066 1.000000 0.000000 -1
1 42.710434 19.573215 -14.262407 0.000000 0.000000 -1
1 -42.727394 92.584518 26.050121 0.000000 0.000000 -1
1 -42.727394 80.917854 26.050121 0.000000 1.000000 -1
1 -42.727398 92.584518 14.383463 1.000000 0.000000 -1
1 -42.727398 80.917854 14.383463 1.000000 1.000000 -1
1 -42.727398 92.584518 14.383463 0.000000 0.000000 -1
1 -42.727398 80.917854 14.383463 0.000000 1.000000 -1
1 -46.039894 92.584518 14.368316 1.000000 0.000000 -1
1 -46.039894 80.917854 14.368316 1.000000 1.000000 -1
1 -46.039894 92.584518 14.368316 0.000000 0.000000 -1
1 -46.039894 80.917854 14.368316 0.000000 1.000000 -1
1 -46.039906 92.584518 26.034988 1.000000 0.000000 -1
1 -46.039906 80.917854 26.034988 1.000000 1.000000 -1
1 -46.039906 92.584518 26.034988 0.000000 0.000000 -1
1 -46.039906 80.917854 26.034988 0.000000 1.000000 -1
1 -42.727394 92.584518 26.050121 1.000000 0.000000 -1
1 -42.727394 80.917854 26.050121 1.000000 1.000000 -1
1 -42.727394 92.584518 26.050121 0.000000 1.000000 -1
1 -42.727398 92.584518 14.383463 1.000000 1.000000 -1
1 -42.727394 80.917854 26.050121 0.000000 0.000000 -1
1 -42.727398 80.917854 14.383463 1.000000 0.000000 -1
1 -42.763855 92.594040 5.945944 0.000000 0.000000 -1
1 -42.763855 80.927383 5.945944 0.000000 1.000000 -1
1 -42.763844 92.594040 -5.720720 1.000000 0.000000 -1
1 -42.763844 80.927383 -5.720720 1.000000 1.000000 -1
1 -42.763844 92.594040 -5.720720 0.000000 0.000000 -1
1 -42.763844 80.927383 -5.720720 0.000000 1.000000 -1
1 -46.076351 92.594040 -5.735865 1.000000 0.000000 -1
1 -46.076351 80.927383 -5.735865 1.000000 1.000000 -1
1 -46.076351 92.594040 -5.735865 0.000000 0.000000 -1
1 -46.076351 80.927383 -5.735865 0.000000 1.000000 -1
1 -46.076351 92.594040 5.930796 1.000000 0.000000 -1
1 -46.076351 80.927383 5.930796 1.000000 1.000000 -1
1 -46.076351 92.594040 5.930796 0.000000 0.000000 -1
1 -46.076351 80.927383 5.930796 0.000000 1.000000 -1
1 -42.763855 92.594040 5.945944 1.000000 0.000000 -1
1 -42.763855 80.927383 5.945944 1.000000 1.000000 -1
1 -42.763855 92.594040 5.945944 0.000000 1.000000 -1
1 -42.763844 92.594040 -5.720720 1.000000 1.000000 -1
1 -42.763855 80.927383 5.945944 0.000000 0.000000 -1
1 -42.763844 80.927383 -5.720720 1.000000 0.000000 -1
1 -42.710434 92.594040 -14.262407 0.000000 0.000000 -1
1 -42.710434 80.927383 -14.262407 0.000000 1.000000 -1
1 -42.710434 92.594040 -25.929066 1.000000 0.000000 -1
1 -42.710434 80.927383 -25.929066 1.000000 1.000000 -1
1 -42.710434 92.594040 -25.929066 0.000000 0.000000 -1
1 -42.710434 80.927383 -25.929066 0.000000 1.000000 -1
1 -46.022942 92.594040 -25.944212 1.000000 0.000000 -1
1 -46.022942 80.927383 -25.944212 1.000000 1.000000 -1
1 -46.022942 92.594040 -25.944212 0.000000 0.000000 -1
1 -46.022942 80.927383 -25.944212 0.000000 1.000000 -1
1 -46.022934 92.594040 -14.277552 1.000000 0.000000 -1
1 -46.022934 80.927383 -14.277552 1.000000 1.000000 -1
1 -46.022934 92.594040 -14.277552 0.000000 0.000000 -1
1 -46.022934 80.927383 -14.277552 0.000000 1.000000 -1
1 -42.710434 92.594040 -14.262407 1.000000 0.000000 -1
1 -42.710434 80.927383 -14.262407 1.000000 1.000000 -1
1 -42.710434 92.594040 -14.262407 0.000000 1.000000 -1
1 -42.710434 92.594040 -25.929066 1.000000 1.000000 -1
1 -42.710434 80.927383 -14.262407 0.000000 0.000000 -1
1 -42.710434 80.927383 -25.929066 1.000000 0.000000 -1
1 -42.727394 72.167862 26.050121 0.000000 0.000000 -1
1 -42.727394 60.501198 26.050121 0.000000 1.000000 -1
1 -42.727398 72.167862 14.383463 1.000000 0.000000 -1
1 -42.727398 60.501198 14.383463 1.000000 1.000000 -1
1 -42.727398 72.167862 14.383463 0.000000 0.000000 -1
1 -42.727398 60.501198 14.383463 0.000000 1.000000 -1
1 -46.039894 72.167862 14.368316 1.000000 0.000000 -1
1 -46.039894 60.501198 14.368316 1.000000 1.000000 -1
1 -46.039894 72.167862 14.368316 0.000000 0.000000 -1
1 -46.039894 60.501198 14.368316 0.000000 1.000000 -1
1 -46.039906 72.167862 26.034988 1.000000 0.000000 -1
1 -46.039906 60.501198 26.034988 1.000000 1.000000 -1
1 -46.039906 72.167862 26.034988 0.000000 0.000000 -1
1 -46.039906 60.501198 26.034988 0.000000 1.000000 -1
1 -42.727394 72.167862 26.050121 1.000000 0.000000 -1
1 -42.727394 60.501198 26.050121 1.000000 1.000000 -1
1 -42.727394 72.167862 26.050121 0.000000 1.000000 -1
1 -42.727398 72.167862 14.383463 1.000000 1.000000 -1
1 -42.727394 60.501198 26.050121 0.000000 0.000000 -1
1 -42.727398 60.501198 14.383463 1.000000 0.000000 -1
1 -42.763855 72.177376 5.945944 0.000000 0.000000 -1
1 -42.763855 60.510715 5.945944 0.000000 1.000000 -1
1 -42.763844 72.177376 -5.720720 1.000000 0.000000 -1
1 -42.763844 60.510715 -5.720720 1.000000 1.000000 -1
1 -42.763844 72.177376 -5.720720 0.000000 0.000000 -1
1 -42.763844 60.510715 -5.720720 0.000000 1.000000 -1
1 -46.076351 72.177376 -5.735865 1.000000 0.000000 -1
1 -46.076351 60.510715 -5.735865 1.000000 1.000000 -1
1 -46.076351 72.177376 -5.735865 0.000000 0.000000 -1
1 -46.076351 60.510715 -5.735865 0.000000 1.000000 -1
1 -46.076351 72.177376 5.930796 1.000000 0.000000 -1
1 -46.076351 60.510715 5.930796 1.000000 1.000000 -1
1 -46.076351 72.177376 5.930796 0.000000 0.000000 -1
1 -46.076351 60.510715 5.930796 0.000000 1.000000 -1
1 -42.763855 72.177376 5.945944 1.000000 0.000000 -1
1 -42.763855 60.510715 5.945944 1.000000 1.000000 -1
1 -42.763855 72.177376 5.945944 0.000000 1.000000 -1
1 -42.763844 72.177376 -5.720720 1.000000 1.000000 -1
1 -42.763855 60.510715 5.945944 0.000000 0.000000 -1
1 -42.763844 60.510715 -5.720720 1.000000 0.000000 -1
1 -42.710434 72.177376 -14.262407 0.000000 0.000000 -1
1 -42.710434 60.510715 -14.262407 0.000000 1.000000 -1
1 -42.710434 72.177376 -25.929066 1.000000 0.000000 -1
1 -42.710434 60.510715 -25.929066 1.000000 1.000000 -1
1 -42.710434 72.177376 -25.929066 0.000000 0.000000 -1
1 -42.710434 60.510715 -25.929066 0.000000 1.000000 -1
1 -46.022942 72.177376 -25.944212 1.000000 0.000000 -1
1 -46.022942 60.510715 -25.944212 1.000000 1.000000 -1
1 -46.022942 72.177376 -25.944212 0.000000 0.000000 -1
1 -46.022942 60.510715 -25.944212 0.000000 1.000000 -1
1 -46.022934 72.177376 -14.277552 1.000000 0.000000 -1
1 -46.022934 60.510715 -14.277552 1.000000 1.000000 -1
1 -46.022934 72.177376 -14.277552 0.000000 0.000000 -1
1 -46.022934 60.510715 -14.277552 0.000000 1.000000 -1
1 -42.710434 72.177376 -14.262407 1.000000 0.000000 -1
1 -42.710434 60.510715 -14.262407 1.000000 1.000000 -1
1 -42.710434 72.177376 -14.262407 0.000000 1.000000 -1
1 -42.710434 72.177376 -25.929066 1.000000 1.000000 -1
1 -42.710434 60.510715 -14.262407 0.000000 0.000000 -1
1 -42.710434 60.510715 -25.929066 1.000000 0.000000 -1
1 -42.727394 51.647015 26.050121 0.000000 0.000000 -1
1 -42.727394 39.980354 26.050121 0.000000 1.000000 -1
1 -42.727398 51.647015 14.383463 1.000000 0.000000 -1
1 -42.727398 39.980354 14.383463 1.000000 1.000000 -1
1 -42.727398 51.647015 14.383463 0.000000 0.000000 -1
1 -42.727398 39.980354 14.383463 0.000000 1.000000 -1
1 -46.039894 51.647015 14.368316 1.000000 0.000000 -1
1 -46.039894 39.980354 14.368316 1.000000 1.000000 -1
1 -46.039894 51.647015 14.368316 0.000000 0.000000 -1
1 -46.039894 39.980354 14.368316 0.000000 1.000000 -1
1 -46.039906 51.647015 26.034988 1.000000 0.000000 -1
1 -46.039906 39.980354 26.034988 1.000000 1.000000 -1
1 -46.039906 51.647015 26.034988 0.000000 0.000000 -1
1 -46.039906 39.980354 26.034988 0.000000 1.000000 -1
1 -42.727394 51.647015 26.050121 1.000000 0.000000 -1
1 -42.727394 39.980354 26.050121 1.000000 1.000000 -1
1 -42.727394 51.647015 26.050121 0.000000 1.000000 -1
1 -42.727398 51.647015 14.383463 1.000000 1.000000 -1
1 -42.727394 39.980354 26.050121 0.000000 0.000000 -1
1 -42.727398 39.980354 14.383463 1.000000 0.000000 -1
1 -42.763855 51.656540 5.945944 0.000000 0.000000 -1
1 -42.763855 39.989883 5.945944 0.000000 1.000000 -1
1 -42.763844 51.656540 -5.720720 1.000000 0.000000 -1
1 -42.763844 39.989883 -5.720720 1.000000 1.000000 -1
1 -42.763844 51.656540 -5.720720 0.000000 0.000000 -1
1 -42.763844 39.989883 -5.720720 0.000000 1.000000 -1
1 -46.076351 51.656540 -5.735865 1.000000 0.000000 -1
1 -46.076351 39.989883 -5.735865 1.000000 1.000000 -1
1 -46.076351 51.656540 -5.735865 0.000000 0.000000 -1
1 -46.076351 39.989883 -5.735865 0.000000 1.000000 -1
1 -46.076351 51.656540 5.930796 1.000000 0.000000 -1
1 -46.076351 39.989883 5.930796 1.000000 1.000000 -1
1 -46.076351 51.656540 5.930796 0.000000 0.000000 -1
1 -46.076351 39.989883 5.930796 0.000000 1.000000 -1
1 -42.763855 51.656540 5.945944 1.000000 0.000000 -1
1 -42.763855 39.989883 5.945944 1.000000 1.000000 -1
1 -42.763855 51.656540 5.945944 0.000000 1.000000 -1
1 -42.763844 51.656540 -5.720720 1.000000 1.000000 -1
1 -42.763855 39.989883 5.945944 0.000000 0.000000 -1
1 -42.763844 39.989883 -5.720720 1.000000 0.000000 -1
1 -42.710434 51.656540 -14.262407 0.000000 0.000000 -1
1 -42.710434 39.989883 -14.262407 0.000000 1.000000 -1
1 -42.710434 51.656540 -25.929066 1.000000 0.000000 -1
1 -42.710434 39.989883 -25.929066 1.000000 1.000000 -1
1 -42.710434 51.656540 -25.929066 0.000000 0.000000 -1
1 -42.710434 39.989883 -25.929066 0.000000 1.000000 -1
1 -46.022942 51.656540 -25.944212 1.000000 0.000000 -1
1 -46.022942 39.989883 -25.944212 1.000000 1.000000 -1
1 -46.022942 51.656540 -25.944212 0.000000 0.000000 -1
1 -46.022942 39.989883 -25.944212 0.000000 1.000000 -1
1 -46.022934 51.656540 -14.277552 1.000000 0.000000 -1
1 -46.022934 39.989883 -14.277552 1.000000 1.000000 -1
1 -46.022934 51.656540 -14.277552 0.000000 0.000000 -1
1 -46.022934 39.989883 -14.277552 0.000000 1.000000 -1
1 -42.710434 51.656540 -14.262407 1.000000 0.000000 -1
1 -42.710434 39.989883 -14.262407 1.000000 1.000000 -1
1 -42.710434 51.656540 -14.262407 0.000000 1.000000 -1
1 -42.710434 51.656540 -25.929066 1.000000 1.000000 -1
1 -42.710434 39.989883 -14.262407 0.000000 0.000000 -1
1 -42.710434 39.989883 -25.929066 1.000000 0.000000 -1
1 -42.727394 31.230358 26.050121 0.000000 0.000000 -1
1 -42.727394 19.563698 26.050121 0.000000 1.000000 -1
1 -42.727398 31.230358 14.383463 1.000000 0.000000 -1
1 -42.727398 19.563698 14.383463 1.000000 1.000000 -1
1 -42.727398 31.230358 14.383463 0.000000 0.000000 -1
1 -42.727398 19.563698 14.383463 0.000000 1.000000 -1
1 -46.039894 31.230358 14.368316 1.000000 0.000000 -1
1 -46.039894 19.563698 14.368316 1.000000 1.000000 -1
1 -46.039894 31.230358 14.368316 0.000000 0.000000 -1
1 -46.039894 19.563698 14.368316 0.000000 1.000000 -1
1 -46.039906 31.230358 26.034988 1.000000 0.000000 -1
1 -46.039906 19.563698 26.034988 1.000000 1.000000 -1
1 -46.039906 31.230358 26.034988 0.000000 0.000000 -1
1 -46.039906 19.563698 26.034988 0.000000 1.000000 -1
1 -42.727394 31.230358 26.050121 1.000000 0.000000 -1
1 -42.727394 19.563698 26.050121 1.000000 1.000000 -1
1 -42.727394 31.230358 26.050121 0.000000 1.000000 -1
1 -42.727398 31.230358 14.383463 1.000000 1.000000 -1
1 -42.727394 19.563698 26.050121 0.000000 0.000000 -1
1 -42.727398 19.563698 14.383463 1.000000 0.000000 -1
1 -42.763855 31.239876 5.945944 0.000000 0.000000 -1
1 -42.763855 19.573215 5.945944 0.000000 1.000000 -1
1 -42.763844 31.239876 -5.720720 1.000000 0.000000 -1
1 -42.763844 19.573215 -5.720720 1.000000 1.000000 -1
1 -42.763844 31.239876 -5.720720 0.000000 0.000000 -1
1 -42.763844 19.573215 -5.720720 0.000000 1.000000 -1
1 -46.076351 31.239876 -5.735865 1.000000 0.000000 -1
1 -46.076351 19.573215 -5.735865 1.000000 1.000000 -1
1 -46.076351 31.239876 -5.735865 0.000000 0.000000 -1
1 -46.076351 19.573215 -5.735865 0.000000 1.000000 -1
1 -46.076351 31.239876 5.930796 1.000000 0.000000 -1
1 -46.076351 19.573215 5.930796 1.000000 1.000000 -1
1 -46.076351 31.239876 5.930796 0.000000 0.000000 -1
1 -46.076351 19.573215 5.930796 0.000000 1.000000 -1
1 -42.763855 31.239876 5.945944 1.000000 0.000000 -1
1 -42.763855 19.573215 5.945944 1.000000 1.000000 -1
1 -42.763855 31.239876 5.945944 0.000000 1.000000 -1
1 -42.763844 31.239876 -5.720720 1.000000 1.000000 -1
1 -42.763855 19.573215 5.945944 0.000000 0.000000 -1
1 -42.763844 19.573215 -5.720720 1.000000 0.000000 -1
1 -42.710434 31.239876 -14.262407 0.000000 0.000000 -1
1 -42.710434 19.573215 -14.262407 0.000000 1.000000 -1
1 -42.710434 31.239876 -25.929066 1.000000 0.000000 -1
1 -42.710434 19.573215 -25.929066 1.000000 1.000000 -1
1 -42.710434 31.239876 -25.929066 0.000000 0.000000 -1
1 -42.710434 19.573215 -25.929066 0.000000 1.000000 -1
1 -46.022942 31.239876 -25.944212 1.000000 0.000000 -1
1 -46.022942 19.573215 -25.944212 1.000000 1.000000 -1
1 -46.022942 31.239876 -25.944212 0.000000 0.000000 -1
1 -46.022942 19.573215 -25.944212 0.000000 1.000000 -1
1 -46.022934 31.239876 -14.277552 1.000000 0.000000 -1
1 -46.022934 19.573215 -14.277552 1.000000 1.000000 -1
1 -46.022934 31.239876 -14.277552 0.000000 0.000000 -1
1 -46.022934 19.573215 -14.277552 0.000000 1.000000 -1
1 -42.710434 31.239876 -14.262407 1.000000 0.000000 -1
1 -42.710434 19.573215 -14.262407 1.000000 1.000000 -1
1 -42.710434 31.239876 -14.262407 0.000000 1.000000 -1
1 -42.710434 31.239876 -25.929066 1.000000 1.000000 -1
1 -42.710434 19.573215 -14.262407 0.000000 0.000000 -1
1 -42.710434 19.573215 -25.929066 1.000000 0.000000 -1
58
0.000000 0.000000 1.000000
0.999990 0.000000 0.004574
0.000000 0.000000 -1.000000
-0.999990 0.000000 -0.004574
0.000000 1.000000 0.000000
0.000000 -1.000000 0.000000
0.999990 0.000000 0.004575
-0.999990 0.000000 -0.004575
0.999990 0.000000 0.004574
-0.999990 0.000000 -0.004574
0.999990 0.000000 0.004574
0.999990 0.000000 0.004574
0.999990 0.000000 0.004574
-0.999990 0.000000 -0.004575
0.999990 0.000000 0.004574
-0.999990 0.000000 -0.004574
0.999990 0.000000 0.004575
0.999990 0.000000 -0.004574
-0.999990 0.000000 0.004574
0.999990 0.000000 -0.004575
-0.999990 0.000000 0.004575
0.999990 0.000000 -0.004574
-0.999990 0.000000 0.004574
0.999990 0.000000 -0.004574
0.999990 0.000000 -0.004574
0.999990 0.000000 -0.004574
-0.999990 0.000000 0.004575
0.999990 0.000000 -0.004574
-0.999990 0.000000 0.004574
0.999990 0.000000 -0.004575
-1.000000 0.000000 -0.000000
-0.004573 0.000000 -0.999990
1.000000 0.000000 -0.000001
0.004568 0.000000 0.999990
-1.000000 0.000000 0.000001
-0.004572 0.000000 -0.999990
1.000000 0.000000 0.000000
0.004573 0.000000 0.999990
-1.000000 0.000000 0.000000
-0.004572 0.000000 -0.999990
1.000000 0.000000 0.000001
0.004572 0.000000 0.999990
0.004573 0.000000 0.999990
-0.004572 0.000000 -0.999990
-0.004573 0.000000 -0.999990
1.000000 0.000000 -0.000000
0.004573 0.000000 -0.999990
-1.000000 0.000000 -0.000001
-0.004568 0.000000 0.999990
1.000000 0.000000 0.000001
0.004572 0.000000 -0.999990
-0.004573 0.000000 0.999990
0.004572 0.000000 -0.999990
-1.000000 0.000000 0.000001
-0.004572 0.000000 0.999990
-0.004573 0.000000 0.999990
0.004572 0.000000 -0.999990
0.004573 0.000000 -0.999990
672
1 0 1 2 0 0 0 1
1 1 3 2 0 0 0 1
1 4 5 6 1 1 1 2
1 5 7 6 1 1 1 2
1 8 9 10 2 2 2 1
1 9 11 10 2 2 2 1
1 12 13 14 3 3 3 2
1 13 15 14 3 3 3 2
1 12 16 6 4 4 4 3
1 16 17 6 4 4 4 3
1 18 13 19 5 5 5 3
1 13 7 19 5 5 5 3
1 20 21 22 0 0 0 1
1 21 23 22 0 0 0 1
1 24 25 26 6 6 6 2
1 25 27 26 6 6 6 2
1 28 29 30 2 2 2 1
1 29 31 30 2 2 2 1
1 32 33 34 7 7 7 2
1 33 35 34 7 7 7 2
1 32 36 26 4 4 4 3
1 36 37 26 4 4 4 3
1 38 33 39 5 5 5 3
1 33 27 39 5 5 5 3
1 40 41 42 0 0 0 1
1 41 43 42 0 0 0 1
1 44 45 46 8 8 8 2
1 45 47 46 8 8 8 2
1 48 49 50 2 2 2 1
1 49 51 50 2 2 2 1
1 52 53 54 9 9 9 2
1 53 55 54 9 9 9 2
1 52 56 46 4 4 4 3
1 56 57 46 4 4 4 3
1 58 53 59 5 5 5 3
1 53 47 59 5 5 5 3
1 60 61 62 0 0 0 1
1 61 63 62 0 0 0 1
1 64 65 66 10 10 10 2
1 65 67 66 10 10 10 2
1 68 69 70 2 2 2 1
1 69 71 70 2 2 2 1
1 72 73 74 7 7 7 2
1 73 75 74 7 7 7 2
1 72 76 66 4 4 4 3
1 76 77 66 4 4 4 3
1 78 73 79 5 5 5 3
1 73 67 79 5 5 5 3
1 80 81 82 0 0 0 1
1 81 83 82 0 0 0 1
1 84 85 86 1 1 1 2
1 85 87 86 1 1 1 2
1 88 89 90 2 2 2 1
1 89 91 90 2 2 2 1
1 92 93 94 3 3 3 2
1 93 95 94 3 3 3 2
1 92 96 86 4 4 4 3
1 96 97 86 4 4 4 3
1 98 93 99 5 5 5 3
1 93 87 99 5 5 5 3
1 100 101 102 0 0 0 1
1 101 103 102 0 0 0 1
1 104 105 106 6 6 6 2
1 105 107 106 6 6 6 2
1 108 109 110 2 2 2 1
1 109 111 110 2 2 2 1
1 112 113 114 7 7 7 2
1 113 115 114 7 7 7 2
1 112 116 106 4 4 4 3
1 116 117 106 4 4 4 3
1 118 113 119 5 5 5 3
1 113 107 119 5 5 5 3
1 120 121 122 0 0 0 1
1 121 123 122 0 0 0 1
1 124 125 126 11 11 11 2
1 125 127 126 11 11 11 2
1 128 129 130 2 2 2 1
1 129 131 130 2 2 2 1
1 132 133 134 9 9 9 2
1 133 135 134 9 9 9 2
1 132 136 126 4 4 4 3
1 136 137 126 4 4 4 3
1 138 133 139 5 5 5 3
1 133 127 139 5 5 5 3
1 140 141 142 0 0 0 1
1 141 143 142 0 0 0 1
1 144 145 146 12 12 12 2
1 145 147 146 12 12 12 2
1 148 149 150 2 2 2 1
1 149 151 150 2 2 2 1
1 152 153 154 13 13 13 2
1 153 155 154 13 13 13 2
1 152 156 146 4 4 4 3
1 156 157 146 4 4 4 3
1 158 153 159 5 5 5 3
1 153 147 159 5 5 5 3
1 160 161 162 0 0 0 1
1 161 163 162 0 0 0 1
1 164 165 166 14 14 14 2
1 165 167 166 14 14 14 2
1 168 169 170 2 2 2 1
1 169 171 170 2 2 2 1
1 172 173 174 15 15 15 2
1 173 175 174 15 15 15 2
1 172 176 166 4 4 4 3
1 176 177 166 4 4 4 3
1 178 173 179 5 5 5 3
1 173 167 179 5 5 5 3
1 180 181 182 0 0 0 1
1 181 183 182 0 0 0 1
1 184 185 186 16 16 16 2
1 185 187 186 16 16 16 2
1 188 189 190 2 2 2 1
1 189 191 190 2 2 2 1
1 192 193 194 13 13 13 2
1 193 195 194 13 13 13 2
1 192 196 186 4 4 4 3
1 196 197 186 4 4 4 3
1 198 193 199 5 5 5 3
1 193 187 199 5 5 5 3
1 200 201 202 0 0 0 1
1 201 203 202 0 0 0 1
1 204 205 206 8 8 8 2
1 205 207 206 8 8 8 2
1 208 209 210 2 2 2 1
1 209 211 210 2 2 2 1
1 212 213 214 9 9 9 2
1 213 215 214 9 9 9 2
1 212 216 206 4 4 4 3
1 216 217 206 4 4 4 3
1 218 213 219 5 5 5 3
1 213 207 219 5 5 5 3
1 220 221 222 0 0 0 1
1 221 223 222 0 0 0 1
1 224 225 226 10 10 10 2
1 225 227 226 10 10 10 2
1 228 229 230 2 2 2 1
1 229 231 230 2 2 2 1
1 232 233 234 7 7 7 2
1 233 235 234 7 7 7 2
1 232 236 226 4 4 4 3
1 236 237 226 4 4 4 3
1 238 233 239 5 5 5 3
1 233 227 239 5 5 5 3
1 240 241 242 0 0 0 1
1 241 243 242 0 0 0 1
1 244 245 246 14 14 14 2
1 245 247 246 14 14 14 2
1 248 249 250 2 2 2 1
1 249 251 250 2 2 2 1
1 252 253 254 15 15 15 2
1 253 255 254 15 15 15 2
1 252 256 246 4 4 4 3
1 256 257 246 4 4 4 3
1 258 253 259 5 5 5 3
1 253 247 259 5 5 5 3
1 260 261 262 0 0 0 1
1 261 263 262 0 0 0 1
1 264 265 266 16 16 16 2
1 265 267 266 16 16 16 2
1 268 269 270 2 2 2 1
1 269 271 270 2 2 2 1
1 272 273 274 13 13 13 2
1 273 275 274 13 13 13 2
1 272 276 266 4 4 4 3
1 276 277 266 4 4 4 3
1 278 273 279 5 5 5 3
1 273 267 279 5 5 5 3
1 280 281 282 0 0 0 1
1 281 283 282 0 0 0 1
1 284 285 286 11 11 11 2
1 285 287 286 11 11 11 2
1 288 289 290 2 2 2 1
1 289 291 290 2 2 2 1
1 292 293 294 9 9 9 2
1 293 295 294 9 9 9 2
1 292 296 286 4 4 4 3
1 296 297 286 4 4 4 3
1 298 293 299 5 5 5 3
1 293 287 299 5 5 5 3
1 300 301 302 0 0 0 1
1 301 303 302 0 0 0 1
1 304 305 306 12 12 12 2
1 305 307 306 12 12 12 2
1 308 309 310 2 2 2 1
1 309 311 310 2 2 2 1
1 312 313 314 13 13 13 2
1 313 315 314 13 13 13 2
1 312 316 306 4 4 4 3
1 316 317 306 4 4 4 3
1 318 313 319 5 5 5 3
1 313 307 319 5 5 5 3
1 320 321 322 2 2 2 1
1 320 323 321 2 2 2 1
1 324 325 326 17 17 17 2
1 324 327 325 17 17 17 2
1 328 329 330 0 0 0 1
1 328 331 329 0 0 0 1
1 332 333 334 18 18 18 2
1 332 335 333 18 18 18 2
1 324 336 334 4 4 4 3
1 324 337 336 4 4 4 3
1 338 333 339 5 5 5 3
1 338 327 333 5 5 5 3
1 340 341 342 2 2 2 1
1 340 343 341 2 2 2 1
1 344 345 346 19 19 19 2
1 344 347 345 19 19 19 2
1 348 349 350 0 0 0 1
1 348 351 349 0 0 0 1
1 352 353 354 20 20 20 2
1 352 355 353 20 20 20 2
1 344 356 354 4 4 4 3
1 344 357 356 4 4 4 3
1 358 353 359 5 5 5 3
1 358 347 353 5 5 5 3
1 360 361 362 2 2 2 1
1 360 363 361 2 2 2 1
1 364 365 366 21 21 21 2
1 364 367 365 21 21 21 2
1 368 369 370 0 0 0 1
1 368 371 369 0 0 0 1
1 372 373 374 22 22 22 2
1 372 375 373 22 22 22 2
1 364 376 374 4 4 4 3
1 364 377 376 4 4 4 3
1 378 373 379 5 5 5 3
1 378 367 373 5 5 5 3
1 380 381 382 2 2 2 1
1 380 383 381 2 2 2 1
1 384 385 386 23 23 23 2
1 384 387 385 23 23 23 2
1 388 389 390 0 0 0 1
1 388 391 389 0 0 0 1
1 392 393 394 20 20 20 2
1 392 395 393 20 20 20 2
1 384 396 394 4 4 4 3
1 384 397 396 4 4 4 3
1 398 393 399 5 5 5 3
1 398 387 393 5 5 5 3
1 400 401 402 2 2 2 1
1 400 403 401 2 2 2 1
1 404 405 406 17 17 17 2
1 404 407 405 17 17 17 2
1 408 409 410 0 0 0 1
1 408 411 409 0 0 0 1
1 412 413 414 18 18 18 2
1 412 415 413 18 18 18 2
1 404 416 414 4 4 4 3
1 404 417 416 4 4 4 3
1 418 413 419 5 5 5 3
1 418 407 413 5 5 5 3
1 420 421 422 2 2 2 1
1 420 423 421 2 2 2 1
1 424 425 426 19 19 19 2
1 424 427 425 19 19 19 2
1 428 429 430 0 0 0 1
1 428 431 429 0 0 0 1
1 432 433 434 20 20 20 2
1 432 435 433 20 20 20 2
1 424 436 434 4 4 4 3
1 424 437 436 4 4 4 3
1 438 433 439 5 5 5 3
1 438 427 433 5 5 5 3
1 440 441 442 2 2 2 1
1 440 443 441 2 2 2 1
1 444 445 446 24 24 24 2
1 444 447 445 24 24 24 2
1 448 449 450 0 0 0 1
1 448 451 449 0 0 0 1
1 452 453 454 22 22 22 2
1 452 455 453 22 22 22 2
1 444 456 454 4 4 4 3
1 444 457 456 4 4 4 3
1 458 453 459 5 5 5 3
1 458 447 453 5 5 5 3
1 460 461 462 2 2 2 1
1 460 463 461 2 2 2 1
1 464 465 466 25 25 25 2
1 464 467 465 25 25 25 2
1 468 469 470 0 0 0 1
1 468 471 469 0 0 0 1
1 472 473 474 26 26 26 2
1 472 475 473 26 26 26 2
1 464 476 474 4 4 4 3
1 464 477 476 4 4 4 3
1 478 473 479 5 5 5 3
1 478 467 473 5 5 5 3
1 480 481 482 2 2 2 1
1 480 483 481 2 2 2 1
1 484 485 486 27 27 27 2
1 484 487 485 27 27 27 2
1 488 489 490 0 0 0 1
1 488 491 489 0 0 0 1
1 492 493 494 28 28 28 2
1 492 495 493 28 28 28 2
1 484 496 494 4 4 4 3
1 484 497 496 4 4 4 3
1 498 493 499 5 5 5 3
1 498 487 493 5 5 5 3
1 500 501 502 2 2 2 1
1 500 503 501 2 2 2 1
1 504 505 506 29 29 29 2
1 504 507 505 29 29 29 2
1 508 509 510 0 0 0 1
1 508 511 509 0 0 0 1
1 512 513 514 26 26 26 2
1 512 515 513 26 26 26 2
1 504 516 514 4 4 4 3
1 504 517 516 4 4 4 3
1 518 513 519 5 5 5 3
1 518 507 513 5 5 5 3
1 520 521 522 2 2 2 1
1 520 523 521 2 2 2 1
1 524 525 526 21 21 21 2
1 524 527 525 21 21 21 2
1 528 529 530 0 0 0 1
1 528 531 529 0 0 0 1
1 532 533 534 22 22 22 2
1 532 535 533 22 22 22 2
1 524 536 534 4 4 4 3
1 524 537 536 4 4 4 3
1 538 533 539 5 5 5 3
1 538 527 533 5 5 5 3
1 540 541 542 2 2 2 1
1 540 543 541 2 2 2 1
1 544 545 546 23 23 23 2
1 544 547 545 23 23 23 2
1 548 549 550 0 0 0 1
1 548 551 549 0 0 0 1
1 552 553 554 20 20 20 2
1 552 555 553 20 20 20 2
1 544 556 554 4 4 4 3
1 544 557 556 4 4 4 3
1 558 553 559 5 5 5 3
1 558 547 553 5 5 5 3
1 560 561 562 2 2 2 1
1 560 563 561 2 2 2 1
1 564 565 566 27 27 27 2
1 564 567 565 27 27 27 2
1 568 569 570 0 0 0 1
1 568 571 569 0 0 0 1
1 572 573 574 28 28 28 2
1 572 575 573 28 28 28 2
1 564 576 574 4 4 4 3
1 564 577 576 4 4 4 3
1 578 573 579 5 5 5 3
1 578 567 573 5 5 5 3
1 580 581 582 2 2 2 1
1 580 583 581 2 2 2 1
1 584 585 586 29 29 29 2
1 584 587 585 29 29 29 2
1 588 589 590 0 0 0 1
1 588 591 589 0 0 0 1
1 592 593 594 26 26 26 2
1 592 595 593 26 26 26 2
1 584 596 594 4 4 4 3
1 584 597 596 4 4 4 3
1 598 593 599 5 5 5 3
1 598 587 593 5 5 5 3
1 600 601 602 2 2 2 1
1 600 603 601 2 2 2 1
1 604 605 606 24 24 24 2
1 604 607 605 24 24 24 2
1 608 609 610 0 0 0 1
1 608 611 609 0 0 0 1
1 612 613 614 22 22 22 2
1 612 615 613 22 22 22 2
1 604 616 614 4 4 4 3
1 604 617 616 4 4 4 3
1 618 613 619 5 5 5 3
1 618 607 613 5 5 5 3
1 620 621 622 2 2 2 1
1 620 623 621 2 2 2 1
1 624 625 626 25 25 25 2
1 624 627 625 25 25 25 2
1 628 629 630 0 0 0 1
1 628 631 629 0 0 0 1
1 632 633 634 26 26 26 2
1 632 635 633 26 26 26 2
1 624 636 634 4 4 4 3
1 624 637 636 4 4 4 3
1 638 633 639 5 5 5 3
1 638 627 633 5 5 5 3
1 640 641 642 30 30 30 1
1 640 643 641 30 30 30 1
1 644 645 646 31 31 31 2
1 644 647 645 31 31 31 2
1 648 649 650 32 32 32 1
1 648 651 649 32 32 32 1
1 652 653 654 33 33 33 2
1 652 655 653 33 33 33 2
1 644 656 654 4 4 4 3
1 644 657 656 4 4 4 3
1 658 653 659 5 5 5 3
1 658 647 653 5 5 5 3
1 660 661 662 34 34 34 1
1 660 663 661 34 34 34 1
1 664 665 666 35 35 35 2
1 664 667 665 35 35 35 2
1 668 669 670 36 36 36 1
1 668 671 669 36 36 36 1
1 672 673 674 37 37 37 2
1 672 675 673 37 37 37 2
1 664 676 674 4 4 4 3
1 664 677 676 4 4 4 3
1 678 673 679 5 5 5 3
1 678 667 673 5 5 5 3
1 680 681 682 38 38 38 1
1 680 683 681 38 38 38 1
1 684 685 686 39 39 39 2
1 684 687 685 39 39 39 2
1 688 689 690 40 40 40 1
1 688 691 689 40 40 40 1
1 692 693 694 41 41 41 2
1 692 695 693 41 41 41 2
1 684 696 694 4 4 4 3
1 684 697 696 4 4 4 3
1 698 693 699 5 5 5 3
1 698 687 693 5 5 5 3
1 700 701 702 30 30 30 1
1 700 703 701 30 30 30 1
1 704 705 706 31 31 31 2
1 704 707 705 31 31 31 2
1 708 709 710 32 32 32 1
1 708 711 709 32 32 32 1
1 712 713 714 33 33 33 2
1 712 715 713 33 33 33 2
1 704 716 714 4 4 4 3
1 704 717 716 4 4 4 3
1 718 713 719 5 5 5 3
1 718 707 713 5 5 5 3
1 720 721 722 34 34 34 1
1 720 723 721 34 34 34 1
1 724 725 726 35 35 35 2
1 724 727 725 35 35 35 2
1 728 729 730 36 36 36 1
1 728 731 729 36 36 36 1
1 732 733 734 42 42 42 2
1 732 735 733 42 42 42 2
1 724 736 734 4 4 4 3
1 724 737 736 4 4 4 3
1 738 733 739 5 5 5 3
1 738 727 733 5 5 5 3
1 740 741 742 38 38 38 1
1 740 743 741 38 38 38 1
1 744 745 746 43 43 43 2
1 744 747 745 43 43 43 2
1 748 749 750 40 40 40 1
1 748 751 749 40 40 40 1
1 752 753 754 41 41 41 2
1 752 755 753 41 41 41 2
1 744 756 754 4 4 4 3
1 744 757 756 4 4 4 3
1 758 753 759 5 5 5 3
1 758 747 753 5 5 5 3
1 760 761 762 30 30 30 1
1 760 763 761 30 30 30 1
1 764 765 766 44 44 44 2
1 764 767 765 44 44 44 2
1 768 769 770 32 32 32 1
1 768 771 769 32 32 32 1
1 772 773 774 33 33 33 2
1 772 775 773 33 33 33 2
1 764 776 774 4 4 4 3
1 764 777 776 4 4 4 3
1 778 773 779 5 5 5 3
1 778 767 773 5 5 5 3
1 780 781 782 34 34 34 1
1 780 783 781 34 34 34 1
1 784 785 786 35 35 35 2
1 784 787 785 35 35 35 2
1 788 789 790 36 36 36 1
1 788 791 789 36 36 36 1
1 792 793 794 37 37 37 2
1 792 795 793 37 37 37 2
1 784 796 794 4 4 4 3
1 784 797 796 4 4 4 3
1 798 793 799 5 5 5 3
1 798 787 793 5 5 5 3
1 800 801 802 38 38 38 1
1 800 803 801 38 38 38 1
1 804 805 806 39 39 39 2
1 804 807 805 39 39 39 2
1 808 809 810 40 40 40 1
1 808 811 809 40 40 40 1
1 812 813 814 41 41 41 2
1 812 815 813 41 41 41 2
1 804 816 814 4 4 4 3
1 804 817 816 4 4 4 3
1 818 813 819 5 5 5 3
1 818 807 813 5 5 5 3
1 820 821 822 30 30 30 1
1 820 823 821 30 30 30 1
1 824 825 826 44 44 44 2
1 824 827 825 44 44 44 2
1 828 829 830 32 32 32 1
1 828 831 829 32 32 32 1
1 832 833 834 33 33 33 2
1 832 835 833 33 33 33 2
1 824 836 834 4 4 4 3
1 824 837 836 4 4 4 3
1 838 833 839 5 5 5 3
1 838 827 833 5 5 5 3
1 840 841 842 34 34 34 1
1 840 843 841 34 34 34 1
1 844 845 846 35 35 35 2
1 844 847 845 35 35 35 2
1 848 849 850 36 36 36 1
1 848 851 849 36 36 36 1
1 852 853 854 42 42 42 2
1 852 855 853 42 42 42 2
1 844 856 854 4 4 4 3
1 844 857 856 4 4 4 3
1 858 853 859 5 5 5 3
1 858 847 853 5 5 5 3
1 860 861 862 38 38 38 1
1 860 863 861 38 38 38 1
1 864 865 866 43 43 43 2
1 864 867 865 43 43 43 2
1 868 869 870 40 40 40 1
1 868 871 869 40 40 40 1
1 872 873 874 41 41 41 2
1 872 875 873 41 41 41 2
1 864 876 874 4 4 4 3
1 864 877 876 4 4 4 3
1 878 873 879 5 5 5 3
1 878 867 873 5 5 5 3
1 880 881 882 45 45 45 1
1 881 883 882 45 45 45 1
1 884 885 886 46 46 46 2
1 885 887 886 46 46 46 2
1 888 889 890 47 47 47 1
1 889 891 890 47 47 47 1
1 892 893 894 48 48 48 2
1 893 895 894 48 48 48 2
1 892 896 886 4 4 4 3
1 896 897 886 4 4 4 3
1 898 893 899 5 5 5 3
1 893 887 899 5 5 5 3
1 900 901 902 49 49 49 1
1 901 903 902 49 49 49 1
1 904 905 906 50 50 50 2
1 905 907 906 50 50 50 2
1 908 909 910 38 38 38 1
1 909 911 910 38 38 38 1
1 912 913 914 51 51 51 2
1 913 915 914 51 51 51 2
1 912 916 906 4 4 4 3
1 916 917 906 4 4 4 3
1 918 913 919 5 5 5 3
1 913 907 919 5 5 5 3
1 920 921 922 36 36 36 1
1 921 923 922 36 36 36 1
1 924 925 926 52 52 52 2
1 925 927 926 52 52 52 2
1 928 929 930 53 53 53 1
1 929 931 930 53 53 53 1
1 932 933 934 54 54 54 2
1 933 935 934 54 54 54 2
1 932 936 926 4 4 4 3
1 936 937 926 4 4 4 3
1 938 933 939 5 5 5 3
1 933 927 939 5 5 5 3
1 940 941 942 45 45 45 1
1 941 943 942 45 45 45 1
1 944 945 946 46 46 46 2
1 945 947 946 46 46 46 2
1 948 949 950 47 47 47 1
1 949 951 950 47 47 47 1
1 952 953 954 48 48 48 2
1 953 955 954 48 48 48 2
1 952 956 946 4 4 4 3
1 956 957 946 4 4 4 3
1 958 953 959 5 5 5 3
1 953 947 959 5 5 5 3
1 960 961 962 49 49 49 1
1 961 963 962 49 49 49 1
1 964 965 966 50 50 50 2
1 965 967 966 50 50 50 2
1 968 969 970 38 38 38 1
1 969 971 970 38 38 38 1
1 972 973 974 55 55 55 2
1 973 975 974 55 55 55 2
1 972 976 966 4 4 4 3
1 976 977 966 4 4 4 3
1 978 973 979 5 5 5 3
1 973 967 979 5 5 5 3
1 980 981 982 36 36 36 1
1 981 983 982 36 36 36 1
1 984 985 986 56 56 56 2
1 985 987 986 56 56 56 2
1 988 989 990 53 53 53 1
1 989 991 990 53 53 53 1
1 992 993 994 54 54 54 2
1 993 995 994 54 54 54 2
1 992 996 986 4 4 4 3
1 996 997 986 4 4 4 3
1 998 993 999 5 5 5 3
1 993 987 999 5 5 5 3
1 1000 1001 1002 45 45 45 1
1 1001 1003 1002 45 45 45 1
1 1004 1005 1006 57 57 57 2
1 1005 1007 1006 57 57 57 2
1 1008 1009 1010 47 47 47 1
1 1009 1011 1010 47 47 47 1
1 1012 1013 1014 48 48 48 2
1 1013 1015 1014 48 48 48 2
1 1012 1016 1006 4 4 4 3
1 1016 1017 1006 4 4 4 3
1 1018 1013 1019 5 5 5 3
1 1013 1007 1019 5 5 5 3
1 1020 1021 1022 49 49 49 1
1 1021 1023 1022 49 49 49 1
1 1024 1025 1026 50 50 50 2
1 1025 1027 1026 50 50 50 2
1 1028 1029 1030 38 38 38 1
1 1029 1031 1030 38 38 38 1
1 1032 1033 1034 51 51 51 2
1 1033 1035 1034 51 51 51 2
1 1032 1036 1026 4 4 4 3
1 1036 1037 1026 4 4 4 3
1 1038 1033 1039 5 5 5 3
1 1033 1027 1039 5 5 5 3
1 1040 1041 1042 36 36 36 1
1 1041 1043 1042 36 36 36 1
1 1044 1045 1046 52 52 52 2
1 1045 1047 1046 52 52 52 2
1 1048 1049 1050 53 53 53 1
1 1049 1051 1050 53 53 53 1
1 1052 1053 1054 54 54 54 2
1 1053 1055 1054 54 54 54 2
1 1052 1056 1046 4 4 4 3
1 1056 1057 1046 4 4 4 3
1 1058 1053 1059 5 5 5 3
1 1053 1047 1059 5 5 5 3
1 1060 1061 1062 45 45 45 1
1 1061 1063 1062 45 45 45 1
1 1064 1065 1066 57 57 57 2
1 1065 1067 1066 57 57 57 2
1 1068 1069 1070 47 47 47 1
1 1069 1071 1070 47 47 47 1
1 1072 1073 1074 48 48 48 2
1 1073 1075 1074 48 48 48 2
1 1072 1076 1066 4 4 4 3
1 1076 1077 1066 4 4 4 3
1 1078 1073 1079 5 5 5 3
1 1073 1067 1079 5 5 5 3
1 1080 1081 1082 49 49 49 1
1 1081 1083 1082 49 49 49 1
1 1084 1085 1086 50 50 50 2
1 1085 1087 1086 50 50 50 2
1 1088 1089 1090 38 38 38 1
1 1089 1091 1090 38 38 38 1
1 1092 1093 1094 55 55 55 2
1 1093 1095 1094 55 55 55 2
1 1092 1096 1086 4 4 4 3
1 1096 1097 1086 4 4 4 3
1 1098 1093 1099 5 5 5 3
1 1093 1087 1099 5 5 5 3
1 1100 1101 1102 36 36 36 1
1 1101 1103 1102 36 36 36 1
1 1104 1105 1106 56 56 56 2
1 1105 1107 1106 56 56 56 2
1 1108 1109 1110 53 53 53 1
1 1109 1111 1110 53 53 53 1
1 1112 1113 1114 54 54 54 2
1 1113 1115 1114 54 54 54 2
1 1112 1116 1106 4 4 4 3
1 1116 1117 1106 4 4 4 3
1 1118 1113 1119 5 5 5 3
1 1113 1107 1119 5 5 5 3

Materials: 2
"grey"
0.200000 0.200000 0.200000 1.000000
0.800000 0.800000 0.800000 1.000000
0.000000 0.000000 0.000000 1.000000
0.000000 0.000000 0.000000 1.000000
0.000000
1.000000
".\grey.bmp"
""
"windows"
0.200000 0.200000 0.200000 1.000000
0.800000 0.800000 0.800000 1.000000
0.000000 0.000000 0.000000 1.000000
0.000000 0.000000 0.000000 1.000000
0.000000
1.000000
".\window.bmp"
""

Bones: 0
