// MilkShape 3D ASCII

Frames: 30
Frame: 1

Meshes: 5
"door" 0 0
8
0 -5.809001 16.994190 30.587029 0.610573 0.001719 -1
0 -5.809001 1.047673 30.587029 0.610573 0.119881 -1
0 5.545928 16.994190 30.587029 0.716987 0.001719 -1
0 5.545928 1.047673 30.587029 0.716987 0.119881 -1
0 5.545928 16.994190 28.253696 0.716987 0.001719 -1
0 5.545928 1.047673 28.253696 0.716987 0.119881 -1
0 -5.809001 16.994190 28.253696 0.610573 0.001719 -1
0 -5.809001 1.047673 28.253696 0.610573 0.119881 -1
5
0.000000 0.000000 1.000000
1.000000 0.000000 0.000000
-1.000000 0.000000 0.000000
0.000000 1.000000 0.000000
0.000000 -1.000000 0.000000
10
0 0 1 2 0 0 0 1
0 1 3 2 0 0 0 1
0 2 3 4 1 1 1 2
0 3 5 4 1 1 1 2
0 6 7 0 2 2 2 2
0 7 1 0 2 2 2 2
0 6 0 4 3 3 3 3
0 0 2 4 3 3 3 3
0 1 7 3 4 4 4 3
0 7 5 3 4 4 4 3
"cross" 0 1
77
0 0.362825 113.860397 15.387178 0.155475 0.124301 -1
0 1.356774 114.186241 15.387178 0.162961 0.122380 -1
0 1.223610 114.186241 15.865149 0.161958 0.122380 -1
0 0.859800 114.186241 16.215048 0.159218 0.122380 -1
0 0.362825 114.186241 16.343113 0.155475 0.122380 -1
0 -0.134149 114.186241 16.215048 0.151733 0.122380 -1
0 -0.497961 114.186241 15.865149 0.148993 0.122380 -1
0 -0.631124 114.186241 15.387178 0.147990 0.122380 -1
0 -0.497961 114.186241 14.909210 0.148993 0.122380 -1
0 -0.134149 114.186241 14.559315 0.151733 0.122380 -1
0 0.362825 114.186241 14.431243 0.155475 0.122380 -1
0 0.859800 114.186241 14.559315 0.159218 0.122380 -1
0 1.223610 114.186241 14.909210 0.161958 0.122380 -1
0 2.084396 115.076492 15.387178 0.168440 0.117133 -1
0 1.853749 115.076492 16.215048 0.166703 0.117133 -1
0 1.223610 115.076492 16.821085 0.161958 0.117133 -1
0 0.362825 115.076492 17.042906 0.155475 0.117133 -1
0 -0.497961 115.076492 16.821085 0.148993 0.117133 -1
0 -1.128099 115.076492 16.215048 0.144248 0.117133 -1
0 -1.358746 115.076492 15.387178 0.142511 0.117133 -1
0 -1.128099 115.076492 14.559315 0.144248 0.117133 -1
0 -0.497961 115.076492 13.953276 0.148993 0.117133 -1
0 0.362825 115.076492 13.731452 0.155475 0.117133 -1
0 1.223610 115.076492 13.953276 0.161958 0.117133 -1
0 1.853749 115.076492 14.559315 0.166703 0.117133 -1
0 2.350724 116.292595 15.387178 0.170446 0.109967 -1
0 2.084396 116.292595 16.343113 0.168440 0.109967 -1
0 1.356774 116.292595 17.042906 0.162961 0.109967 -1
0 0.362825 116.292595 17.299047 0.155475 0.109967 -1
0 -0.631124 116.292595 17.042906 0.147990 0.109967 -1
0 -1.358746 116.292595 16.343113 0.142511 0.109967 -1
0 -1.625074 116.292595 15.387178 0.140505 0.109967 -1
0 -1.358746 116.292595 14.431243 0.142511 0.109967 -1
0 -0.631124 116.292595 13.731452 0.147990 0.109967 -1
0 0.362825 116.292595 13.475307 0.155475 0.109967 -1
0 1.356774 116.292595 13.731452 0.162961 0.109967 -1
0 2.084396 116.292595 14.431243 0.168440 0.109967 -1
0 2.084396 117.508728 15.387178 0.168440 0.102800 -1
0 1.853749 117.508728 16.215048 0.166703 0.102800 -1
0 1.223610 117.508728 16.821085 0.161958 0.102800 -1
0 0.362825 117.508728 17.042906 0.155475 0.102800 -1
0 -0.497961 117.508728 16.821085 0.148993 0.102800 -1
0 -1.128099 117.508728 16.215048 0.144248 0.102800 -1
0 -1.358746 117.508728 15.387178 0.142511 0.102800 -1
0 -1.128099 117.508728 14.559315 0.144248 0.102800 -1
0 -0.497961 117.508728 13.953276 0.148993 0.102800 -1
0 0.362825 117.508728 13.731452 0.155475 0.102800 -1
0 1.223610 117.508728 13.953276 0.161958 0.102800 -1
0 1.853749 117.508728 14.559315 0.166703 0.102800 -1
0 1.356774 118.398941 15.387178 0.162961 0.097553 -1
0 1.223610 118.398941 15.865149 0.161958 0.097553 -1
0 0.859800 118.398941 16.215048 0.159218 0.097553 -1
0 0.362825 118.398941 16.343113 0.155475 0.097553 -1
0 -0.134149 118.398941 16.215048 0.151733 0.097553 -1
0 -0.497961 118.398941 15.865149 0.148993 0.097553 -1
0 -0.631124 118.398941 15.387178 0.147990 0.097553 -1
0 -0.497961 118.398941 14.909210 0.148993 0.097553 -1
0 -0.134149 118.398941 14.559315 0.151733 0.097553 -1
0 0.362825 118.398941 14.431243 0.155475 0.097553 -1
0 0.859800 118.398941 14.559315 0.159218 0.097553 -1
0 1.223610 118.398941 14.909210 0.161958 0.097553 -1
0 -0.339309 134.235382 16.045109 0.150187 0.004221 -1
0 -0.607559 116.274506 16.329987 0.148167 0.110073 -1
0 1.058770 134.235382 16.045109 0.160716 0.004221 -1
0 1.327021 116.274506 16.329987 0.162737 0.110073 -1
0 1.058770 134.235382 14.868574 0.160716 0.004221 -1
0 1.327021 116.274506 14.441264 0.162737 0.110073 -1
0 -0.339309 134.235382 14.868574 0.150187 0.004221 -1
0 -0.607559 116.274506 14.441264 0.148167 0.110073 -1
0 4.224669 130.210876 16.045109 0.184558 0.027940 -1
0 -3.511667 130.210876 16.045109 0.126298 0.027940 -1
0 4.224645 128.500305 16.045109 0.184558 0.038021 -1
0 -3.511672 128.500336 16.045109 0.126298 0.038021 -1
0 4.224645 128.500305 14.868574 0.184558 0.038021 -1
0 -3.511672 128.500336 14.868574 0.126298 0.038021 -1
0 4.224669 130.210876 14.868574 0.184558 0.027940 -1
0 -3.511667 130.210876 14.868574 0.126298 0.027940 -1
74
0.000000 -1.000000 -0.000000
0.641051 -0.767499 -0.000000
0.486147 -0.823964 0.291107
0.316619 -0.759214 0.568636
-0.000000 -0.817296 0.576218
-0.316619 -0.759214 0.568636
-0.486147 -0.823964 0.291108
-0.641051 -0.767498 -0.000000
-0.486147 -0.823964 -0.291110
-0.316621 -0.759213 -0.568636
-0.000000 -0.817296 -0.576218
0.316622 -0.759213 -0.568636
0.486147 -0.823964 -0.291109
0.899593 -0.436729 -0.000001
0.773497 -0.433517 0.462347
0.440301 -0.427280 0.789662
0.000000 -0.424252 0.905544
-0.440301 -0.427281 0.789662
-0.773497 -0.433517 0.462347
-0.899593 -0.436729 -0.000001
-0.773497 -0.433518 -0.462347
-0.440303 -0.427282 -0.789660
0.000000 -0.424254 -0.905543
0.440303 -0.427282 -0.789660
0.773497 -0.433518 -0.462347
1.000000 -0.000003 -0.000000
0.858529 -0.000003 0.512764
0.487277 -0.000003 0.873247
0.000000 -0.000003 1.000000
-0.487277 -0.000003 0.873247
-0.858529 -0.000003 0.512764
-1.000000 -0.000003 -0.000000
-0.858529 -0.000003 -0.512765
-0.487279 -0.000003 -0.873247
0.000000 -0.000003 -1.000000
0.487279 -0.000003 -0.873247
0.858529 -0.000003 -0.512765
0.899590 0.436736 -0.000001
0.773494 0.433525 0.462345
0.440300 0.427288 0.789659
0.000000 0.424260 0.905541
-0.440300 0.427288 0.789659
-0.773495 0.433524 0.462345
-0.899590 0.436736 -0.000001
-0.773494 0.433525 -0.462346
-0.440301 0.427289 -0.789657
0.000000 0.424261 -0.905540
0.440301 0.427289 -0.789657
0.773494 0.433525 -0.462346
0.774270 0.632855 -0.000001
0.667069 0.629062 0.399124
0.381193 0.621639 0.684293
-0.000000 0.618007 0.786173
-0.381192 0.621639 0.684293
-0.667069 0.629062 0.399125
-0.774271 0.632855 -0.000001
-0.667068 0.629061 -0.399127
-0.381195 0.621638 -0.684293
-0.000000 0.618006 -0.786173
0.381195 0.621638 -0.684293
0.667068 0.629061 -0.399127
0.000000 0.015859 0.999874
0.999888 0.014934 0.000000
0.999888 0.014934 0.000000
0.000000 0.023784 -0.999717
0.000000 0.023784 -0.999717
-0.999888 0.014934 0.000000
0.000000 1.000000 0.000000
0.000000 -1.000000 0.000000
0.000000 0.000000 1.000000
-0.000004 -1.000000 0.000000
0.000000 0.000000 -1.000000
1.000000 -0.000014 0.000000
-1.000000 0.000003 0.000000
132
0 0 1 2 0 1 2 1
0 0 2 3 0 2 3 1
0 0 3 4 0 3 4 1
0 0 4 5 0 4 5 1
0 0 5 6 0 5 6 1
0 0 6 7 0 6 7 1
0 0 7 8 0 7 8 1
0 0 8 9 0 8 9 1
0 0 9 10 0 9 10 1
0 0 10 11 0 10 11 1
0 0 11 12 0 11 12 1
0 0 12 1 0 12 1 1
0 1 13 14 1 13 14 1
0 1 14 2 1 14 2 1
0 2 14 3 2 14 3 1
0 14 15 3 14 15 3 1
0 3 15 16 3 15 16 1
0 3 16 4 3 16 4 1
0 4 16 5 4 16 5 1
0 16 17 5 16 17 5 1
0 5 17 18 5 17 18 1
0 5 18 6 5 18 6 1
0 6 18 7 6 18 7 1
0 18 19 7 18 19 7 1
0 7 19 20 7 19 20 1
0 7 20 8 7 20 8 1
0 8 20 9 8 20 9 1
0 20 21 9 20 21 9 1
0 9 21 22 9 21 22 1
0 9 22 10 9 22 10 1
0 10 22 11 10 22 11 1
0 22 23 11 22 23 11 1
0 11 23 24 11 23 24 1
0 11 24 12 11 24 12 1
0 12 24 1 12 24 1 1
0 24 13 1 24 13 1 1
0 13 25 14 13 25 14 1
0 25 26 14 25 26 14 1
0 14 26 27 14 26 27 1
0 14 27 15 14 27 15 1
0 15 27 16 15 27 16 1
0 27 28 16 27 28 16 1
0 16 28 29 16 28 29 1
0 16 29 17 16 29 17 1
0 17 29 18 17 29 18 1
0 29 30 18 29 30 18 1
0 18 30 31 18 30 31 1
0 18 31 19 18 31 19 1
0 19 31 20 19 31 20 1
0 31 32 20 31 32 20 1
0 20 32 33 20 32 33 1
0 20 33 21 20 33 21 1
0 21 33 22 21 33 22 1
0 33 34 22 33 34 22 1
0 22 34 35 22 34 35 1
0 22 35 23 22 35 23 1
0 23 35 24 23 35 24 1
0 35 36 24 35 36 24 1
0 24 36 25 24 36 25 1
0 24 25 13 24 25 13 1
0 25 37 38 25 37 38 1
0 25 38 26 25 38 26 1
0 26 38 27 26 38 27 1
0 38 39 27 38 39 27 1
0 27 39 40 27 39 40 1
0 27 40 28 27 40 28 1
0 28 40 29 28 40 29 1
0 40 41 29 40 41 29 1
0 29 41 42 29 41 42 1
0 29 42 30 29 42 30 1
0 30 42 31 30 42 31 1
0 42 43 31 42 43 31 1
0 31 43 44 31 43 44 1
0 31 44 32 31 44 32 1
0 32 44 33 32 44 33 1
0 44 45 33 44 45 33 1
0 33 45 46 33 45 46 1
0 33 46 34 33 46 34 1
0 34 46 35 34 46 35 1
0 46 47 35 46 47 35 1
0 35 47 48 35 47 48 1
0 35 48 36 35 48 36 1
0 36 48 25 36 48 25 1
0 48 37 25 48 37 25 1
0 37 49 38 37 49 38 1
0 49 50 38 49 50 38 1
0 38 50 51 38 50 51 1
0 38 51 39 38 51 39 1
0 39 51 40 39 51 40 1
0 51 52 40 51 52 40 1
0 40 52 53 40 52 53 1
0 40 53 41 40 53 41 1
0 41 53 42 41 53 42 1
0 53 54 42 53 54 42 1
0 42 54 55 42 54 55 1
0 42 55 43 42 55 43 1
0 43 55 44 43 55 44 1
0 55 56 44 55 56 44 1
0 44 56 57 44 56 57 1
0 44 57 45 44 57 45 1
0 45 57 46 45 57 46 1
0 57 58 46 57 58 46 1
0 46 58 59 46 58 59 1
0 46 59 47 46 59 47 1
0 47 59 48 47 59 48 1
0 59 60 48 59 60 48 1
0 48 60 49 48 60 49 1
0 48 49 37 48 49 37 1
0 61 62 63 61 61 61 1
0 62 64 63 61 61 61 1
0 63 64 65 62 62 62 2
0 64 66 65 62 63 62 2
0 65 66 67 64 64 64 1
0 66 68 67 64 65 64 1
0 67 68 61 66 66 66 2
0 68 62 61 66 66 66 2
0 67 61 65 67 67 67 3
0 61 63 65 67 67 67 3
0 62 68 64 68 68 68 3
0 68 66 64 68 68 68 3
0 69 70 71 69 69 69 1
0 70 72 71 69 69 69 1
0 71 72 73 70 70 70 2
0 72 74 73 70 70 70 2
0 73 74 75 71 71 71 1
0 74 76 75 71 71 71 1
0 75 76 69 67 67 67 2
0 76 70 69 67 67 67 2
0 75 69 73 72 72 72 3
0 69 71 73 72 72 72 3
0 70 76 72 73 73 73 3
0 76 74 72 73 73 73 3
"roof" 0 3
38
0 0.385236 116.314934 15.385106 0.031464 0.088735 -1
0 -6.936018 77.271568 23.301437 0.017190 0.107495 -1
0 7.103963 77.271332 23.302132 0.044563 0.107496 -1
0 0.364198 116.317734 15.407191 0.031423 0.088787 -1
0 7.149977 77.273750 7.396188 0.044652 0.069805 -1
0 -6.890033 77.272629 7.396706 0.017280 0.069807 -1
0 0.385685 116.301003 15.402657 0.031465 0.088778 -1
0 6.228509 77.270340 22.321579 0.042856 0.105173 -1
0 0.382715 116.314209 15.402657 0.031459 0.088778 -1
0 7.146991 77.270424 23.301788 0.044647 0.107495 -1
0 0.364990 116.314209 15.397544 0.031424 0.088766 -1
0 7.146991 77.275047 7.394780 0.044647 0.069802 -1
0 0.367960 116.301003 15.397544 0.031431 0.088766 -1
0 6.228601 77.272675 8.388233 0.042856 0.072156 -1
0 0.360740 116.314209 15.402657 0.031416 0.088778 -1
0 -6.126965 77.271294 22.321140 0.018768 0.105171 -1
0 0.357770 116.301003 15.402657 0.031410 0.088778 -1
0 -7.045436 77.271416 23.301350 0.016977 0.107494 -1
0 0.343015 116.314209 15.397544 0.031382 0.088766 -1
0 -7.045436 77.273300 7.396111 0.016977 0.069805 -1
0 0.340045 116.301003 15.397544 0.031376 0.088766 -1
0 -6.126870 77.270882 8.389567 0.018768 0.072159 -1
0 0.250235 59.523338 34.910267 0.031164 0.122779 -1
0 17.040010 33.282734 34.764805 0.056191 0.122525 -1
0 0.275082 64.048767 34.910267 0.031201 0.122779 -1
0 19.136683 34.644337 34.764805 0.059317 0.122525 -1
0 0.025082 64.056351 -33.944897 0.030828 0.002802 -1
0 19.136683 34.644337 -33.944897 0.059317 0.002802 -1
0 0.000235 59.530914 -33.944897 0.030791 0.002802 -1
0 17.040010 33.282734 -33.944897 0.056191 0.002802 -1
0 0.275631 64.048767 34.910267 0.031202 0.122779 -1
0 -17.040010 33.282734 34.764805 0.005390 0.122525 -1
0 0.250453 59.523338 34.910267 0.031164 0.122779 -1
0 -19.136683 34.644337 34.764805 0.002265 0.122525 -1
0 0.025631 64.056351 -33.944897 0.030829 0.002802 -1
0 -19.136683 34.644337 -33.944897 0.002265 0.002802 -1
0 0.000453 59.530914 -33.944897 0.030792 0.002802 -1
0 -17.040010 33.282734 -33.944897 0.005390 0.002802 -1
53
-0.000045 0.198722 0.980056
-0.000052 0.200983 -0.979595
-0.901481 -0.202751 -0.382392
-0.976918 -0.114297 0.180464
-0.729658 0.011912 0.683708
0.274221 -0.144830 -0.950698
0.798045 0.016677 -0.602367
0.985245 0.171150 0.000050
-0.947949 -0.213206 0.236508
-0.960707 -0.115113 -0.252568
-0.734268 0.011642 -0.678760
-0.271020 -0.209425 0.939515
-0.781716 -0.221784 0.582865
-0.988979 -0.148054 -0.000031
0.967955 -0.121942 0.219529
0.928287 -0.208779 -0.307724
0.729714 -0.000093 0.683753
-0.773546 0.263102 0.576545
-0.269022 0.239750 0.932817
-0.982560 0.185944 0.000022
0.950385 -0.121100 -0.286538
0.961834 -0.216357 0.167529
0.734240 0.000240 -0.678890
0.797597 -0.024219 -0.602704
0.274961 0.125596 -0.953217
0.986477 -0.163900 0.000012
0.008590 -0.000047 0.999963
0.005429 -0.001770 0.999984
0.002268 -0.003492 0.999991
0.841705 0.539930 -0.002997
0.840119 0.542400 -0.001498
0.838525 0.544864 0.000000
0.000000 0.000000 -1.000000
-0.838754 -0.544502 0.002985
-0.840549 -0.541733 0.001493
-0.842333 -0.538958 0.000000
-0.999978 0.005490 0.003631
-0.999978 0.005490 0.003631
-0.999978 0.005490 0.003631
0.544641 -0.838669 0.000000
-0.005366 -0.001708 0.999984
-0.008484 0.000047 0.999964
-0.002249 -0.003462 0.999992
-0.836208 0.548411 0.001545
-0.834542 0.550935 0.003091
-0.837864 0.545879 0.000000
0.836890 -0.547369 -0.001553
0.838744 -0.544517 -0.003105
0.835024 -0.550214 0.000000
0.999978 -0.005564 -0.003631
0.999978 -0.005564 -0.003631
0.999978 -0.005564 -0.003631
-0.544641 -0.838669 0.000000
42
0 0 1 2 0 0 0 1
0 3 4 5 1 1 1 1
0 6 7 8 2 3 3 1
0 7 9 8 3 4 3 1
0 8 9 10 5 6 6 2
0 9 11 10 6 7 6 2
0 10 11 12 8 9 9 1
0 11 13 12 9 10 9 1
0 12 13 6 11 12 12 2
0 13 7 6 12 13 12 2
0 14 15 16 14 14 15 1
0 14 17 15 14 16 14 1
0 18 17 14 17 17 18 2
0 18 19 17 17 19 17 2
0 20 19 18 20 20 21 1
0 20 21 19 20 22 20 1
0 16 21 20 23 23 24 2
0 16 15 21 23 25 23 2
0 22 23 24 26 27 27 1
0 23 25 24 27 28 27 1
0 24 25 26 29 30 30 2
0 25 27 26 30 31 30 2
0 26 27 28 32 32 32 1
0 27 29 28 32 32 32 1
0 28 29 22 33 34 34 2
0 29 23 22 34 35 34 2
0 28 22 26 36 37 37 3
0 22 24 26 37 38 37 3
0 23 29 25 39 39 39 3
0 29 27 25 39 39 39 3
0 30 31 32 40 40 41 1
0 30 33 31 40 42 40 1
0 34 33 30 43 43 44 2
0 34 35 33 43 45 43 2
0 36 35 34 32 32 32 1
0 36 37 35 32 32 32 1
0 32 37 36 46 46 47 2
0 32 31 37 46 48 46 2
0 34 32 36 49 49 50 3
0 34 30 32 49 51 49 3
0 33 37 31 52 52 52 3
0 33 35 37 52 52 52 3
"frame" 0 4
70
0 -5.003834 78.021980 22.190086 0.192698 0.002972 -1
0 -5.003834 55.627056 22.190086 0.192698 0.121455 -1
0 5.034479 78.021980 22.190086 0.244575 0.002972 -1
0 5.034479 55.627056 22.190086 0.244575 0.121455 -1
0 5.034479 78.021980 22.190086 0.249759 0.003136 -1
0 5.034479 55.627056 22.190086 0.249759 0.121565 -1
0 5.034479 78.021980 8.677128 0.188614 0.003136 -1
0 5.034479 55.627056 8.677128 0.188614 0.121565 -1
0 5.034479 78.021980 8.677128 0.244575 0.002972 -1
0 5.034479 55.627056 8.677128 0.244575 0.121455 -1
0 -5.003834 78.021980 8.677128 0.192698 0.002972 -1
0 -5.003834 55.627056 8.677128 0.192698 0.121455 -1
0 -5.003834 78.021980 8.677128 0.188614 0.003136 -1
0 -5.003834 55.627056 8.677128 0.188614 0.121565 -1
0 -5.003834 78.021980 22.190086 0.249759 0.003136 -1
0 -5.003834 55.627056 22.190086 0.249759 0.121565 -1
0 -5.003834 78.021980 8.677128 0.211532 0.110160 -1
0 -5.003834 78.021980 22.190086 0.226030 0.110160 -1
0 5.034479 78.021980 8.677128 0.211532 0.110160 -1
0 5.034479 78.021980 22.190086 0.226030 0.110160 -1
0 -5.003834 55.627056 22.190086 0.239702 0.023740 -1
0 -5.003834 55.627056 8.677128 0.225204 0.023740 -1
0 5.034479 55.627056 22.190086 0.239702 0.023740 -1
0 5.034479 55.627056 8.677128 0.225204 0.023740 -1
0 0.367960 116.301003 15.397544 0.219719 0.075339 -1
0 0.385685 116.301003 15.402657 0.219725 0.075339 -1
0 0.364990 116.314209 15.397544 0.219719 0.075314 -1
0 0.382715 116.314209 15.402657 0.219725 0.075314 -1
0 6.228509 77.270340 22.321579 0.226171 0.111553 -1
0 6.228601 77.272675 8.388233 0.211223 0.111548 -1
0 7.146991 77.270424 23.301788 0.227223 0.111553 -1
0 7.146991 77.275047 7.394780 0.210156 0.111544 -1
0 0.343015 116.314209 15.397544 0.219719 0.075314 -1
0 0.357770 116.301003 15.402657 0.219725 0.075339 -1
0 0.340045 116.301003 15.397544 0.219719 0.075339 -1
0 0.360740 116.314209 15.402657 0.219725 0.075314 -1
0 -7.045436 77.271416 23.301350 0.227222 0.111550 -1
0 -6.126870 77.270882 8.389567 0.211224 0.111552 -1
0 -6.126965 77.271294 22.321140 0.226171 0.111551 -1
0 -7.045436 77.273300 7.396111 0.210158 0.111547 -1
0 -15.984878 34.638962 29.996628 0.190464 0.001780 -1
0 -15.211957 0.222622 30.006729 0.191874 0.123785 -1
0 16.064611 34.630890 29.996628 0.248971 0.001807 -1
0 15.288040 0.222622 30.006729 0.247553 0.123785 -1
0 16.064611 34.630890 29.996628 0.249685 0.001401 -1
0 15.288040 0.222622 30.006729 0.249696 0.124110 -1
0 16.058422 34.639282 -30.493275 0.189893 0.001372 -1
0 15.288040 0.222622 -30.493271 0.189893 0.124110 -1
0 16.058422 34.639282 -30.493275 0.248960 0.001779 -1
0 15.288040 0.222622 -30.493271 0.247553 0.123785 -1
0 -15.985952 34.639282 -30.493275 0.190462 0.001779 -1
0 -15.211957 0.222622 -30.493271 0.191874 0.123785 -1
0 -15.985952 34.639282 -30.493275 0.189893 0.001372 -1
0 -15.211957 0.222622 -30.493271 0.189893 0.124110 -1
0 -15.984878 34.638962 29.996628 0.249685 0.001373 -1
0 -15.211957 0.222622 30.006729 0.249696 0.124110 -1
0 -15.985952 34.639282 -30.493275 0.196216 0.055743 -1
0 -15.984878 34.638962 29.996628 0.243938 0.055744 -1
0 16.058422 34.639282 -30.493275 0.196216 0.055743 -1
0 16.064611 34.630890 29.996628 0.243938 0.055758 -1
0 -15.211957 0.222622 30.006729 0.243946 0.120622 -1
0 -15.211957 0.222622 -30.493271 0.196216 0.120622 -1
0 15.288040 0.222622 30.006729 0.243946 0.120622 -1
0 15.288040 0.222622 -30.493271 0.196216 0.120622 -1
0 0.024496 62.922813 30.049999 0.218722 0.011936 -1
0 -15.986151 34.639271 29.996628 0.193824 0.122175 -1
0 16.167397 34.631191 29.997042 0.243826 0.122206 -1
0 0.023275 63.234688 -30.494179 0.218721 0.010720 -1
0 16.166580 34.628796 -30.492180 0.243825 0.122215 -1
0 -15.986500 34.638939 -30.491121 0.193823 0.122176 -1
34
0.000000 0.000000 1.000000
1.000000 0.000000 0.000000
0.000000 0.000000 -1.000000
-1.000000 0.000000 0.000000
0.000000 1.000000 0.000000
0.000000 -1.000000 0.000000
-0.276607 -0.062206 0.958968
-0.276607 -0.062206 0.958968
-0.276607 -0.062206 0.958968
0.000270 -1.000000 -0.000168
0.001270 -0.999999 -0.000229
0.002269 -0.999997 -0.000291
0.276607 -0.062206 -0.958968
0.276607 -0.062206 -0.958968
0.276607 -0.062206 -0.958968
-0.001303 -0.999999 -0.000044
-0.000101 -1.000000 0.000030
-0.002505 -0.999997 -0.000118
0.000000 0.000294 1.000000
0.000000 0.000294 1.000000
0.000000 0.000294 1.000000
0.999745 -0.022564 -0.000105
0.999748 -0.022471 -0.000053
0.999750 -0.022378 0.000000
0.000000 -0.000000 -1.000000
0.000000 -0.000000 -1.000000
-0.999747 -0.022483 0.000018
-0.999748 -0.022468 0.000009
-0.999748 -0.022452 0.000000
0.000000 1.000000 0.000005
0.000126 1.000000 0.000072
0.000252 1.000000 0.000139
-0.000013 -0.001879 0.999998
-0.000033 -0.000088 -1.000000
34
0 0 1 2 0 0 0 1
0 1 3 2 0 0 0 1
0 4 5 6 1 1 1 2
0 5 7 6 1 1 1 2
0 8 9 10 2 2 2 1
0 9 11 10 2 2 2 1
0 12 13 14 3 3 3 2
0 13 15 14 3 3 3 2
0 16 17 18 4 4 4 3
0 17 19 18 4 4 4 3
0 20 21 22 5 5 5 3
0 21 23 22 5 5 5 3
0 24 25 26 6 7 7 3
0 25 27 26 7 8 7 3
0 28 29 30 9 10 10 3
0 29 31 30 10 11 10 3
0 32 33 34 12 12 13 3
0 32 35 33 12 14 12 3
0 36 37 38 15 15 16 3
0 36 39 37 15 17 15 3
0 40 41 42 18 19 19 1
0 41 43 42 19 20 19 1
0 44 45 46 21 22 22 2
0 45 47 46 22 23 22 2
0 48 49 50 24 25 25 1
0 49 51 50 25 25 25 1
0 52 53 54 26 27 27 2
0 53 55 54 27 28 27 2
0 56 57 58 29 30 30 3
0 57 59 58 30 31 30 3
0 60 61 62 5 5 5 3
0 61 63 62 5 5 5 3
0 64 65 66 32 32 32 1
0 67 68 69 33 33 33 1
"glass" 0 2
234
0 -2.035273 76.302872 22.737614 0.902591 0.281277 -1
0 -2.035273 69.778938 22.737614 0.902591 0.342787 -1
0 2.115281 76.302872 22.737614 0.945453 0.281277 -1
0 2.115281 69.778938 22.737614 0.945453 0.342787 -1
0 2.115281 76.302872 22.737614 0.925336 0.281241 -1
0 2.115281 69.778938 22.737614 0.925336 0.341902 -1
0 2.115281 76.302872 21.371994 0.903271 0.281241 -1
0 2.115281 69.778938 21.371994 0.903271 0.341902 -1
0 -2.035273 76.302872 21.371994 0.903271 0.281241 -1
0 -2.035273 69.778938 21.371994 0.903271 0.341902 -1
0 -2.035273 76.302872 22.737614 0.925336 0.281241 -1
0 -2.035273 69.778938 22.737614 0.925336 0.341902 -1
0 -2.035273 76.302872 21.371994 0.963204 0.259531 -1
0 -2.035273 76.302872 22.737614 0.965845 0.259531 -1
0 2.115281 76.302872 21.371994 0.963204 0.259531 -1
0 2.115281 76.302872 22.737614 0.965845 0.259531 -1
0 -2.035273 69.778938 22.737614 0.942408 0.378483 -1
0 -2.035273 69.778938 21.371994 0.939767 0.378483 -1
0 2.115281 69.778938 22.737614 0.942408 0.378483 -1
0 2.115281 69.778938 21.371994 0.939767 0.378483 -1
0 2.115281 76.302872 8.170629 0.945453 0.281277 -1
0 -2.035273 69.778938 8.170629 0.902591 0.342787 -1
0 -2.035273 76.302872 8.170629 0.902591 0.281277 -1
0 2.115281 69.778938 8.170629 0.945453 0.342787 -1
0 2.115281 76.302872 9.536253 0.925039 0.281355 -1
0 2.115281 69.778938 8.170629 0.903872 0.341922 -1
0 2.115281 76.302872 8.170629 0.903872 0.281355 -1
0 2.115281 69.778938 9.536253 0.925039 0.341922 -1
0 -2.035273 76.302872 8.170629 0.903872 0.281355 -1
0 -2.035273 69.778938 9.536253 0.925039 0.341922 -1
0 -2.035273 76.302872 9.536253 0.925039 0.281355 -1
0 -2.035273 69.778938 8.170629 0.903872 0.341922 -1
0 2.115281 76.302872 9.536253 0.940310 0.259531 -1
0 -2.035273 76.302872 8.170629 0.937668 0.259531 -1
0 -2.035273 76.302872 9.536253 0.940310 0.259531 -1
0 2.115281 76.302872 8.170629 0.937668 0.259531 -1
0 2.115281 69.778938 8.170629 0.914230 0.378483 -1
0 -2.035273 69.778938 9.536253 0.916873 0.378483 -1
0 -2.035273 69.778938 8.170629 0.914230 0.378483 -1
0 2.115281 69.778938 9.536253 0.916873 0.378483 -1
0 -5.589731 76.374832 13.463782 0.954146 0.281157 -1
0 -5.589731 69.850914 13.463782 0.954146 0.343787 -1
0 -5.589738 76.374832 17.455603 0.996627 0.281157 -1
0 -5.589738 69.850914 17.455603 0.996627 0.343787 -1
0 -5.589738 76.374832 17.455603 0.956949 0.281063 -1
0 -5.589738 69.850914 17.455603 0.956949 0.344479 -1
0 -4.169811 76.374832 17.455595 0.975573 0.281063 -1
0 -4.169811 69.850914 17.455595 0.975573 0.344479 -1
0 -4.169811 76.374832 13.463782 0.975573 0.281063 -1
0 -4.169811 69.850914 13.463782 0.975573 0.344479 -1
0 -5.589731 76.374832 13.463782 0.956949 0.281063 -1
0 -5.589731 69.850914 13.463782 0.956949 0.344479 -1
0 -4.169811 76.374832 13.463782 0.947907 0.259232 -1
0 -5.589731 76.374832 13.463782 0.947907 0.259232 -1
0 -4.169811 76.374832 17.455595 0.955628 0.259232 -1
0 -5.589738 76.374832 17.455603 0.955628 0.259232 -1
0 -5.589731 69.850914 13.463782 0.924469 0.378183 -1
0 -4.169811 69.850914 13.463782 0.924469 0.378183 -1
0 -5.589738 69.850914 17.455603 0.932190 0.378183 -1
0 -4.169811 69.850914 17.455595 0.932190 0.378183 -1
0 5.569108 76.302872 17.455595 0.996808 0.281255 -1
0 5.569108 69.778938 13.463782 0.954311 0.344133 -1
0 5.569108 76.302872 13.463782 0.954311 0.281255 -1
0 5.569108 69.778938 17.455595 0.996808 0.344133 -1
0 4.149181 76.302872 17.455603 0.956983 0.281216 -1
0 5.569108 69.778938 17.455595 0.975455 0.344409 -1
0 5.569108 76.302872 17.455595 0.975455 0.281216 -1
0 4.149181 69.778938 17.455603 0.956983 0.344409 -1
0 5.569108 76.302872 13.463782 0.975455 0.281216 -1
0 4.149179 69.778938 13.463782 0.956983 0.344409 -1
0 4.149179 76.302872 13.463782 0.956983 0.281216 -1
0 5.569108 69.778938 13.463782 0.975455 0.344409 -1
0 4.149181 76.302872 17.455603 0.955628 0.259531 -1
0 5.569108 76.302872 13.463782 0.947907 0.259531 -1
0 4.149179 76.302872 13.463782 0.947907 0.259531 -1
0 5.569108 76.302872 17.455595 0.955628 0.259531 -1
0 5.569108 69.778938 17.455595 0.932190 0.378483 -1
0 4.149179 69.778938 13.463782 0.924469 0.378483 -1
0 5.569108 69.778938 13.463782 0.924469 0.378483 -1
0 4.149181 69.778938 17.455603 0.932190 0.378483 -1
0 -14.450401 27.382828 2.980110 0.947016 0.339496 -1
0 -14.450401 9.982837 2.980110 0.998680 0.339612 -1
0 -16.783726 27.382828 2.980110 0.946948 0.344185 -1
0 -16.783726 9.982837 2.980110 0.998664 0.344300 -1
0 -16.783726 27.382828 2.980110 0.951357 0.256833 -1
0 -16.783726 9.982837 2.980110 0.951357 0.379084 -1
0 -16.783730 27.382828 9.698129 0.999074 0.256833 -1
0 -16.783730 9.982837 9.698129 0.999074 0.379084 -1
0 -16.783730 27.382828 9.698129 0.946948 0.344185 -1
0 -16.783730 9.982837 9.698129 0.998664 0.344300 -1
0 -14.450401 27.382828 9.698127 0.947016 0.339496 -1
0 -14.450401 9.982837 9.698127 0.998680 0.339612 -1
0 -16.783730 27.382828 9.698129 0.922797 0.376659 -1
0 -14.450401 27.382828 9.698127 0.922797 0.376659 -1
0 -16.783726 27.382828 2.980110 0.917583 0.376659 -1
0 -14.450401 27.382828 2.980110 0.917583 0.376659 -1
0 -14.450401 9.982837 9.698127 0.961586 0.548427 -1
0 -16.783730 9.982837 9.698129 0.961586 0.548427 -1
0 -14.450401 9.982837 2.980110 0.946088 0.548427 -1
0 -16.783726 9.982837 2.980110 0.946088 0.548427 -1
0 16.672615 27.341135 2.992067 0.947207 0.339478 -1
0 14.339288 10.024530 2.992065 0.998995 0.344303 -1
0 14.339288 27.341135 2.992065 0.947139 0.344187 -1
0 16.672615 10.024530 2.992067 0.999013 0.339594 -1
0 16.672619 27.341135 9.720041 0.999210 0.256437 -1
0 16.672615 10.024530 2.992067 0.951259 0.379037 -1
0 16.672615 27.341135 2.992067 0.951259 0.256437 -1
0 16.672619 10.024530 9.720041 0.999210 0.379037 -1
0 14.339288 27.341135 9.720039 0.947139 0.344187 -1
0 16.672619 10.024530 9.720041 0.999013 0.339594 -1
0 16.672619 27.341135 9.720041 0.947207 0.339478 -1
0 14.339288 10.024530 9.720039 0.998995 0.344303 -1
0 16.672615 27.341135 2.992067 0.917592 0.376760 -1
0 14.339288 27.341135 9.720039 0.922815 0.376760 -1
0 16.672619 27.341135 9.720041 0.922815 0.376760 -1
0 14.339288 27.341135 2.992065 0.917592 0.376760 -1
0 14.339288 10.024530 2.992065 0.946115 0.548346 -1
0 16.672619 10.024530 9.720041 0.961637 0.548346 -1
0 14.339288 10.024530 9.720039 0.961637 0.548346 -1
0 16.672615 10.024530 2.992067 0.946115 0.548346 -1
0 -14.314770 27.382828 -8.666601 0.947020 0.339483 -1
0 -14.314770 9.982837 -8.666601 0.998734 0.339599 -1
0 -16.648090 27.382828 -8.666599 0.946943 0.344181 -1
0 -16.648090 9.982837 -8.666599 0.998608 0.344297 -1
0 -16.648090 27.382828 -8.666599 0.951637 0.256833 -1
0 -16.648090 9.982837 -8.666599 0.951637 0.379084 -1
0 -16.648094 27.382828 -1.948582 0.999354 0.256833 -1
0 -16.648094 9.982837 -1.948582 0.999354 0.379084 -1
0 -16.648094 27.382828 -1.948582 0.946943 0.344181 -1
0 -16.648094 9.982837 -1.948582 0.998608 0.344297 -1
0 -14.314770 27.382828 -1.948582 0.947020 0.339483 -1
0 -14.314770 9.982837 -1.948582 0.998734 0.339599 -1
0 -16.648094 27.382828 -1.948582 0.913757 0.376659 -1
0 -14.314770 27.382828 -1.948582 0.913757 0.376659 -1
0 -16.648090 27.382828 -8.666599 0.908542 0.376659 -1
0 -14.314770 27.382828 -8.666601 0.908542 0.376659 -1
0 -14.314770 9.982837 -1.948582 0.934717 0.548427 -1
0 -16.648094 9.982837 -1.948582 0.934717 0.548427 -1
0 -14.314770 9.982837 -8.666601 0.919218 0.548427 -1
0 -16.648090 9.982837 -8.666599 0.919218 0.548427 -1
0 16.808250 27.341135 -8.671902 0.947211 0.339466 -1
0 14.474919 10.024530 -8.671904 0.998942 0.344299 -1
0 14.474919 27.341135 -8.671904 0.947134 0.344182 -1
0 16.808250 10.024530 -8.671902 0.999068 0.339582 -1
0 16.808254 27.341135 -1.943930 0.998999 0.256437 -1
0 16.808250 10.024530 -8.671902 0.951237 0.379037 -1
0 16.808250 27.341135 -8.671902 0.951237 0.256437 -1
0 16.808254 10.024530 -1.943930 0.998999 0.379037 -1
0 14.474919 27.341135 -1.943930 0.947134 0.344182 -1
0 16.808254 10.024530 -1.943930 0.999068 0.339582 -1
0 16.808254 27.341135 -1.943930 0.947211 0.339466 -1
0 14.474919 10.024530 -1.943930 0.998942 0.344299 -1
0 16.808250 27.341135 -8.671902 0.908538 0.376760 -1
0 14.474919 27.341135 -1.943930 0.913760 0.376760 -1
0 16.808254 27.341135 -1.943930 0.913760 0.376760 -1
0 14.474919 27.341135 -8.671904 0.908538 0.376760 -1
0 14.474919 10.024530 -8.671904 0.919207 0.548346 -1
0 16.808254 10.024530 -1.943930 0.934727 0.548346 -1
0 14.474919 10.024530 -1.943930 0.934727 0.548346 -1
0 16.808250 10.024530 -8.671902 0.919207 0.548346 -1
0 -14.383736 27.382828 -19.654434 0.947021 0.339494 -1
0 -14.383736 9.982837 -19.654434 0.998672 0.339610 -1
0 -16.717056 27.382828 -19.654427 0.946949 0.344173 -1
0 -16.717056 9.982837 -19.654427 0.998601 0.344289 -1
0 -16.717056 27.382828 -19.654427 0.951225 0.256833 -1
0 -16.717056 9.982837 -19.654427 0.951225 0.379084 -1
0 -16.717060 27.382828 -12.936411 0.998944 0.256833 -1
0 -16.717060 9.982837 -12.936411 0.998944 0.379084 -1
0 -16.717060 27.382828 -12.936411 0.946949 0.344173 -1
0 -16.717060 9.982837 -12.936411 0.998601 0.344289 -1
0 -14.383736 27.382828 -12.936411 0.947021 0.339494 -1
0 -14.383736 9.982837 -12.936411 0.998672 0.339610 -1
0 -16.717060 27.382828 -12.936411 0.905228 0.376659 -1
0 -14.383736 27.382828 -12.936411 0.905228 0.376659 -1
0 -16.717056 27.382828 -19.654427 0.900012 0.376659 -1
0 -14.383736 27.382828 -19.654434 0.900012 0.376659 -1
0 -14.383736 9.982837 -12.936411 0.909369 0.548427 -1
0 -16.717060 9.982837 -12.936411 0.909369 0.548427 -1
0 -14.383736 9.982837 -19.654434 0.893870 0.548427 -1
0 -16.717056 9.982837 -19.654427 0.893870 0.548427 -1
0 16.739285 27.341135 -19.676012 0.947211 0.339476 -1
0 14.405953 10.024530 -19.676020 0.998935 0.344290 -1
0 14.405953 27.341135 -19.676020 0.947140 0.344174 -1
0 16.739285 10.024530 -19.676012 0.999005 0.339592 -1
0 16.739288 27.341135 -12.948044 0.998852 0.256438 -1
0 16.739285 10.024530 -19.676012 0.951621 0.379037 -1
0 16.739285 27.341135 -19.676012 0.951621 0.256438 -1
0 16.739288 10.024530 -12.948044 0.998852 0.379037 -1
0 14.405953 27.341135 -12.948044 0.947140 0.344174 -1
0 16.739288 10.024530 -12.948044 0.999005 0.339592 -1
0 16.739288 27.341135 -12.948044 0.947211 0.339476 -1
0 14.405953 10.024530 -12.948044 0.998935 0.344290 -1
0 16.739285 27.341135 -19.676012 0.899995 0.376760 -1
0 14.405953 27.341135 -12.948044 0.905218 0.376760 -1
0 16.739288 27.341135 -12.948044 0.905218 0.376760 -1
0 14.405953 27.341135 -19.676020 0.899995 0.376760 -1
0 14.405953 10.024530 -19.676020 0.893820 0.548346 -1
0 16.739288 10.024530 -12.948044 0.909341 0.548346 -1
0 14.405953 10.024530 -12.948044 0.909341 0.548346 -1
0 16.739285 10.024530 -19.676012 0.893820 0.548346 -1
0 -5.339235 29.064625 -31.582657 0.924673 0.279336 -1
0 -8.910381 10.009695 -29.249332 0.938334 0.317261 -1
0 -8.910381 35.464626 -29.249332 0.938334 0.266598 -1
0 -5.339235 11.551052 -31.582657 0.924673 0.314193 -1
0 5.155674 29.064625 -31.582657 0.902674 0.372222 -1
0 -5.339235 11.551052 -31.582657 0.945958 0.274855 -1
0 -5.339235 29.064625 -31.582657 0.946335 0.372154 -1
0 5.155674 11.551052 -31.582657 0.902297 0.274925 -1
0 8.726814 35.464626 -29.249325 0.938334 0.266598 -1
0 5.155674 11.551052 -31.582657 0.924673 0.314193 -1
0 5.155674 29.064625 -31.582657 0.924673 0.279336 -1
0 8.726814 10.009695 -29.249325 0.938334 0.317261 -1
0 -5.339235 29.064625 -31.582657 0.939759 0.318234 -1
0 8.726814 35.464626 -29.249325 0.927128 0.306613 -1
0 5.155674 29.064625 -31.582657 0.930335 0.318234 -1
0 -8.910381 35.464626 -29.249332 0.942965 0.306613 -1
0 -8.910381 10.009695 -29.249332 0.920507 0.353430 -1
0 8.726814 10.009695 -29.249325 0.907433 0.353300 -1
0 -2.089080 50.410839 31.049026 0.916540 0.259464 -1
0 -6.031578 40.412235 31.069443 0.901413 0.295041 -1
0 2.089081 50.410839 31.049026 0.933607 0.259464 -1
0 6.031575 40.412235 31.069443 0.948736 0.295041 -1
0 2.089081 50.410839 31.049026 0.987910 0.279926 -1
0 6.031575 40.412235 31.069443 0.988040 0.331782 -1
0 2.067854 53.272743 29.159786 0.975865 0.265083 -1
0 8.043833 39.073776 29.157423 0.975849 0.338724 -1
0 -2.067854 53.272743 29.159786 0.975865 0.265083 -1
0 -8.043835 39.073776 29.157423 0.975849 0.338724 -1
0 -2.089080 50.410839 31.049026 0.987910 0.279926 -1
0 -6.031578 40.412235 31.069443 0.988040 0.331782 -1
0 -2.067854 53.272743 29.159786 0.916627 0.278334 -1
0 2.067854 53.272743 29.159786 0.933521 0.278334 -1
0 -8.043835 39.073776 29.157423 0.899882 0.278062 -1
0 8.043833 39.073776 29.157423 0.947752 0.278062 -1
43
0.000000 0.000000 1.000000
1.000000 0.000000 0.000000
-1.000000 0.000000 0.000000
0.000000 1.000000 0.000000
0.000000 -1.000000 0.000000
0.000000 0.000000 -1.000000
-1.000000 0.000000 -0.000002
0.000005 0.000000 1.000000
0.000005 0.000000 1.000000
-1.000000 0.000000 -0.000001
0.000001 0.000000 1.000000
0.000001 0.000000 -1.000000
1.000000 0.000000 -0.000001
-0.000001 0.000000 1.000000
-0.000001 0.000000 -1.000000
-1.000000 0.000000 -0.000001
0.000001 0.000000 -1.000000
1.000000 0.000000 -0.000001
-0.000003 0.000000 -1.000000
-1.000000 0.000000 -0.000001
0.000003 0.000000 -1.000000
1.000000 0.000000 -0.000001
-0.546977 0.000000 -0.837147
0.546979 0.000000 -0.837146
0.546979 0.000000 -0.837146
0.000000 0.342528 -0.939508
0.000000 0.342528 -0.939507
0.000000 0.342528 -0.939508
0.000000 -0.834386 -0.551181
0.000000 -0.834386 -0.551181
0.000000 -0.834385 -0.551182
0.000000 0.002042 0.999998
0.000000 0.002042 0.999998
0.815942 0.322709 0.479686
0.786993 0.320811 0.526994
0.755621 0.317926 0.572678
-0.798308 0.335904 0.499873
-0.777303 0.317670 0.543034
-0.754248 0.298598 0.584764
0.000000 0.550920 0.834558
0.000000 0.550920 0.834558
0.000000 -0.819223 0.573475
0.000000 -0.819223 0.573475
120
0 0 1 2 0 0 0 1
0 1 3 2 0 0 0 1
0 4 5 6 1 1 1 2
0 5 7 6 1 1 1 2
0 8 9 10 2 2 2 2
0 9 11 10 2 2 2 2
0 12 13 14 3 3 3 3
0 13 15 14 3 3 3 3
0 16 17 18 4 4 4 3
0 17 19 18 4 4 4 3
0 20 21 22 5 5 5 1
0 20 23 21 5 5 5 1
0 24 25 26 1 1 1 2
0 24 27 25 1 1 1 2
0 28 29 30 2 2 2 2
0 28 31 29 2 2 2 2
0 32 33 34 3 3 3 3
0 32 35 33 3 3 3 3
0 36 37 38 4 4 4 3
0 36 39 37 4 4 4 3
0 40 41 42 6 6 6 1
0 41 43 42 6 6 6 1
0 44 45 46 7 7 7 2
0 45 47 46 7 7 7 2
0 48 49 50 5 5 5 2
0 49 51 50 5 5 5 2
0 52 53 54 3 3 3 3
0 53 55 54 3 3 3 3
0 56 57 58 4 4 4 3
0 57 59 58 4 4 4 3
0 60 61 62 1 1 1 1
0 60 63 61 1 1 1 1
0 64 65 66 8 8 8 2
0 64 67 65 8 8 8 2
0 68 69 70 5 5 5 2
0 68 71 69 5 5 5 2
0 72 73 74 3 3 3 3
0 72 75 73 3 3 3 3
0 76 77 78 4 4 4 3
0 76 79 77 4 4 4 3
0 80 81 82 5 5 5 2
0 81 83 82 5 5 5 2
0 84 85 86 9 9 9 1
0 85 87 86 9 9 9 1
0 88 89 90 10 10 10 2
0 89 91 90 10 10 10 2
0 92 93 94 3 3 3 3
0 93 95 94 3 3 3 3
0 96 97 98 4 4 4 3
0 97 99 98 4 4 4 3
0 100 101 102 11 11 11 2
0 100 103 101 11 11 11 2
0 104 105 106 12 12 12 1
0 104 107 105 12 12 12 1
0 108 109 110 13 13 13 2
0 108 111 109 13 13 13 2
0 112 113 114 3 3 3 3
0 112 115 113 3 3 3 3
0 116 117 118 4 4 4 3
0 116 119 117 4 4 4 3
0 120 121 122 14 14 14 2
0 121 123 122 14 14 14 2
0 124 125 126 15 15 15 1
0 125 127 126 15 15 15 1
0 128 129 130 0 0 0 2
0 129 131 130 0 0 0 2
0 132 133 134 3 3 3 3
0 133 135 134 3 3 3 3
0 136 137 138 4 4 4 3
0 137 139 138 4 4 4 3
0 140 141 142 16 16 16 2
0 140 143 141 16 16 16 2
0 144 145 146 17 17 17 1
0 144 147 145 17 17 17 1
0 148 149 150 0 0 0 2
0 148 151 149 0 0 0 2
0 152 153 154 3 3 3 3
0 152 155 153 3 3 3 3
0 156 157 158 4 4 4 3
0 156 159 157 4 4 4 3
0 160 161 162 18 18 18 2
0 161 163 162 18 18 18 2
0 164 165 166 19 19 19 1
0 165 167 166 19 19 19 1
0 168 169 170 0 0 0 2
0 169 171 170 0 0 0 2
0 172 173 174 3 3 3 3
0 173 175 174 3 3 3 3
0 176 177 178 4 4 4 3
0 177 179 178 4 4 4 3
0 180 181 182 20 20 20 2
0 180 183 181 20 20 20 2
0 184 185 186 21 21 21 1
0 184 187 185 21 21 21 1
0 188 189 190 0 0 0 2
0 188 191 189 0 0 0 2
0 192 193 194 3 3 3 3
0 192 195 193 3 3 3 3
0 196 197 198 4 4 4 3
0 196 199 197 4 4 4 3
0 200 201 202 22 22 22 2
0 200 203 201 22 22 22 2
0 204 205 206 5 5 5 1
0 204 207 205 5 5 5 1
0 208 209 210 23 23 24 2
0 208 211 209 23 23 23 2
0 212 213 214 25 25 26 3
0 212 215 213 25 27 25 3
0 216 207 217 28 28 29 3
0 216 205 207 28 30 28 3
0 218 219 220 31 31 31 1
0 219 221 220 31 32 31 1
0 222 223 224 33 34 34 2
0 223 225 224 34 35 34 2
0 226 227 228 36 37 37 2
0 227 229 228 37 38 37 2
0 230 218 231 39 39 39 3
0 218 220 231 39 40 39 3
0 219 232 221 41 42 42 3
0 232 233 221 42 42 42 3

Materials: 5
"door"
0.200000 0.200000 0.200000 1.000000
0.800000 0.800000 0.800000 1.000000
0.000000 0.000000 0.000000 1.000000
0.000000 0.000000 0.000000 1.000000
0.000000
1.000000
".\builds1.bmp"
""
"gold"
0.200000 0.200000 0.200000 1.000000
0.800000 0.800000 0.800000 1.000000
0.000000 0.000000 0.000000 1.000000
0.000000 0.000000 0.000000 1.000000
0.000000
1.000000
".\builds2.bmp"
""
"stain"
0.200000 0.200000 0.200000 1.000000
0.800000 0.800000 0.800000 1.000000
0.000000 0.000000 0.000000 1.000000
0.000000 0.000000 0.000000 1.000000
0.000000
1.000000
".\builds1.bmp"
""
"black"
0.200000 0.200000 0.200000 1.000000
0.800000 0.800000 0.800000 1.000000
0.000000 0.000000 0.000000 1.000000
0.000000 0.000000 0.000000 1.000000
0.000000
1.000000
".\builds2.bmp"
""
"frame"
0.200000 0.200000 0.200000 1.000000
0.800000 0.800000 0.800000 1.000000
0.000000 0.000000 0.000000 1.000000
0.000000 0.000000 0.000000 1.000000
0.000000
1.000000
".\builds2.bmp"
""

Bones: 0
GroupComments: 0
MaterialComments: 0
BoneComments: 0
ModelComment: 0
