// MilkShape 3D ASCII

Frames: 30
Frame: 1

Meshes: 1
"Cylinder02" 0 0
38
1 11.000000 -18.875000 0.000000 1.000000 0.979443 -1
1 9.526279 -18.875000 5.500000 0.933013 0.979443 -1
1 0.000000 -18.875000 0.000000 0.500000 0.979443 -1
1 3.057989 18.875000 0.000000 0.639000 0.016400 -1
1 -0.000000 18.875000 0.000000 0.500000 0.016400 -1
1 2.648296 18.875000 1.530244 0.620377 0.016400 -1
1 9.900000 -4.125000 0.000000 0.950000 0.603154 -1
1 8.573651 -4.125000 4.950000 0.889711 0.603154 -1
1 5.500000 -18.875000 9.526279 0.750000 0.979443 -1
1 1.528994 18.875000 2.650460 0.569500 0.016400 -1
1 4.950000 -4.125000 8.573651 0.725000 0.603154 -1
1 0.000000 -18.875000 11.000000 0.500000 0.979443 -1
1 0.000000 18.875000 3.060487 0.500000 0.016400 -1
1 0.000000 -4.125000 9.900000 0.500000 0.603154 -1
1 -5.500000 -18.875000 9.526279 0.250000 0.979443 -1
1 -1.528994 18.875000 2.650460 0.430500 0.016400 -1
1 -4.950000 -4.125000 8.573651 0.275000 0.603154 -1
1 -9.526279 -18.875000 5.500000 0.066987 0.979443 -1
1 -2.648296 18.875000 1.530244 0.379623 0.016400 -1
1 -8.573651 -4.125000 4.950000 0.110289 0.603154 -1
1 -11.000000 -18.875000 0.000000 0.000000 0.979443 -1
1 -3.057989 18.875000 0.000000 0.361001 0.016400 -1
1 -9.900000 -4.125000 0.000000 0.050000 0.603154 -1
1 -9.526279 -18.875000 -5.500000 0.066987 0.979443 -1
1 -2.648296 18.875000 -1.530244 0.379623 0.016400 -1
1 -8.573651 -4.125000 -4.950000 0.110289 0.603154 -1
1 -5.500000 -18.875000 -9.526279 0.250000 0.979443 -1
1 -1.528994 18.875000 -2.650460 0.430500 0.016400 -1
1 -4.950000 -4.125000 -8.573651 0.275000 0.603154 -1
1 -0.000000 -18.875000 -11.000000 0.500000 0.979443 -1
1 -0.000000 18.875000 -3.060487 0.500000 0.016400 -1
1 -0.000000 -4.125000 -9.900000 0.500000 0.603154 -1
1 5.500000 -18.875000 -9.526279 0.750000 0.979443 -1
1 1.528994 18.875000 -2.650460 0.569500 0.016400 -1
1 4.950000 -4.125000 -8.573651 0.725000 0.603154 -1
1 9.526279 -18.875000 -5.500000 0.933013 0.979443 -1
1 2.648296 18.875000 -1.530244 0.620377 0.016400 -1
1 8.573651 -4.125000 -4.950000 0.889711 0.603154 -1
41
0.000000 -1.000000 0.000000
0.000000 1.000000 0.000000
0.963429 0.071849 0.258150
0.951028 0.174953 0.254827
0.851772 0.180912 0.491686
0.863627 0.074370 0.498615
0.928390 0.276154 0.248660
0.830229 0.285106 0.478993
0.498615 0.074370 0.863627
0.491751 0.180889 0.851739
0.479379 0.285069 0.830019
0.000000 0.180878 0.983505
0.000000 0.074370 0.997231
0.000000 0.285034 0.958517
-0.498615 0.074370 0.863627
-0.491751 0.180889 0.851739
-0.479379 0.285069 0.830019
-0.851772 0.180912 0.491686
-0.863627 0.074370 0.498615
-0.830229 0.285106 0.478993
-0.997231 0.074370 -0.000000
-0.983497 0.180926 0.000000
-0.958495 0.285109 -0.000000
-0.851772 0.180912 -0.491686
-0.863627 0.074370 -0.498615
-0.830229 0.285106 -0.478993
-0.498615 0.074370 -0.863627
-0.491751 0.180889 -0.851739
-0.479379 0.285069 -0.830019
-0.000000 0.180878 -0.983505
0.000000 0.074370 -0.997231
0.000000 0.285034 -0.958517
0.498615 0.074370 -0.863627
0.491751 0.180889 -0.851739
0.479379 0.285069 -0.830019
0.851772 0.180912 -0.491686
0.863627 0.074370 -0.498615
0.830229 0.285106 -0.478993
0.963429 0.071849 -0.258150
0.951028 0.174953 -0.254827
0.928390 0.276154 -0.248660
72
1 0 1 2 0 0 0 2
1 3 4 5 1 1 1 2
1 0 6 7 2 3 4 1
1 0 7 1 2 4 5 1
1 6 3 7 3 6 4 1
1 3 5 7 6 7 4 1
1 1 8 2 0 0 0 2
1 5 4 9 1 1 1 2
1 1 7 8 5 4 8 1
1 7 10 8 4 9 8 1
1 7 5 9 4 7 10 1
1 7 9 10 4 10 9 1
1 8 11 2 0 0 0 2
1 9 4 12 1 1 1 2
1 8 10 13 8 9 11 1
1 8 13 11 8 11 12 1
1 10 9 13 9 10 11 1
1 9 12 13 10 13 11 1
1 11 14 2 0 0 0 2
1 12 4 15 1 1 1 2
1 11 13 14 12 11 14 1
1 13 16 14 11 15 14 1
1 13 12 15 11 13 16 1
1 13 15 16 11 16 15 1
1 14 17 2 0 0 0 2
1 15 4 18 1 1 1 2
1 14 16 19 14 15 17 1
1 14 19 17 14 17 18 1
1 16 15 19 15 16 17 1
1 15 18 19 16 19 17 1
1 17 20 2 0 0 0 2
1 18 4 21 1 1 1 2
1 17 19 20 18 17 20 1
1 19 22 20 17 21 20 1
1 19 18 21 17 19 22 1
1 19 21 22 17 22 21 1
1 20 23 2 0 0 0 2
1 21 4 24 1 1 1 2
1 20 22 25 20 21 23 1
1 20 25 23 20 23 24 1
1 22 21 25 21 22 23 1
1 21 24 25 22 25 23 1
1 23 26 2 0 0 0 2
1 24 4 27 1 1 1 2
1 23 25 26 24 23 26 1
1 25 28 26 23 27 26 1
1 25 24 27 23 25 28 1
1 25 27 28 23 28 27 1
1 26 29 2 0 0 0 2
1 27 4 30 1 1 1 2
1 26 28 31 26 27 29 1
1 26 31 29 26 29 30 1
1 28 27 31 27 28 29 1
1 27 30 31 28 31 29 1
1 29 32 2 0 0 0 2
1 30 4 33 1 1 1 2
1 29 31 32 30 29 32 1
1 31 34 32 29 33 32 1
1 31 30 33 29 31 34 1
1 31 33 34 29 34 33 1
1 32 35 2 0 0 0 2
1 33 4 36 1 1 1 2
1 32 34 37 32 33 35 1
1 32 37 35 32 35 36 1
1 34 33 37 33 34 35 1
1 33 36 37 34 37 35 1
1 35 0 2 0 0 0 2
1 36 4 3 1 1 1 2
1 35 37 0 36 35 38 1
1 37 6 0 35 39 38 1
1 37 36 3 35 37 40 1
1 37 3 6 35 40 39 1

Materials: 1
"bullet"
0.200000 0.200000 0.200000 1.000000
0.800000 0.800000 0.800000 1.000000
0.000000 0.000000 0.000000 1.000000
0.000000 0.000000 0.000000 1.000000
0.000000
1.000000
".\bullet.bmp"
""

Bones: 0
GroupComments: 0
MaterialComments: 0
BoneComments: 0
ModelComment: 0
