// MilkShape 3D ASCII

Frames: 25
Frame: 1

Meshes: 5
"Cylinder01" 0 0
10
0 -1.501581 6.402173 35.034615 0.000000 1.000000 -1
0 -1.159071 5.349449 37.501938 0.000000 0.500000 -1
0 -0.259738 5.936973 38.970428 0.333333 0.500000 -1
0 -0.259738 8.209486 35.916595 0.333333 1.000000 -1
0 -0.259739 3.875713 39.082634 0.000000 0.000000 -1
0 0.982104 6.402173 35.034611 0.666667 1.000000 -1
0 0.639594 5.349449 37.501938 0.666667 0.500000 -1
0 -0.259739 3.875713 39.082634 0.666667 0.000000 -1
0 -1.159071 5.349449 37.501938 1.000000 0.500000 -1
0 -1.501581 6.402173 35.034615 1.000000 1.000000 -1
10
-0.835324 0.449385 0.316681
-0.866492 0.257582 0.427602
0.000000 0.628333 0.777945
0.000000 0.802247 0.596993
-0.857397 0.027974 0.513895
0.868495 -0.489380 -0.078897
0.819056 -0.561161 -0.119354
0.764376 -0.627128 -0.149802
-0.000000 -0.868581 -0.495546
-0.000001 -0.919778 -0.392438
9
0 0 1 2 0 1 2 1
0 0 2 3 0 2 3 1
0 1 4 2 1 4 2 1
0 3 2 5 3 2 5 1
0 2 6 5 2 6 5 1
0 2 7 6 2 7 6 1
0 5 6 8 5 6 8 1
0 5 8 9 5 8 9 1
0 6 7 8 6 7 8 1
"Duplicate02" 0 0
7
0 -4.477275 10.802565 -25.618864 0.617127 0.968750 -1
0 -8.435904 10.802565 -14.692936 0.815058 -0.031250 -1
0 -10.259744 10.802565 -21.692938 0.906250 0.609428 -1
0 9.740256 10.802565 -21.692938 -0.093750 0.609428 -1
0 7.916419 10.802565 -14.692936 -0.002558 -0.031250 -1
0 3.957789 10.802565 -25.618864 0.195373 0.968750 -1
0 -0.259742 10.802565 -14.692936 0.406250 -0.031250 -1
1
0.000000 -1.000000 0.000000
5
0 0 1 2 0 0 0 1
0 3 4 5 0 0 0 1
0 6 1 0 0 0 0 1
0 5 4 6 0 0 0 1
0 5 6 0 0 0 0 1
"body" 0 0
92
0 -8.435904 10.802565 -14.692936 0.093750 0.864583 -1
0 -6.341286 10.861088 -11.591511 0.093750 0.781250 -1
0 -2.248126 11.516100 -11.487133 0.260417 0.781250 -1
0 -4.809890 10.833309 -7.689610 0.093750 0.697917 -1
0 -1.646834 11.990875 -7.797482 0.260417 0.697917 -1
0 -7.538323 8.290051 1.397634 0.093750 0.531250 -1
0 -6.419847 9.298491 19.692513 0.093750 0.447917 -1
0 -4.150694 14.668499 19.781286 0.260417 0.447917 -1
0 -4.151653 13.478918 1.480352 0.260417 0.531250 -1
0 -4.780208 10.031488 25.874241 0.093750 0.364583 -1
0 -2.374018 13.565329 24.739021 0.260417 0.364583 -1
0 -4.488296 11.698476 28.967468 0.093750 0.281250 -1
0 -2.374017 13.040037 28.519829 0.260417 0.281250 -1
0 -3.231635 10.929227 30.986380 0.093750 0.197917 -1
0 -2.374017 12.491201 31.562040 0.260417 0.197917 -1
0 -2.784563 10.692941 32.405190 0.093750 0.114583 -1
0 -1.042935 10.616572 33.928452 0.260417 0.114583 -1
0 -0.259738 8.209486 35.916595 0.093750 0.031250 -1
0 1.127350 11.990875 -7.797482 0.427083 0.697917 -1
0 1.728642 11.516100 -11.487133 0.427083 0.781250 -1
0 3.632171 13.478918 1.480352 0.427083 0.531250 -1
0 3.631216 14.668499 19.781286 0.427083 0.447917 -1
0 1.854540 13.565329 24.739021 0.427083 0.364583 -1
0 1.854541 13.040037 28.519829 0.427083 0.281250 -1
0 1.854541 12.491201 31.562040 0.427083 0.197917 -1
0 0.523459 10.616572 33.928452 0.427083 0.114583 -1
0 -0.259738 8.209486 35.916595 0.427083 0.031250 -1
0 5.821802 10.861088 -11.591511 0.593750 0.781250 -1
0 4.290408 10.833309 -7.689610 0.593750 0.697917 -1
0 5.890182 9.298491 19.692513 0.593750 0.447917 -1
0 6.920916 8.290051 1.397632 0.593750 0.531250 -1
0 4.260731 10.031488 25.874241 0.593750 0.364583 -1
0 3.968819 11.737734 28.952562 0.593750 0.281250 -1
0 2.712159 10.968485 30.971476 0.593750 0.197917 -1
0 2.265087 10.692941 32.405190 0.593750 0.114583 -1
0 2.044981 9.363636 -11.673931 0.760417 0.781250 -1
0 -0.259742 10.802565 -14.692936 0.760417 0.864583 -1
0 1.261091 8.577747 -7.787800 0.760417 0.697917 -1
0 3.646940 4.018758 1.516819 0.760417 0.531250 -1
0 3.646942 5.148357 19.589176 0.760417 0.447917 -1
0 2.691989 6.398883 25.708359 0.760417 0.364583 -1
0 2.997394 6.200053 29.694067 0.760417 0.281250 -1
0 2.997394 6.200053 29.694067 0.760417 0.197917 -1
0 2.706861 6.664903 31.956930 0.760417 0.114583 -1
0 -0.259738 8.209486 35.916595 0.593750 0.031250 -1
0 0.982104 6.402173 35.034611 0.760417 0.031250 -1
0 0.982104 6.402173 35.034611 0.093750 0.031250 -1
0 -1.501581 6.402173 35.034615 0.093750 0.031250 -1
0 -2.675577 9.363636 -11.673931 0.927083 0.781250 -1
0 -1.780575 8.577747 -7.787800 0.927083 0.697917 -1
0 -4.166420 5.148357 19.589176 0.927083 0.447917 -1
0 -4.166422 4.018758 1.516819 0.927083 0.531250 -1
0 -3.211467 6.398883 25.708359 0.927083 0.364583 -1
0 -3.516870 6.180581 29.701521 0.927083 0.281250 -1
0 -3.226337 6.664903 31.956930 0.927083 0.114583 -1
0 -3.516870 6.180581 29.701521 0.927083 0.197917 -1
0 -1.501581 6.402173 35.034615 0.927083 0.031250 -1
0 -0.259742 10.802565 -14.692936 0.927083 0.864583 -1
0 -8.435904 10.802565 -14.692936 1.093750 0.864583 -1
0 -6.341286 10.861088 -11.591511 1.093750 0.781250 -1
0 -4.809890 10.833309 -7.689610 1.093750 0.697917 -1
0 -7.538323 8.290051 1.397634 1.093750 0.531250 -1
0 -6.419847 9.298491 19.692513 1.093750 0.447917 -1
0 -4.780208 10.031488 25.874241 1.093750 0.364583 -1
0 -4.488296 11.698476 28.967468 1.093750 0.281250 -1
0 -3.231635 10.929227 30.986380 1.093750 0.197917 -1
0 -2.784563 10.692941 32.405190 1.093750 0.114583 -1
0 -0.259738 8.209486 35.916595 1.093750 0.031250 -1
0 -10.259744 10.802565 -21.692938 0.093750 0.031250 -1
0 -8.435904 10.802565 -14.692936 0.093750 0.031250 -1
0 -4.477275 10.802565 -25.618864 0.093750 0.031250 -1
0 3.957789 10.802565 -25.618864 0.093750 0.031250 -1
0 7.916419 10.802565 -14.692936 0.093750 0.031250 -1
0 9.740256 10.802565 -21.692938 0.093750 0.031250 -1
0 -0.259742 10.802565 -14.692936 0.093750 0.031250 -1
0 -2.248126 11.516100 -11.487133 0.093750 0.031250 -1
0 1.728642 11.516100 -11.487133 0.093750 0.031250 -1
0 5.821802 10.861088 -11.591511 0.093750 0.031250 -1
0 2.044981 9.363636 -11.673931 0.093750 0.031250 -1
0 -2.675577 9.363636 -11.673931 0.093750 0.031250 -1
0 3.632171 13.478918 1.480352 0.093750 0.031250 -1
0 4.290408 10.833309 -7.689610 0.093750 0.031250 -1
0 1.127350 11.990875 -7.797482 0.093750 0.031250 -1
0 6.920916 8.290051 1.397632 0.093750 0.031250 -1
0 -4.151653 13.478918 1.480352 0.093750 0.031250 -1
0 -1.646834 11.990875 -7.797482 0.093750 0.031250 -1
0 -4.809890 10.833309 -7.689610 0.093750 0.031250 -1
0 -7.538323 8.290051 1.397634 0.093750 0.031250 -1
0 -1.780575 8.577747 -7.787800 0.093750 0.031250 -1
0 3.646940 4.018758 1.516819 0.093750 0.031250 -1
0 1.261091 8.577747 -7.787800 0.093750 0.031250 -1
0 -4.166422 4.018758 1.516819 0.093750 0.031250 -1
86
-0.159604 0.983139 0.089240
-0.159491 0.984001 0.079402
-0.134508 0.990377 -0.032569
-0.253870 0.967235 0.002650
-0.175230 0.979687 -0.097507
-0.882803 0.469743 -0.000306
-0.915675 0.385022 0.115311
-0.493333 0.860122 0.129666
-0.475516 0.877856 -0.057037
-0.786512 0.612234 0.081045
-0.421814 0.877367 0.228691
-0.518877 0.849525 0.095254
-0.370900 0.918648 0.136085
-0.615675 0.679183 0.399569
-0.504299 0.737577 0.449068
-0.410385 0.757841 0.507209
-0.280993 0.701197 0.655260
-0.597689 0.385944 0.702720
0.124752 0.990641 -0.055384
0.077583 0.990355 -0.114793
0.517237 0.854904 -0.040070
0.540497 0.826802 0.155761
0.426662 0.889362 0.164302
0.258329 0.953979 0.152283
0.393739 0.782128 0.482956
0.311727 0.599501 0.737173
0.316102 0.540913 0.779418
0.928278 -0.287025 -0.236466
0.920413 0.146932 0.362284
0.986445 -0.011075 0.163720
0.997371 -0.042701 0.058546
0.984492 0.090965 0.150001
0.921747 0.307882 0.235777
0.890315 0.121476 0.438842
0.840983 0.224693 0.492200
0.235140 -0.920136 -0.313145
0.308475 -0.745506 -0.590817
0.249004 -0.965541 -0.075685
0.476239 -0.876816 0.066251
0.504349 -0.850077 0.151659
0.547181 -0.822501 0.155195
0.636818 -0.766089 -0.087013
0.764866 -0.535390 0.358243
0.685992 -0.678198 0.263558
0.732259 0.183031 0.655970
0.621322 -0.685899 0.378816
0.000001 -0.438571 0.898697
-0.235084 -0.968689 -0.079861
-0.315776 -0.941508 -0.117675
-0.491049 -0.855319 0.165231
-0.436060 -0.898165 0.056139
-0.545349 -0.834118 0.082713
-0.717700 -0.685009 0.125176
-0.671642 -0.662959 0.330731
-0.700561 -0.673809 0.234936
-0.720781 -0.596540 0.353007
0.000000 -0.902709 -0.430252
-0.195491 -0.976348 -0.092350
-0.366656 -0.908575 0.200136
-0.490296 -0.869615 0.058129
-0.833115 -0.549895 0.059455
-0.862591 -0.472846 0.179874
-0.922693 -0.356259 0.147369
-0.931828 -0.118414 0.343037
-0.948459 0.003904 0.316875
-0.887706 0.046383 0.458068
-0.819494 0.174847 0.545764
0.000000 1.000000 0.000000
0.000000 0.997346 -0.072807
0.053816 0.997872 -0.036805
0.000000 0.966853 -0.255333
0.000000 0.976114 -0.217260
0.053922 0.991708 -0.116652
0.824864 -0.086220 0.558717
0.430032 0.885010 -0.178408
0.868790 0.350794 -0.349496
0.115310 0.975457 -0.187582
0.871226 -0.313045 -0.378111
-0.318691 0.931172 -0.177074
-0.173284 0.964058 -0.201405
-0.864406 0.357129 -0.353924
-0.868321 -0.313136 -0.384661
-0.334705 -0.825031 -0.455299
0.252022 -0.841918 -0.477137
0.447918 -0.774841 -0.446083
-0.376010 -0.790366 -0.483671
105
0 0 1 2 0 1 2 1
0 1 3 2 1 3 2 1
0 3 4 2 3 4 2 1
0 5 6 7 5 6 7 1
0 5 7 8 5 7 8 1
0 6 9 7 6 9 7 1
0 9 10 7 9 10 7 1
0 9 11 12 9 11 12 1
0 9 12 10 9 12 10 1
0 11 13 12 11 13 12 1
0 13 14 12 13 14 12 1
0 13 15 16 13 15 16 1
0 13 16 14 13 16 14 1
0 15 17 16 15 17 16 1
0 2 4 18 2 4 18 1
0 2 18 19 2 18 19 1
0 8 7 20 8 7 20 1
0 7 21 20 7 21 20 1
0 7 10 22 7 10 22 1
0 7 22 21 7 22 21 1
0 10 12 22 10 12 22 1
0 12 23 22 12 23 22 1
0 12 14 24 12 14 24 1
0 12 24 23 12 24 23 1
0 14 16 24 14 16 24 1
0 16 25 24 16 25 24 1
0 16 26 25 16 26 25 1
0 19 18 27 19 18 27 1
0 18 28 27 18 28 27 1
0 20 21 29 20 21 29 1
0 20 29 30 20 29 30 1
0 21 22 29 21 22 29 1
0 22 31 29 22 31 29 1
0 22 23 32 22 23 32 1
0 22 32 31 22 32 31 1
0 23 24 32 23 24 32 1
0 24 33 32 24 33 32 1
0 24 25 34 24 25 34 1
0 24 34 33 24 34 33 1
0 25 26 34 25 26 34 1
0 27 35 36 27 35 36 1
0 27 28 37 27 28 37 1
0 27 37 35 27 37 35 1
0 30 29 38 30 29 38 1
0 29 39 38 29 39 38 1
0 29 31 40 29 31 40 1
0 29 40 39 29 40 39 1
0 31 32 40 31 32 40 1
0 32 41 40 32 41 40 1
0 32 33 42 32 33 42 1
0 33 34 42 33 34 42 1
0 34 43 42 34 43 42 1
0 34 44 45 34 44 45 1
0 34 45 43 34 45 43 1
0 46 17 47 46 46 46 2
0 35 37 48 35 37 47 1
0 37 49 48 37 48 47 1
0 38 39 50 38 39 49 1
0 38 50 51 38 49 50 1
0 39 40 50 39 40 49 1
0 40 52 50 40 51 49 1
0 40 41 53 40 41 52 1
0 40 53 52 40 52 51 1
0 42 43 54 42 43 53 1
0 42 54 55 42 53 54 1
0 43 45 54 43 45 53 1
0 45 56 54 45 55 53 1
0 57 48 58 56 47 57 1
0 48 59 58 47 58 57 1
0 48 49 60 47 48 59 1
0 48 60 59 47 59 58 1
0 51 50 61 50 49 60 1
0 50 62 61 49 61 60 1
0 50 52 63 49 51 62 1
0 50 63 62 49 62 61 1
0 52 53 63 51 52 62 1
0 53 64 63 52 63 62 1
0 53 65 64 52 64 63 1
0 55 54 65 54 53 64 1
0 54 66 65 53 65 64 1
0 54 56 67 53 55 66 1
0 54 67 66 53 66 65 1
0 68 69 70 67 68 67 1
0 71 72 73 67 69 67 1
0 70 69 74 67 68 70 1
0 74 72 71 70 69 67 1
0 74 69 75 70 68 71 1
0 72 76 77 69 72 73 1
0 77 74 72 73 70 69 1
0 74 76 72 70 72 69 1
0 70 74 71 67 70 67 1
0 78 79 74 56 56 70 1
0 74 75 76 70 71 72 1
0 80 81 82 74 75 76 1
0 80 83 81 74 77 75 1
0 82 84 80 76 78 74 1
0 82 85 84 76 79 78 1
0 85 86 84 79 80 78 1
0 84 86 87 78 80 81 1
0 87 86 88 81 80 82 1
0 89 90 83 83 84 77 1
0 90 81 83 84 75 77 1
0 91 87 88 85 81 82 1
0 89 88 90 83 82 84 1
0 88 89 91 82 83 85 1
"wing" 0 0
32
0 -4.151653 13.478918 1.480352 0.000000 1.000000 -1
0 -15.322766 15.847120 0.239894 0.000000 0.833333 1
0 -15.322766 15.847120 0.239894 0.250000 0.833333 1
0 -4.151653 13.478918 1.480352 0.250000 1.000000 -1
0 -36.787579 16.120197 0.241119 0.000000 0.666667 2
0 -36.787579 16.120197 0.241119 0.250000 0.666667 2
0 -49.636799 14.640654 0.888674 0.000000 0.500000 3
0 -49.636799 14.640654 0.888674 0.250000 0.500000 3
0 -49.636799 14.640654 0.888674 0.000000 0.333333 3
0 -49.636799 14.640654 0.888674 0.250000 0.333333 3
0 -51.602760 14.696516 -3.411706 0.000000 0.166667 3
0 -51.602760 14.696516 -3.411706 0.250000 0.166667 3
0 -83.685173 15.653643 3.753536 0.000000 0.000000 3
0 -83.685173 15.653643 3.753536 0.250000 0.000000 3
0 -4.150694 14.668499 19.781286 0.500000 1.000000 -1
0 -16.520357 17.399788 18.816341 0.500000 0.833333 1
0 -42.629364 16.880379 21.216461 0.500000 0.666667 2
0 -49.153625 15.873117 20.215210 0.500000 0.500000 3
0 -75.482819 15.361428 10.160147 0.500000 0.333333 3
0 -17.057133 14.932110 18.816334 0.750000 0.833333 1
0 -2.237916 10.055027 19.766729 0.750000 1.000000 0
0 -42.410671 14.364480 21.216526 0.750000 0.666667 2
0 -49.243176 13.349324 20.215212 0.750000 0.500000 3
0 -75.482819 15.361428 10.160147 0.750000 0.333333 3
0 -4.151653 13.478918 1.480352 1.000000 1.000000 -1
0 -15.322766 15.847120 0.239894 1.000000 0.833333 1
0 -36.787579 16.120197 0.241119 1.000000 0.666667 2
0 -49.636799 14.640654 0.888674 1.000000 0.500000 3
0 -49.636799 14.640654 0.888674 1.000000 0.333333 3
0 -51.602760 14.696516 -3.411706 0.000000 0.000000 3
0 -75.482819 15.361428 10.160147 0.000000 0.000000 3
0 -49.636799 14.640654 0.888674 0.000000 0.000000 3
24
0.000000 0.000000 0.000000
0.109419 0.991928 -0.064073
0.236490 0.969587 -0.063037
-0.065673 0.996357 -0.054400
-0.085506 0.994275 -0.064074
0.027951 0.999609 0.000207
-0.028891 -0.999583 -0.000434
0.121904 0.712033 0.691483
0.081677 0.726803 0.681972
-0.079450 0.726563 0.682491
-0.233906 0.723459 0.649535
-0.146333 0.907781 0.393092
-0.087534 -0.731012 0.676727
-0.290956 -0.718666 0.631557
0.051101 -0.727520 0.684181
-0.108423 -0.731094 0.673606
-0.051301 -0.996530 -0.065540
-0.270709 -0.956886 -0.105291
-0.109652 -0.992211 -0.059110
0.078485 -0.995198 -0.058487
0.110714 -0.991489 -0.068503
0.217699 -0.009147 0.975973
0.615185 -0.013952 -0.788260
-0.029999 -0.999545 -0.003099
41
0 0 1 2 0 0 1 1
0 0 2 3 0 1 2 1
0 1 4 2 0 0 1 1
0 4 5 2 0 3 1 1
0 4 6 7 0 0 4 1
0 4 7 5 0 4 3 1
0 6 8 7 0 0 4 1
0 8 9 7 0 5 4 1
0 8 10 11 0 0 5 1
0 8 11 9 0 5 5 1
0 10 12 11 0 6 5 1
0 12 13 11 6 0 5 1
0 3 2 14 2 1 7 1
0 2 15 14 1 8 7 1
0 2 5 16 1 3 9 1
0 2 16 15 1 9 8 1
0 5 7 16 3 4 9 1
0 7 17 16 4 10 9 1
0 7 18 17 4 11 10 1
0 9 11 18 5 5 11 1
0 14 15 19 7 8 12 1
0 14 19 20 7 12 13 1
0 15 16 19 8 9 12 1
0 16 21 19 9 14 12 1
0 16 17 22 9 10 15 1
0 16 22 21 9 15 14 1
0 17 18 22 10 11 15 1
0 18 23 22 11 16 15 1
0 20 19 24 13 12 17 1
0 19 25 24 12 18 17 1
0 19 21 26 12 14 19 1
0 19 26 25 12 19 18 1
0 21 22 26 14 15 19 1
0 22 27 26 15 20 19 1
0 22 23 28 15 16 16 1
0 29 12 30 21 6 22 1
0 31 31 29 23 23 21 1
0 30 30 31 22 22 23 1
0 29 29 29 21 21 21 1
0 12 31 30 6 23 22 1
0 12 29 31 6 21 23 1
"leftwing" 0 0
32
0 14.820017 15.859622 0.240265 0.250000 0.833333 4
0 14.820017 15.859622 0.240265 0.000000 0.833333 4
0 3.632171 13.478918 1.480352 0.000000 1.000000 -1
0 3.632171 13.478918 1.480352 0.250000 1.000000 -1
0 36.300659 16.199686 0.240241 0.000000 0.666667 5
0 36.300659 16.199686 0.240241 0.250000 0.666667 5
0 49.144070 14.671676 0.890237 0.250000 0.500000 6
0 49.144070 14.671676 0.890237 0.000000 0.500000 6
0 49.144070 14.671676 0.890237 0.000000 0.333333 6
0 49.144070 14.671676 0.890237 0.250000 0.333333 6
0 51.111053 14.720145 -3.409765 0.250000 0.166667 6
0 51.111053 14.720145 -3.409765 0.000000 0.166667 6
0 83.195473 15.556184 3.761606 0.000000 0.000000 6
0 83.195473 15.556184 3.761606 0.250000 0.000000 6
0 3.631216 14.668499 19.781286 0.500000 1.000000 -1
0 16.017382 17.412277 18.816729 0.500000 0.833333 4
0 42.141254 16.937700 21.216698 0.500000 0.666667 5
0 48.661865 15.905842 20.216690 0.500000 0.500000 6
0 74.990852 15.294879 10.166649 0.500000 0.333333 6
0 16.554155 14.944597 18.816727 0.750000 0.833333 4
0 2.698438 10.048361 19.766729 0.750000 1.000000 0
0 41.913071 14.422646 21.216703 0.750000 0.666667 5
0 48.741894 13.381729 20.216690 0.750000 0.500000 6
0 74.990852 15.294879 10.166649 0.750000 0.333333 6
0 3.632171 13.478918 1.480352 1.000000 1.000000 -1
0 14.820017 15.859622 0.240265 1.000000 0.833333 4
0 36.300659 16.199686 0.240241 1.000000 0.666667 5
0 49.144070 14.671676 0.890237 1.000000 0.500000 6
0 49.144070 14.671676 0.890237 1.000000 0.333333 6
0 74.990852 15.294879 10.166649 0.000000 0.000000 6
0 51.111053 14.720145 -3.409765 0.000000 0.000000 6
0 49.144070 14.671676 0.890237 0.000000 0.000000 6
24
-0.110451 0.991837 -0.063718
0.000000 0.000000 0.000000
-0.236953 0.969474 -0.063029
0.067147 0.996294 -0.053749
0.089268 0.993946 -0.064051
-0.024179 0.999708 0.000208
0.025120 -0.999684 -0.000435
-0.121994 0.714798 0.688608
-0.082270 0.726735 0.681973
0.080601 0.726222 0.682719
0.236510 0.722567 0.649584
0.149681 0.907220 0.393126
0.092109 -0.729956 0.677259
0.309284 -0.711359 0.631119
-0.052556 -0.727579 0.684007
0.105535 -0.731502 0.673622
0.047553 -0.996716 -0.065536
0.280635 -0.953165 -0.112784
0.110929 -0.992062 -0.059222
-0.080139 -0.995047 -0.058818
-0.114441 -0.991063 -0.068530
-0.615084 -0.011613 -0.788376
-0.217918 -0.008331 0.975931
0.026228 -0.999651 -0.003100
41
0 0 1 2 0 1 1 1
0 3 0 2 2 0 1 1
0 0 4 1 0 1 1 1
0 0 5 4 0 3 1 1
0 6 7 4 4 1 1 1
0 5 6 4 3 4 1 1
0 6 8 7 4 1 1 1
0 6 9 8 4 5 1 1
0 10 11 8 5 1 1 1
0 9 10 8 5 5 1 1
0 10 12 11 5 6 1 1
0 10 13 12 5 1 6 1
0 14 0 3 7 0 2 1
0 14 15 0 7 8 0 1
0 16 5 0 9 3 0 1
0 15 16 0 8 9 0 1
0 16 6 5 9 4 3 1
0 16 17 6 9 10 4 1
0 17 18 6 10 11 4 1
0 18 10 9 11 5 5 1
0 19 15 14 12 8 7 1
0 20 19 14 13 12 7 1
0 19 16 15 12 9 8 1
0 19 21 16 12 14 9 1
0 22 17 16 15 10 9 1
0 21 22 16 14 15 9 1
0 22 18 17 15 11 10 1
0 22 23 18 15 16 11 1
0 24 19 20 17 12 13 1
0 24 25 19 17 18 12 1
0 26 21 19 19 14 12 1
0 25 26 19 18 19 12 1
0 26 22 21 19 15 14 1
0 26 27 22 19 20 15 1
0 28 23 22 16 16 15 1
0 29 12 30 21 6 22 1
0 30 31 31 22 23 23 1
0 31 29 29 23 21 21 1
0 30 30 30 22 22 22 1
0 29 31 12 21 23 6 1
0 31 30 12 23 22 6 1

Materials: 1
"Material01"
0.200000 0.200000 0.200000 1.000000
0.800000 0.800000 0.800000 1.000000
0.000000 0.000000 0.000000 1.000000
0.000000 0.000000 0.000000 1.000000
0.000000
1.000000
".\seagull.bmp"
""

Bones: 7
"body"
""
24 -0.129870 12.428570 11.070200 -3.141593 -0.000000 -3.141593
8
0.735294 0.000000 0.000000 0.000000
1.000000 0.000000 0.000000 0.000000
4.411765 0.000000 0.000000 0.000000
8.088235 0.000000 0.000000 0.000000
11.764706 0.000000 0.000000 0.000000
15.441177 0.000000 0.000000 0.000000
19.117647 0.000000 0.000000 0.000000
25.000000 0.000000 0.000000 0.000000
8
0.735294 0.000000 0.000000 0.000000
1.000000 0.000000 0.000000 0.000000
4.411765 0.000000 0.000000 0.000000
8.088235 0.000000 0.000000 0.000000
11.764706 0.000000 0.000000 0.000000
15.441177 0.000000 0.000000 0.000000
19.117647 0.000000 0.000000 0.000000
25.000000 0.000000 0.000000 0.000000
"joint2"
"body"
24 15.964823 4.523808 1.522728 -3.139152 1.548009 3.141592
8
0.735294 0.000000 0.000000 0.000000
1.000000 0.000000 -0.286950 -0.004904
4.411765 0.000000 -3.856580 -0.065908
8.088235 0.000000 -3.856580 -0.065908
11.764706 0.000000 0.428509 0.007324
15.441177 0.007595 2.267270 -0.294548
19.117647 0.018988 3.275666 -0.777257
25.000000 0.000000 0.000000 0.000000
8
0.735294 0.000000 0.000000 0.000000
1.000000 0.010050 -0.000005 0.000229
4.411765 0.139590 -0.000276 0.003167
8.088235 0.296626 -0.001109 0.006644
11.764706 -0.087244 -0.000053 -0.001987
15.441177 -0.506005 -0.002667 -0.011094
19.117647 -0.872395 -0.007930 -0.017584
25.000000 0.000000 0.000000 0.000000
"joint3"
"joint2"
24 0.000000 0.000000 29.257694 0.093763 0.164418 3.141592
8
0.735294 0.000000 0.000000 0.000000
1.000000 0.000000 0.000001 0.000008
4.411765 -0.000004 0.000008 0.000102
8.088235 -0.000009 -0.000005 0.000131
11.764706 -0.000015 0.000010 0.000172
15.441177 -0.000052 0.000054 0.000424
19.117647 -0.000045 0.000025 0.000394
25.000000 0.000000 0.000000 0.000000
8
0.735294 0.000000 0.000000 0.000000
1.000000 -0.018661 -0.000215 -0.002647
4.411765 -0.259086 -0.007354 -0.036035
8.088235 -0.810419 -0.051646 -0.099882
11.764706 -1.188633 -0.099500 -0.125641
15.441177 -0.362627 -0.012859 -0.049715
19.117647 -0.207296 -0.005087 -0.029004
25.000000 0.000000 0.000000 0.000000
"joint4"
"joint3"
24 0.000000 0.000000 37.970169 0.000000 0.000000 0.000000
8
0.735294 0.000000 0.000000 0.000000
1.000000 0.000000 0.000000 0.000000
4.411765 0.000000 0.000000 0.000000
8.088235 0.000000 0.000000 0.000000
11.764706 0.000000 0.000000 0.000000
15.441177 0.000000 0.000000 0.000000
19.117647 0.000000 0.000000 0.000000
25.000000 0.000000 0.000000 0.000000
8
0.735294 0.000000 0.000000 0.000000
1.000000 0.000000 0.000000 0.000000
4.411765 0.000000 0.000000 0.000000
8.088235 0.000000 0.000000 0.000000
11.764706 0.000000 0.000000 0.000000
15.441177 0.000000 0.000000 0.000000
19.117647 0.000000 0.000000 0.000000
25.000000 0.000000 0.000000 0.000000
"joint5"
"body"
24 -16.130413 4.535713 0.856063 3.133040 1.559418 0.000000
8
0.735294 0.000000 0.000000 0.000000
1.000000 0.000000 0.286982 0.002447
4.411765 0.000000 3.857002 0.032901
8.088235 0.000000 3.857002 0.032901
11.764706 0.000000 -0.142852 -0.001218
15.441177 0.003786 -2.139935 -0.351578
19.117647 0.018932 -3.128527 -1.693308
25.000000 0.000000 0.000000 0.000000
8
0.735294 0.000000 0.000000 0.000000
1.000000 -0.010052 0.000000 -0.000114
4.411765 -0.139617 -0.000097 -0.001582
8.088235 -0.296686 -0.000468 -0.003325
11.764706 0.087261 -0.000052 0.000990
15.441177 0.506110 -0.001471 0.005494
19.117647 0.907501 -0.004442 0.008918
25.000000 0.000000 0.000000 0.000000
"joint6"
"joint5"
24 0.000000 0.000000 29.419645 -0.107869 0.189867 3.141592
8
0.735294 0.000000 0.000000 0.000001
1.000000 -0.000020 -0.000007 0.000108
4.411765 -0.000259 -0.000096 0.001431
8.088235 -0.000271 -0.000071 0.001505
11.764706 -0.000235 -0.000071 0.001444
15.441177 -0.000362 -0.000197 0.001994
19.117647 -0.000738 -0.000332 0.004075
25.000000 0.000000 0.000001 0.000001
8
0.735294 0.000000 0.000000 0.000000
1.000000 0.019787 -0.000421 0.003544
4.411765 0.274591 -0.012021 0.047935
8.088235 0.821415 -0.071795 0.125550
11.764706 1.179320 -0.129727 0.154546
15.441177 0.360261 -0.018418 0.062041
19.117647 0.257458 -0.010888 0.045053
25.000000 0.000000 0.000000 0.000000
"joint7"
"joint6"
24 0.000000 0.000000 37.782467 0.000000 0.000000 0.000000
8
0.735294 0.000000 0.000000 0.000000
1.000000 0.000000 0.000000 0.000000
4.411765 0.000000 0.000000 0.000000
8.088235 0.000000 0.000000 0.000000
11.764706 0.000000 0.000000 0.000000
15.441177 0.000000 0.000000 0.000000
19.117647 0.000000 0.000000 0.000000
25.000000 0.000000 0.000000 0.000000
8
0.735294 0.000000 0.000000 0.000000
1.000000 0.000000 0.000000 0.000000
4.411765 0.000000 0.000000 0.000000
8.088235 0.000000 0.000000 0.000000
11.764706 0.000000 0.000000 0.000000
15.441177 0.000000 0.000000 0.000000
19.117647 0.000000 0.000000 0.000000
25.000000 0.000000 0.000000 0.000000
GroupComments: 0
MaterialComments: 0
BoneComments: 0
ModelComment: 0
