// MilkShape 3D ASCII

Frames: 30
Frame: 1

Meshes: 1
"cactus" 0 0
322
0 4.118960 -0.007607 -0.000669 0.000000 0.000000 -1
0 3.570509 -0.007607 2.046178 0.000000 0.000000 -1
0 0.025259 -0.007607 -0.000669 0.000000 0.000000 -1
0 4.118960 -0.007607 -0.000669 0.000000 1.000000 -1
0 1.542060 33.835270 -0.670427 0.000000 0.833333 -1
0 1.048455 33.835270 1.171737 0.083333 0.833333 -1
0 3.570509 -0.007607 2.046178 0.083333 1.000000 -1
0 2.072110 -0.007607 3.544578 0.000000 0.000000 -1
0 2.072110 -0.007607 3.544578 0.166667 1.000000 -1
0 -0.300104 33.835270 2.520297 0.166667 0.833333 -1
0 0.025259 -0.007607 4.093031 0.000000 0.000000 -1
0 -2.142267 33.835270 3.013902 0.250000 0.833333 -1
0 0.025259 -0.007607 4.093031 0.250000 1.000000 -1
0 -2.021590 -0.007607 3.544578 0.000000 0.000000 -1
0 -2.021590 -0.007607 3.544578 0.333333 1.000000 -1
0 -3.984433 33.835270 2.520297 0.333333 0.833333 -1
0 -3.519989 -0.007607 2.046178 0.000000 0.000000 -1
0 -5.332988 33.835270 1.171737 0.416667 0.833333 -1
0 -3.519989 -0.007607 2.046178 0.416667 1.000000 -1
0 -4.068440 -0.007607 -0.000669 0.000000 0.000000 -1
0 -4.068440 -0.007607 -0.000669 0.500000 1.000000 -1
0 -5.826595 33.835270 -0.670427 0.500000 0.833333 -1
0 -3.519989 -0.007607 -2.047520 0.000000 0.000000 -1
0 -5.332988 33.835270 -2.512592 0.583333 0.833333 -1
0 -3.519989 -0.007607 -2.047520 0.583333 1.000000 -1
0 -2.021590 -0.007607 -3.545915 0.000000 0.000000 -1
0 -2.021590 -0.007607 -3.545915 0.666667 1.000000 -1
0 -3.984433 33.835270 -3.861145 0.666667 0.833333 -1
0 0.025259 -0.007607 -4.094364 0.000000 0.000000 -1
0 -2.142267 33.835270 -4.354752 0.750000 0.833333 -1
0 0.025259 -0.007607 -4.094364 0.750000 1.000000 -1
0 2.072110 -0.007607 -3.545915 0.000000 0.000000 -1
0 2.072110 -0.007607 -3.545915 0.833333 1.000000 -1
0 -0.300104 33.835270 -3.861145 0.833333 0.833333 -1
0 3.570509 -0.007607 -2.047520 0.000000 0.000000 -1
0 1.048455 33.835270 -2.512592 0.916667 0.833333 -1
0 3.570509 -0.007607 -2.047520 0.916667 1.000000 -1
0 4.118960 -0.007607 -0.000669 1.000000 1.000000 -1
0 1.542060 33.835270 -0.670427 1.000000 0.833333 -1
0 -2.140201 38.331642 -0.670427 0.000000 0.000000 -1
0 -0.544280 37.830193 0.265274 0.083333 0.166667 -1
0 -0.297389 37.830193 -0.670427 0.000000 0.166667 -1
0 -2.140201 38.331642 -0.670427 0.083333 0.000000 -1
0 -1.218796 37.830193 0.950257 0.166667 0.166667 -1
0 -2.140201 38.331642 -0.670427 0.166667 0.000000 -1
0 -2.140201 37.830193 1.200977 0.250000 0.166667 -1
0 -2.140201 38.331642 -0.670427 0.250000 0.000000 -1
0 -3.061608 37.830193 0.950257 0.333333 0.166667 -1
0 -2.140201 38.331642 -0.670427 0.333333 0.000000 -1
0 -3.736123 37.830193 0.265274 0.416667 0.166667 -1
0 -2.140201 38.331642 -0.670427 0.416667 0.000000 -1
0 -3.983013 37.830193 -0.670427 0.500000 0.166667 -1
0 -2.140201 38.331642 -0.670427 0.500000 0.000000 -1
0 -3.736123 37.830193 -1.606129 0.583333 0.166667 -1
0 -2.140201 38.331642 -0.670427 0.583333 0.000000 -1
0 -3.061608 37.830193 -2.291111 0.666667 0.166667 -1
0 -2.140201 38.331642 -0.670427 0.666667 0.000000 -1
0 -2.140201 37.830193 -2.541832 0.750000 0.166667 -1
0 -2.140201 38.331642 -0.670427 0.750000 0.000000 -1
0 -1.218796 37.830193 -2.291111 0.833333 0.166667 -1
0 -2.140201 38.331642 -0.670427 0.833333 0.000000 -1
0 -0.544280 37.830193 -1.606129 0.916667 0.166667 -1
0 -2.140201 38.331642 -0.670427 0.916667 0.000000 -1
0 -0.297389 37.830193 -0.670427 1.000000 0.166667 -1
0 1.545423 33.828564 -0.670427 0.000000 0.500000 -1
0 1.051641 36.460232 -0.670427 0.000000 0.333333 -1
0 0.624015 36.460232 0.950257 0.083333 0.333333 -1
0 1.051641 33.828564 1.200977 0.083333 0.500000 -1
0 -0.297389 33.828564 2.570941 0.166667 0.500000 -1
0 -0.544280 36.460232 2.136681 0.166667 0.333333 -1
0 -2.140201 36.460232 2.570941 0.250000 0.333333 -1
0 -2.140201 33.828564 3.072385 0.250000 0.500000 -1
0 -3.983013 33.828564 2.570941 0.333333 0.500000 -1
0 -3.736123 36.460232 2.136681 0.333333 0.333333 -1
0 -4.904418 36.460232 0.950257 0.416667 0.333333 -1
0 -5.332043 33.828564 1.200977 0.416667 0.500000 -1
0 -5.825823 33.828564 -0.670427 0.500000 0.500000 -1
0 -5.332043 36.460232 -0.670427 0.500000 0.333333 -1
0 -4.904418 36.460232 -2.291111 0.583333 0.333333 -1
0 -5.332043 33.828564 -2.541832 0.583333 0.500000 -1
0 -3.983013 33.828564 -3.911792 0.666667 0.500000 -1
0 -3.736123 36.460232 -3.477532 0.666667 0.333333 -1
0 -2.140201 36.460232 -3.911792 0.750000 0.333333 -1
0 -2.140201 33.828564 -4.413233 0.750000 0.500000 -1
0 -0.297389 33.828564 -3.911792 0.833333 0.500000 -1
0 -0.544280 36.460232 -3.477532 0.833333 0.333333 -1
0 0.624015 36.460232 -2.291111 0.916667 0.333333 -1
0 1.051641 33.828564 -2.541832 0.916667 0.500000 -1
0 1.545423 33.828564 -0.670427 1.000000 0.500000 -1
0 1.051641 36.460232 -0.670427 1.000000 0.333333 -1
0 2.431430 15.514652 -0.670427 0.000000 1.000000 -1
0 5.894658 18.612068 -0.670427 0.000000 0.833333 -1
0 5.688556 18.818169 0.417352 0.083333 0.833333 -1
0 2.153697 15.802259 0.821727 0.083333 1.000000 -1
0 1.394882 16.587997 1.914058 0.166667 1.000000 -1
0 5.125473 19.381229 1.213662 0.166667 0.833333 -1
0 4.356304 20.150455 1.505131 0.250000 0.833333 -1
0 0.358361 17.661366 2.313879 0.250000 1.000000 -1
0 -0.678181 18.734734 1.914058 0.333333 1.000000 -1
0 3.587121 20.919617 1.213662 0.333333 0.833333 -1
0 3.024047 21.482693 0.417352 0.416667 0.833333 -1
0 -1.436981 19.520481 0.821727 0.416667 1.000000 -1
0 -1.714717 19.808102 -0.670427 0.500000 1.000000 -1
0 2.817940 21.688793 -0.670427 0.500000 0.833333 -1
0 3.024047 21.482693 -1.758206 0.583333 0.833333 -1
0 -1.436981 19.520481 -2.162581 0.583333 1.000000 -1
0 -0.678181 18.734734 -3.254910 0.666667 1.000000 -1
0 3.587121 20.919617 -2.554517 0.666667 0.833333 -1
0 4.356304 20.150455 -2.845985 0.750000 0.833333 -1
0 0.358361 17.661366 -3.654730 0.750000 1.000000 -1
0 1.394882 16.587997 -3.254910 0.833333 1.000000 -1
0 5.125473 19.381229 -2.554517 0.833333 0.833333 -1
0 5.688556 18.818169 -1.758206 0.916667 0.833333 -1
0 2.153697 15.802259 -2.162581 0.916667 1.000000 -1
0 2.431430 15.514652 -0.670427 1.000000 1.000000 -1
0 5.894658 18.612068 -0.670427 1.000000 0.833333 -1
0 5.777490 18.484051 -0.670427 0.000000 1.000000 -1
0 6.346924 20.814083 -0.670427 0.000000 0.833333 -1
0 6.115985 20.984360 0.382542 0.083333 0.833333 -1
0 5.546541 18.654312 0.382542 0.083333 1.000000 -1
0 7.210397 24.527515 -0.670427 0.000000 0.666667 -1
0 6.923482 24.529526 0.382542 0.083333 0.666667 -1
0 4.915595 19.119480 1.153371 0.166667 1.000000 -1
0 5.485033 21.449539 1.153371 0.166667 0.833333 -1
0 6.139613 24.534992 1.153371 0.166667 0.666667 -1
0 4.623140 22.084988 1.435513 0.250000 0.833333 -1
0 4.053694 19.754913 1.435513 0.250000 1.000000 -1
0 5.068825 24.542461 1.435513 0.250000 0.666667 -1
0 3.191804 20.390358 1.153371 0.333333 1.000000 -1
0 4.124848 22.535145 1.153371 0.333333 0.833333 -1
0 3.998025 24.549931 1.153371 0.333333 0.666667 -1
0 3.395002 22.821178 0.382542 0.416667 0.833333 -1
0 2.560851 20.855530 0.382542 0.416667 1.000000 -1
0 3.214151 24.555420 0.382542 0.416667 0.666667 -1
0 2.329911 21.025799 -0.670427 0.500000 1.000000 -1
0 3.127855 22.925873 -0.670427 0.500000 0.833333 -1
0 2.927231 24.557419 -0.670427 0.500000 0.666667 -1
0 3.395002 22.821178 -1.723398 0.583333 0.833333 -1
0 2.560851 20.855530 -1.723398 0.583333 1.000000 -1
0 3.214151 24.555420 -1.723398 0.583333 0.666667 -1
0 3.191804 20.390358 -2.494224 0.666667 1.000000 -1
0 4.124848 22.535145 -2.494224 0.666667 0.833333 -1
0 3.998025 24.549931 -2.494224 0.666667 0.666667 -1
0 4.623140 22.084988 -2.776366 0.750000 0.833333 -1
0 4.053694 19.754913 -2.776366 0.750000 1.000000 -1
0 5.068825 24.542461 -2.776366 0.750000 0.666667 -1
0 4.915595 19.119480 -2.494224 0.833333 1.000000 -1
0 5.485033 21.449539 -2.494224 0.833333 0.833333 -1
0 6.139613 24.534992 -2.494224 0.833333 0.666667 -1
0 6.115985 20.984360 -1.723398 0.916667 0.833333 -1
0 5.546541 18.654312 -1.723398 0.916667 1.000000 -1
0 6.923482 24.529526 -1.723398 0.916667 0.666667 -1
0 5.777490 18.484051 -0.670427 1.000000 1.000000 -1
0 6.346924 20.814083 -0.670427 1.000000 0.833333 -1
0 7.210397 24.527515 -0.670427 1.000000 0.666667 -1
0 5.675025 29.446915 -0.670427 0.000000 0.000000 -1
0 6.614513 29.156227 -0.128014 0.083333 0.166667 -1
0 6.759854 29.156227 -0.670427 0.000000 0.166667 -1
0 5.675025 29.446915 -0.670427 0.083333 0.000000 -1
0 6.217440 29.156227 0.269062 0.166667 0.166667 -1
0 5.675025 29.446915 -0.670427 0.166667 0.000000 -1
0 5.675025 29.156227 0.414403 0.250000 0.166667 -1
0 5.675025 29.446915 -0.670427 0.250000 0.000000 -1
0 5.132608 29.156227 0.269062 0.333333 0.166667 -1
0 5.675025 29.446915 -0.670427 0.333333 0.000000 -1
0 4.735531 29.156227 -0.128014 0.416667 0.166667 -1
0 5.675025 29.446915 -0.670427 0.416667 0.000000 -1
0 4.590195 29.156227 -0.670427 0.500000 0.166667 -1
0 5.675025 29.446915 -0.670427 0.500000 0.000000 -1
0 4.735531 29.156227 -1.212842 0.583333 0.166667 -1
0 5.675025 29.446915 -0.670427 0.583333 0.000000 -1
0 5.132608 29.156227 -1.609917 0.666667 0.166667 -1
0 5.675025 29.446915 -0.670427 0.666667 0.000000 -1
0 5.675025 29.156227 -1.755257 0.750000 0.166667 -1
0 5.675025 29.446915 -0.670427 0.750000 0.000000 -1
0 6.217440 29.156227 -1.609917 0.833333 0.166667 -1
0 5.675025 29.446915 -0.670427 0.833333 0.000000 -1
0 6.614513 29.156227 -1.212842 0.916667 0.166667 -1
0 5.675025 29.446915 -0.670427 0.916667 0.000000 -1
0 6.759854 29.156227 -0.670427 1.000000 0.166667 -1
0 7.230628 24.514011 -0.670427 0.000000 0.500000 -1
0 7.001354 26.274296 -0.670427 0.000000 0.333333 -1
0 6.749619 26.274296 0.269062 0.083333 0.333333 -1
0 6.939948 24.514011 0.414403 0.083333 0.500000 -1
0 6.145799 24.514011 1.208552 0.166667 0.500000 -1
0 6.061863 26.274296 0.956816 0.166667 0.333333 -1
0 5.122375 26.274296 1.208552 0.250000 0.333333 -1
0 5.060969 24.514011 1.499231 0.250000 0.500000 -1
0 3.976140 24.514011 1.208552 0.333333 0.500000 -1
0 4.182881 26.274296 0.956816 0.333333 0.333333 -1
0 3.495131 26.274296 0.269062 0.416667 0.333333 -1
0 3.181990 24.514011 0.414403 0.416667 0.500000 -1
0 2.891311 24.514011 -0.670427 0.500000 0.500000 -1
0 3.243393 26.274296 -0.670427 0.500000 0.333333 -1
0 3.495131 26.274296 -1.609917 0.583333 0.333333 -1
0 3.181990 24.514011 -1.755257 0.583333 0.500000 -1
0 3.976140 24.514011 -2.549407 0.666667 0.500000 -1
0 4.182881 26.274296 -2.297671 0.666667 0.333333 -1
0 5.122375 26.274296 -2.549407 0.750000 0.333333 -1
0 5.060969 24.514011 -2.840085 0.750000 0.500000 -1
0 6.145799 24.514011 -2.549407 0.833333 0.500000 -1
0 6.061863 26.274296 -2.297671 0.833333 0.333333 -1
0 6.749619 26.274296 -1.609917 0.916667 0.333333 -1
0 6.939948 24.514011 -1.755257 0.916667 0.500000 -1
0 7.230628 24.514011 -0.670427 1.000000 0.500000 -1
0 7.001354 26.274296 -0.670427 1.000000 0.333333 -1
0 -2.601810 12.699520 -4.727782 0.000000 1.000000 -1
0 -5.609272 19.354996 -9.152267 0.000000 0.833333 -1
0 -4.717868 19.521946 -9.250232 0.083333 0.833333 -1
0 -1.380199 12.932487 -4.866031 0.083333 1.000000 -1
0 -0.354366 13.568943 -4.536932 0.166667 1.000000 -1
0 -3.967688 19.978020 -9.002643 0.166667 0.833333 -1
0 -3.559761 20.601097 -8.475865 0.250000 0.833333 -1
0 0.200818 14.438374 -3.828715 0.250000 1.000000 -1
0 0.136579 15.307810 -2.931127 0.333333 1.000000 -1
0 -3.603372 21.224110 -7.811026 0.333333 0.833333 -1
0 -4.086858 21.680202 -7.186282 0.416667 0.833333 -1
0 -0.529844 15.944263 -2.084666 0.416667 1.000000 -1
0 -1.619906 16.177231 -1.516161 0.500000 1.000000 -1
0 -4.880646 21.847157 -6.769025 0.500000 0.833333 -1
0 -5.772058 21.680202 -6.671061 0.583333 0.833333 -1
0 -2.841515 15.944263 -1.377918 0.583333 1.000000 -1
0 -3.867343 15.307810 -1.706999 0.666667 1.000000 -1
0 -6.522235 21.224110 -6.918645 0.666667 0.833333 -1
0 -6.930165 20.601097 -7.445425 0.750000 0.833333 -1
0 -4.422526 14.438374 -2.415230 0.750000 1.000000 -1
0 -4.358295 13.568943 -3.312808 0.833333 1.000000 -1
0 -6.886545 19.978020 -8.110258 0.833333 0.833333 -1
0 -6.403073 19.521946 -8.735009 0.916667 0.833333 -1
0 -3.691863 12.932487 -4.159278 0.916667 1.000000 -1
0 -2.601810 12.699520 -4.727782 1.000000 1.000000 -1
0 -5.609272 19.354996 -9.152267 1.000000 0.833333 -1
0 -5.581524 19.251289 -9.061507 0.000000 1.000000 -1
0 -5.716378 21.138626 -9.502593 0.000000 0.833333 -1
0 -4.846054 21.276550 -9.573083 0.083333 0.833333 -1
0 -4.711199 19.389198 -9.131978 0.083333 1.000000 -1
0 -6.159116 27.186089 -11.061715 0.000000 0.666667 -1
0 -5.275524 27.187702 -11.088834 0.083333 0.666667 -1
0 -3.964689 19.765999 -8.825793 0.166667 1.000000 -1
0 -4.099544 21.653347 -9.266891 0.166667 0.833333 -1
0 -4.492797 27.192139 -10.664191 0.166667 0.666667 -1
0 -3.676880 22.168060 -8.666074 0.250000 0.833333 -1
0 -3.542027 20.280708 -8.224977 0.250000 1.000000 -1
0 -4.020668 27.198185 -9.901572 0.250000 0.666667 -1
0 -3.556460 20.795418 -7.490530 0.333333 1.000000 -1
0 -3.777422 22.532696 -8.213279 0.333333 0.833333 -1
0 -3.985626 27.204247 -9.005309 0.333333 0.666667 -1
0 -4.201673 22.764366 -7.465382 0.416667 0.833333 -1
0 -4.004125 21.172192 -6.819245 0.416667 1.000000 -1
0 -4.397075 27.208672 -8.215562 0.416667 0.666667 -1
0 -4.765071 21.310131 -6.390988 0.500000 1.000000 -1
0 -4.954037 22.849167 -7.009083 0.500000 0.833333 -1
0 -5.144769 27.210300 -7.743950 0.500000 0.666667 -1
0 -5.832941 22.764366 -6.966652 0.583333 0.833333 -1
0 -5.635399 21.172192 -6.320512 0.583333 1.000000 -1
0 -6.028361 27.208672 -7.716831 0.583333 0.666667 -1
0 -6.381910 20.795418 -6.626698 0.666667 1.000000 -1
0 -6.602872 22.532696 -7.349449 0.666667 0.833333 -1
0 -6.811082 27.204247 -8.141479 0.666667 0.666667 -1
0 -6.939435 22.168060 -7.668606 0.750000 0.833333 -1
0 -6.804574 20.280708 -7.227513 0.750000 1.000000 -1
0 -7.283221 27.198185 -8.904103 0.750000 0.666667 -1
0 -6.790143 19.765999 -7.961960 0.833333 1.000000 -1
0 -6.924992 21.653347 -8.403056 0.833333 0.833333 -1
0 -7.318255 27.192139 -9.800370 0.833333 0.666667 -1
0 -6.477326 21.276550 -9.074347 0.916667 0.833333 -1
0 -6.342474 19.389198 -8.633246 0.916667 1.000000 -1
0 -6.906802 27.187702 -10.590104 0.916667 0.666667 -1
0 -5.581524 19.251289 -9.061507 1.000000 1.000000 -1
0 -5.716378 21.138626 -9.502593 1.000000 0.833333 -1
0 -6.159116 27.186089 -11.061715 1.000000 0.666667 -1
0 -5.650081 28.932556 -9.396752 0.000000 0.000000 -1
0 -5.452413 28.697105 -10.252944 0.083333 0.166667 -1
0 -5.906991 28.697105 -10.237069 0.000000 0.166667 -1
0 -5.650081 28.932556 -9.396752 0.083333 0.000000 -1
0 -5.050803 28.697105 -10.039405 0.166667 0.166667 -1
0 -5.650081 28.932556 -9.396752 0.166667 0.000000 -1
0 -4.809766 28.697105 -9.653665 0.250000 0.166667 -1
0 -5.650081 28.932556 -9.396752 0.250000 0.000000 -1
0 -4.793890 28.697105 -9.199088 0.333333 0.166667 -1
0 -5.650081 28.932556 -9.396752 0.333333 0.000000 -1
0 -5.007431 28.697105 -8.797475 0.416667 0.166667 -1
0 -5.650081 28.932556 -9.396752 0.416667 0.000000 -1
0 -5.393172 28.697105 -8.556439 0.500000 0.166667 -1
0 -5.650081 28.932556 -9.396752 0.500000 0.000000 -1
0 -5.847749 28.697105 -8.540561 0.583333 0.166667 -1
0 -5.650081 28.932556 -9.396752 0.583333 0.000000 -1
0 -6.249363 28.697105 -8.754100 0.666667 0.166667 -1
0 -5.650081 28.932556 -9.396752 0.666667 0.000000 -1
0 -6.490399 28.697105 -9.139846 0.750000 0.166667 -1
0 -5.650081 28.932556 -9.396752 0.750000 0.000000 -1
0 -6.506273 28.697105 -9.594422 0.833333 0.166667 -1
0 -5.650081 28.932556 -9.396752 0.833333 0.000000 -1
0 -6.292728 28.697105 -9.996032 0.916667 0.166667 -1
0 -5.650081 28.932556 -9.396752 0.916667 0.000000 -1
0 -5.906991 28.697105 -10.237069 1.000000 0.166667 -1
0 -6.163904 27.175133 -11.077388 0.000000 0.500000 -1
0 -6.095065 28.053852 -10.852225 0.000000 0.333333 -1
0 -5.307710 28.053852 -10.879722 0.083333 0.333333 -1
0 -5.254744 27.175133 -11.109134 0.083333 0.500000 -1
0 -4.451519 27.175133 -10.682055 0.166667 0.500000 -1
0 -4.612097 28.053852 -10.509856 0.166667 0.333333 -1
0 -4.194613 28.053852 -9.841739 0.250000 0.333333 -1
0 -3.969453 27.175133 -9.910577 0.250000 0.500000 -1
0 -3.937702 27.175133 -9.001416 0.333333 0.500000 -1
0 -4.167112 28.053852 -9.054383 0.333333 0.333333 -1
0 -4.536976 28.053852 -8.358771 0.416667 0.333333 -1
0 -4.364784 27.175133 -8.198194 0.416667 0.500000 -1
0 -5.136258 27.175133 -7.716118 0.500000 0.500000 -1
0 -5.205103 28.053852 -7.941282 0.500000 0.333333 -1
0 -5.992453 28.053852 -7.913788 0.583333 0.333333 -1
0 -6.045418 27.175133 -7.684371 0.583333 0.500000 -1
0 -6.848647 27.175133 -8.111454 0.666667 0.500000 -1
0 -6.688069 28.053852 -8.283654 0.666667 0.333333 -1
0 -7.105556 28.053852 -8.951772 0.750000 0.333333 -1
0 -7.330714 27.175133 -8.882934 0.750000 0.500000 -1
0 -7.362464 27.175133 -9.792089 0.833333 0.500000 -1
0 -7.133049 28.053852 -9.739120 0.833333 0.333333 -1
0 -6.763188 28.053852 -10.434741 0.916667 0.333333 -1
0 -6.935384 27.175133 -10.595315 0.916667 0.500000 -1
0 -6.163904 27.175133 -11.077388 1.000000 0.500000 -1
0 -6.095065 28.053852 -10.852225 1.000000 0.333333 -1
310
0.000000 -1.000000 0.000000
0.962951 0.078428 0.258021
0.962951 0.078428 0.258021
0.863401 0.077225 0.498573
0.863401 0.077225 0.498573
0.498904 0.061135 0.864498
0.498904 0.061135 0.864498
-0.000137 0.031861 0.999492
-0.000137 0.031862 0.999492
-0.499988 -0.002788 0.866028
-0.499988 -0.002788 0.866028
-0.865486 -0.033451 0.499815
-0.865486 -0.033451 0.499815
-0.998653 -0.051879 0.000069
-0.998653 -0.051879 0.000069
-0.864773 -0.053189 -0.499338
-0.864773 -0.053189 -0.499338
-0.499559 -0.037035 -0.865488
-0.499559 -0.037035 -0.865488
0.000033 -0.007692 -0.999970
0.000033 -0.007692 -0.999970
0.499715 0.026963 -0.865770
0.499715 0.026963 -0.865770
0.864495 0.057562 -0.499335
0.864495 0.057562 -0.499335
0.963673 0.068267 -0.258215
0.963673 0.068267 -0.258214
0.261936 0.962607 0.069114
0.436316 0.864867 0.248262
0.572245 0.806063 0.150990
0.191843 0.963072 0.188912
0.290568 0.818231 0.496052
0.070253 0.963538 0.258184
0.000000 0.867075 0.498178
-0.070253 0.963538 0.258184
-0.290568 0.818231 0.496052
-0.191844 0.963072 0.188912
-0.436316 0.864867 0.248261
-0.261936 0.962607 0.069113
-0.578882 0.815411 0.000000
-0.261936 0.962607 -0.069113
-0.436316 0.864867 -0.248262
-0.191843 0.963072 -0.188912
-0.290568 0.818231 -0.496053
-0.070253 0.963538 -0.258183
0.000000 0.867074 -0.498179
0.070254 0.963538 -0.258183
0.290568 0.818231 -0.496053
0.191843 0.963072 -0.188912
0.436316 0.864867 -0.248262
0.261936 0.962607 -0.069114
0.572245 0.806063 -0.150990
0.951378 0.178508 0.251027
0.861987 0.453044 0.227440
0.768671 0.466428 0.437710
0.853892 0.185093 0.486426
0.496171 0.186474 0.847964
0.446214 0.468838 0.762288
0.000000 0.470056 0.882636
-0.000000 0.187175 0.982327
-0.496171 0.186474 0.847964
-0.446214 0.468838 0.762289
-0.768671 0.466428 0.437709
-0.853892 0.185093 0.486425
-0.982849 0.184412 0.000000
-0.885186 0.465237 -0.000000
-0.768671 0.466428 -0.437710
-0.853892 0.185093 -0.486426
-0.496170 0.186474 -0.847964
-0.446214 0.468837 -0.762289
0.000000 0.470056 -0.882637
-0.000000 0.187174 -0.982327
0.496170 0.186474 -0.847964
0.446214 0.468838 -0.762289
0.768671 0.466428 -0.437710
0.853891 0.185093 -0.486426
0.951378 0.178508 -0.251027
0.861987 0.453044 -0.227440
0.643960 -0.720050 0.258543
0.643995 -0.720053 0.258446
0.594506 -0.629714 0.500023
0.594481 -0.629728 0.500035
0.395722 -0.311731 0.863845
0.395406 -0.311426 0.864100
0.125103 0.119388 0.984934
0.125743 0.118081 0.985011
-0.137033 0.534813 0.833785
-0.137934 0.536218 0.832733
-0.319322 0.822510 0.470649
-0.318813 0.822043 0.471808
-0.383420 0.923574 -0.000000
-0.383241 0.923649 0.000000
-0.319322 0.822510 -0.470649
-0.318813 0.822043 -0.471809
-0.137033 0.534812 -0.833785
-0.137935 0.536218 -0.832733
0.125102 0.119388 -0.984935
0.125742 0.118080 -0.985011
0.395721 -0.311731 -0.863845
0.395405 -0.311426 -0.864100
0.594506 -0.629714 -0.500023
0.594480 -0.629728 -0.500036
0.643960 -0.720050 -0.258543
0.643995 -0.720053 -0.258446
0.942086 -0.230236 0.243854
0.943497 -0.224976 0.243310
0.852293 -0.200347 0.483176
0.852501 -0.208344 0.479411
0.943586 -0.217170 0.249965
0.845660 -0.192620 0.497751
0.505798 -0.123612 0.853750
0.509716 -0.116291 0.852447
0.501836 -0.107237 0.858290
-0.045976 0.000848 0.998942
-0.000001 0.000000 1.000000
0.000001 -0.000000 1.000000
-0.496564 0.201187 0.844362
-0.579534 0.092925 0.809633
-0.565303 -0.027063 0.824439
-0.852883 0.128650 0.506004
-0.799070 0.339097 0.496488
-0.859359 -0.089616 0.503459
-0.921270 0.388923 0.000000
-0.990688 0.136149 0.000000
-0.993604 -0.112922 0.000000
-0.852882 0.128650 -0.506005
-0.799070 0.339097 -0.496488
-0.859359 -0.089616 -0.503460
-0.496563 0.201187 -0.844363
-0.579534 0.092925 -0.809633
-0.565302 -0.027063 -0.824440
-0.045976 0.000848 -0.998942
-0.000001 0.000000 -1.000000
0.000001 -0.000000 -1.000000
0.505797 -0.123611 -0.853750
0.509715 -0.116291 -0.852447
0.501835 -0.107237 -0.858290
0.852292 -0.200347 -0.483176
0.852500 -0.208344 -0.479412
0.845660 -0.192619 -0.497752
0.942086 -0.230237 -0.243854
0.943497 -0.224976 -0.243310
0.943586 -0.217170 -0.249964
0.258206 0.963609 0.069187
0.651293 0.659380 0.375548
0.864779 0.445493 0.231718
0.189021 0.963609 0.189019
0.429250 0.517025 0.740560
0.069187 0.963609 0.258206
0.001805 0.715626 0.698482
-0.069186 0.963609 0.258206
-0.390362 0.619395 0.681151
-0.189019 0.963609 0.189020
-0.558630 0.763555 0.323909
-0.258206 0.963610 0.069184
-0.748915 0.662666 0.000000
-0.258206 0.963610 -0.069184
-0.558630 0.763555 -0.323909
-0.189019 0.963610 -0.189020
-0.390361 0.619395 -0.681152
-0.069186 0.963609 -0.258206
0.001805 0.715626 -0.698482
0.069186 0.963609 -0.258206
0.429249 0.517025 -0.740560
0.189020 0.963609 -0.189019
0.651292 0.659380 -0.375548
0.258206 0.963609 -0.069187
0.864779 0.445493 -0.231718
0.958371 0.124826 0.256795
0.960811 0.102778 0.257448
0.859846 0.121253 0.495945
0.858326 0.133707 0.495378
0.494886 0.146097 0.856588
0.494400 0.161334 0.854131
0.001779 0.214307 0.976765
0.000371 0.162913 0.986640
-0.491565 0.179594 0.852120
-0.480514 0.264750 0.836070
-0.825572 0.299837 0.478047
-0.849853 0.191715 0.490913
-0.980578 0.196130 0.000000
-0.949995 0.312264 0.000000
-0.825572 0.299837 -0.478046
-0.849853 0.191715 -0.490912
-0.491565 0.179594 -0.852121
-0.480514 0.264750 -0.836070
0.001779 0.214307 -0.976765
0.000371 0.162912 -0.986641
0.494886 0.146097 -0.856588
0.494400 0.161334 -0.854131
0.859846 0.121253 -0.495945
0.858326 0.133707 -0.495377
0.958371 0.124826 -0.256795
0.960811 0.102778 -0.257448
0.010844 -0.550142 -0.835001
0.011247 -0.550052 -0.835054
0.245230 -0.447774 -0.859861
0.244397 -0.448286 -0.859832
0.643954 -0.158422 -0.748482
0.645187 -0.157219 -0.747674
0.868934 0.183639 -0.459599
0.868435 0.182228 -0.461100
0.865754 0.496711 -0.061215
0.865359 0.497549 -0.059991
0.624535 0.698291 0.349781
0.624903 0.698198 0.349307
0.201018 0.725448 0.658269
0.200916 0.725435 0.658313
-0.284792 0.567484 0.772564
-0.284461 0.567615 0.772590
-0.696203 0.272596 0.664073
-0.696732 0.272039 0.663746
-0.927219 -0.078396 0.366223
-0.927022 -0.077772 0.366854
-0.917498 -0.395250 -0.044441
-0.917395 -0.395446 -0.044823
-0.663163 -0.591426 -0.458727
-0.663132 -0.591420 -0.458779
-0.461703 -0.626238 -0.628217
-0.461863 -0.626251 -0.628087
-0.042247 -0.230238 -0.972217
-0.040313 -0.241183 -0.969642
0.215005 -0.217588 -0.952065
0.209217 -0.208347 -0.955416
-0.033804 -0.251189 -0.967348
0.227627 -0.226315 -0.947084
0.668567 -0.123613 -0.733306
0.670602 -0.129690 -0.730393
0.677516 -0.134713 -0.723066
0.966604 0.010718 -0.256051
0.956306 -0.000001 -0.292369
0.956328 -0.006416 -0.292226
0.952649 0.201188 0.228000
0.945203 0.160300 0.284422
0.959131 0.093136 0.267194
0.723476 0.243250 0.646074
0.708421 0.339097 0.618993
0.728783 0.145003 0.669216
0.269354 0.388926 0.881014
0.280546 0.280988 0.917791
0.288030 0.171521 0.942135
-0.238630 0.246670 0.939260
-0.241169 0.339098 0.909313
-0.229666 0.152165 0.961301
-0.662282 0.201191 0.721737
-0.626234 0.165452 0.761877
-0.647262 0.104144 0.755120
-0.945123 0.016683 0.326288
-0.956304 -0.000002 0.292374
-0.956328 0.006415 0.292224
-0.964326 -0.123611 -0.234085
-0.964319 -0.125340 -0.233192
-0.966630 -0.125252 -0.223471
-0.710745 -0.215036 -0.669777
-0.707710 -0.208343 -0.675085
-0.719237 -0.221144 -0.658630
-0.508634 -0.230236 -0.829628
-0.508786 -0.239956 -0.826776
-0.513082 -0.248653 -0.821535
-0.009329 0.963611 -0.267145
0.112076 0.867046 -0.485458
-0.020484 0.809644 -0.586564
0.125493 0.963611 -0.236018
0.391180 0.819150 -0.419489
0.226690 0.963611 -0.141652
0.476459 0.867045 -0.145669
0.267145 0.963611 -0.009330
0.558879 0.819150 0.129026
0.236019 0.963611 0.125493
0.364380 0.867046 0.339791
0.141651 0.963611 0.226691
0.167699 0.819149 0.548518
0.009332 0.963611 0.267145
-0.112073 0.867045 0.485460
-0.125492 0.963611 0.236019
-0.391181 0.819150 0.419489
-0.226691 0.963611 0.141649
-0.476458 0.867046 0.145665
-0.267145 0.963611 0.009329
-0.558877 0.819151 -0.129028
-0.236018 0.963611 -0.125496
-0.364378 0.867047 -0.339790
-0.141653 0.963611 -0.226690
-0.311020 0.809645 -0.497736
-0.033786 0.250559 -0.967512
-0.030448 0.488760 -0.871887
0.194589 0.501717 -0.842861
0.217286 0.258814 -0.941171
0.658761 0.258817 -0.706433
0.589951 0.501718 -0.632643
0.827235 0.501715 -0.252912
0.923721 0.258815 -0.282408
0.941171 0.258813 0.217284
0.842863 0.501715 0.194587
0.632644 0.501717 0.589951
0.706436 0.258814 0.658759
0.282409 0.258819 0.923720
0.252909 0.501719 0.827234
-0.194589 0.501717 0.842861
-0.217286 0.258818 0.941169
-0.658761 0.258818 0.706433
-0.589950 0.501717 0.632644
-0.827235 0.501716 0.252909
-0.923722 0.258813 0.282408
-0.941171 0.258816 -0.217284
-0.842862 0.501717 -0.194587
-0.632644 0.501719 -0.589950
-0.706435 0.258814 -0.658760
-0.513013 0.250560 -0.820998
-0.462307 0.488761 -0.739855
360
0 0 1 2 0 0 0 2
0 3 4 5 1 2 3 1
0 3 5 6 1 3 4 1
0 1 7 2 0 0 0 2
0 6 5 8 4 3 5 1
0 5 9 8 3 6 5 1
0 7 10 2 0 0 0 2
0 8 9 11 5 6 7 1
0 8 11 12 5 7 8 1
0 10 13 2 0 0 0 2
0 12 11 14 8 7 9 1
0 11 15 14 7 10 9 1
0 13 16 2 0 0 0 2
0 14 15 17 9 10 11 1
0 14 17 18 9 11 12 1
0 16 19 2 0 0 0 2
0 18 17 20 12 11 13 1
0 17 21 20 11 14 13 1
0 19 22 2 0 0 0 2
0 20 21 23 13 14 15 1
0 20 23 24 13 15 16 1
0 22 25 2 0 0 0 2
0 24 23 26 16 15 17 1
0 23 27 26 15 18 17 1
0 25 28 2 0 0 0 2
0 26 27 29 17 18 19 1
0 26 29 30 17 19 20 1
0 28 31 2 0 0 0 2
0 30 29 32 20 19 21 1
0 29 33 32 19 22 21 1
0 31 34 2 0 0 0 2
0 32 33 35 21 22 23 1
0 32 35 36 21 23 24 1
0 34 0 2 0 0 0 2
0 36 35 37 24 23 25 1
0 35 38 37 23 26 25 1
0 39 40 41 27 28 29 1
0 42 43 40 30 31 28 1
0 44 45 43 32 33 31 1
0 46 47 45 34 35 33 1
0 48 49 47 36 37 35 1
0 50 51 49 38 39 37 1
0 52 53 51 40 41 39 1
0 54 55 53 42 43 41 1
0 56 57 55 44 45 43 1
0 58 59 57 46 47 45 1
0 60 61 59 48 49 47 1
0 62 63 61 50 51 49 1
0 64 65 66 52 53 54 1
0 64 66 67 52 54 55 1
0 67 66 68 55 54 56 1
0 66 69 68 54 57 56 1
0 68 69 70 56 57 58 1
0 68 70 71 56 58 59 1
0 71 70 72 59 58 60 1
0 70 73 72 58 61 60 1
0 72 73 74 60 61 62 1
0 72 74 75 60 62 63 1
0 75 74 76 63 62 64 1
0 74 77 76 62 65 64 1
0 76 77 78 64 65 66 1
0 76 78 79 64 66 67 1
0 79 78 80 67 66 68 1
0 78 81 80 66 69 68 1
0 80 81 82 68 69 70 1
0 80 82 83 68 70 71 1
0 83 82 84 71 70 72 1
0 82 85 84 70 73 72 1
0 84 85 86 72 73 74 1
0 84 86 87 72 74 75 1
0 87 86 88 75 74 76 1
0 86 89 88 74 77 76 1
0 65 41 66 53 29 54 1
0 41 40 66 29 28 54 1
0 66 40 43 54 28 31 1
0 66 43 69 54 31 57 1
0 69 43 70 57 31 58 1
0 43 45 70 31 33 58 1
0 70 45 47 58 33 35 1
0 70 47 73 58 35 61 1
0 73 47 74 61 35 62 1
0 47 49 74 35 37 62 1
0 74 49 51 62 37 39 1
0 74 51 77 62 39 65 1
0 77 51 78 65 39 66 1
0 51 53 78 39 41 66 1
0 78 53 55 66 41 43 1
0 78 55 81 66 43 69 1
0 81 55 82 69 43 70 1
0 55 57 82 43 45 70 1
0 82 57 59 70 45 47 1
0 82 59 85 70 47 73 1
0 85 59 86 73 47 74 1
0 59 61 86 47 49 74 1
0 86 61 63 74 49 51 1
0 86 63 89 74 51 77 1
0 90 91 92 78 79 80 1
0 90 92 93 78 80 81 1
0 93 92 94 81 80 82 1
0 92 95 94 80 83 82 1
0 94 95 96 82 83 84 1
0 94 96 97 82 84 85 1
0 97 96 98 85 84 86 1
0 96 99 98 84 87 86 1
0 98 99 100 86 87 88 1
0 98 100 101 86 88 89 1
0 101 100 102 89 88 90 1
0 100 103 102 88 91 90 1
0 102 103 104 90 91 92 1
0 102 104 105 90 92 93 1
0 105 104 106 93 92 94 1
0 104 107 106 92 95 94 1
0 106 107 108 94 95 96 1
0 106 108 109 94 96 97 1
0 109 108 110 97 96 98 1
0 108 111 110 96 99 98 1
0 110 111 112 98 99 100 1
0 110 112 113 98 100 101 1
0 113 112 114 101 100 102 1
0 112 115 114 100 103 102 1
0 116 117 118 104 105 106 1
0 116 118 119 104 106 107 1
0 117 120 118 105 108 106 1
0 120 121 118 108 109 106 1
0 119 118 122 107 106 110 1
0 118 123 122 106 111 110 1
0 118 121 124 106 109 112 1
0 118 124 123 106 112 111 1
0 122 123 125 110 111 113 1
0 122 125 126 110 113 114 1
0 123 124 125 111 112 113 1
0 124 127 125 112 115 113 1
0 126 125 128 114 113 116 1
0 125 129 128 113 117 116 1
0 125 127 130 113 115 118 1
0 125 130 129 113 118 117 1
0 128 129 131 116 117 119 1
0 128 131 132 116 119 120 1
0 129 130 131 117 118 119 1
0 130 133 131 118 121 119 1
0 132 131 134 120 119 122 1
0 131 135 134 119 123 122 1
0 131 133 136 119 121 124 1
0 131 136 135 119 124 123 1
0 134 135 137 122 123 125 1
0 134 137 138 122 125 126 1
0 135 136 137 123 124 125 1
0 136 139 137 124 127 125 1
0 138 137 140 126 125 128 1
0 137 141 140 125 129 128 1
0 137 139 142 125 127 130 1
0 137 142 141 125 130 129 1
0 140 141 143 128 129 131 1
0 140 143 144 128 131 132 1
0 141 142 143 129 130 131 1
0 142 145 143 130 133 131 1
0 144 143 146 132 131 134 1
0 143 147 146 131 135 134 1
0 143 145 148 131 133 136 1
0 143 148 147 131 136 135 1
0 146 147 149 134 135 137 1
0 146 149 150 134 137 138 1
0 147 148 149 135 136 137 1
0 148 151 149 136 139 137 1
0 150 149 152 138 137 140 1
0 149 153 152 137 141 140 1
0 149 151 154 137 139 142 1
0 149 154 153 137 142 141 1
0 155 156 157 143 144 145 1
0 158 159 156 146 147 144 1
0 160 161 159 148 149 147 1
0 162 163 161 150 151 149 1
0 164 165 163 152 153 151 1
0 166 167 165 154 155 153 1
0 168 169 167 156 157 155 1
0 170 171 169 158 159 157 1
0 172 173 171 160 161 159 1
0 174 175 173 162 163 161 1
0 176 177 175 164 165 163 1
0 178 179 177 166 167 165 1
0 180 181 182 168 169 170 1
0 180 182 183 168 170 171 1
0 183 182 184 171 170 172 1
0 182 185 184 170 173 172 1
0 184 185 186 172 173 174 1
0 184 186 187 172 174 175 1
0 187 186 188 175 174 176 1
0 186 189 188 174 177 176 1
0 188 189 190 176 177 178 1
0 188 190 191 176 178 179 1
0 191 190 192 179 178 180 1
0 190 193 192 178 181 180 1
0 192 193 194 180 181 182 1
0 192 194 195 180 182 183 1
0 195 194 196 183 182 184 1
0 194 197 196 182 185 184 1
0 196 197 198 184 185 186 1
0 196 198 199 184 186 187 1
0 199 198 200 187 186 188 1
0 198 201 200 186 189 188 1
0 200 201 202 188 189 190 1
0 200 202 203 188 190 191 1
0 203 202 204 191 190 192 1
0 202 205 204 190 193 192 1
0 181 157 182 169 145 170 1
0 157 156 182 145 144 170 1
0 182 156 159 170 144 147 1
0 182 159 185 170 147 173 1
0 185 159 186 173 147 174 1
0 159 161 186 147 149 174 1
0 186 161 163 174 149 151 1
0 186 163 189 174 151 177 1
0 189 163 190 177 151 178 1
0 163 165 190 151 153 178 1
0 190 165 167 178 153 155 1
0 190 167 193 178 155 181 1
0 193 167 194 181 155 182 1
0 167 169 194 155 157 182 1
0 194 169 171 182 157 159 1
0 194 171 197 182 159 185 1
0 197 171 198 185 159 186 1
0 171 173 198 159 161 186 1
0 198 173 175 186 161 163 1
0 198 175 201 186 163 189 1
0 201 175 202 189 163 190 1
0 175 177 202 163 165 190 1
0 202 177 179 190 165 167 1
0 202 179 205 190 167 193 1
0 206 207 208 194 195 196 1
0 206 208 209 194 196 197 1
0 209 208 210 197 196 198 1
0 208 211 210 196 199 198 1
0 210 211 212 198 199 200 1
0 210 212 213 198 200 201 1
0 213 212 214 201 200 202 1
0 212 215 214 200 203 202 1
0 214 215 216 202 203 204 1
0 214 216 217 202 204 205 1
0 217 216 218 205 204 206 1
0 216 219 218 204 207 206 1
0 218 219 220 206 207 208 1
0 218 220 221 206 208 209 1
0 221 220 222 209 208 210 1
0 220 223 222 208 211 210 1
0 222 223 224 210 211 212 1
0 222 224 225 210 212 213 1
0 225 224 226 213 212 214 1
0 224 227 226 212 215 214 1
0 226 227 228 214 215 216 1
0 226 228 229 214 216 217 1
0 229 228 230 217 216 218 1
0 228 231 230 216 219 218 1
0 232 233 234 220 221 222 1
0 232 234 235 220 222 223 1
0 233 236 234 221 224 222 1
0 236 237 234 224 225 222 1
0 235 234 238 223 222 226 1
0 234 239 238 222 227 226 1
0 234 237 240 222 225 228 1
0 234 240 239 222 228 227 1
0 238 239 241 226 227 229 1
0 238 241 242 226 229 230 1
0 239 240 241 227 228 229 1
0 240 243 241 228 231 229 1
0 242 241 244 230 229 232 1
0 241 245 244 229 233 232 1
0 241 243 246 229 231 234 1
0 241 246 245 229 234 233 1
0 244 245 247 232 233 235 1
0 244 247 248 232 235 236 1
0 245 246 247 233 234 235 1
0 246 249 247 234 237 235 1
0 248 247 250 236 235 238 1
0 247 251 250 235 239 238 1
0 247 249 252 235 237 240 1
0 247 252 251 235 240 239 1
0 250 251 253 238 239 241 1
0 250 253 254 238 241 242 1
0 251 252 253 239 240 241 1
0 252 255 253 240 243 241 1
0 254 253 256 242 241 244 1
0 253 257 256 241 245 244 1
0 253 255 258 241 243 246 1
0 253 258 257 241 246 245 1
0 256 257 259 244 245 247 1
0 256 259 260 244 247 248 1
0 257 258 259 245 246 247 1
0 258 261 259 246 249 247 1
0 260 259 262 248 247 250 1
0 259 263 262 247 251 250 1
0 259 261 264 247 249 252 1
0 259 264 263 247 252 251 1
0 262 263 265 250 251 253 1
0 262 265 266 250 253 254 1
0 263 264 265 251 252 253 1
0 264 267 265 252 255 253 1
0 266 265 268 254 253 256 1
0 265 269 268 253 257 256 1
0 265 267 270 253 255 258 1
0 265 270 269 253 258 257 1
0 271 272 273 259 260 261 1
0 274 275 272 262 263 260 1
0 276 277 275 264 265 263 1
0 278 279 277 266 267 265 1
0 280 281 279 268 269 267 1
0 282 283 281 270 271 269 1
0 284 285 283 272 273 271 1
0 286 287 285 274 275 273 1
0 288 289 287 276 277 275 1
0 290 291 289 278 279 277 1
0 292 293 291 280 281 279 1
0 294 295 293 282 283 281 1
0 296 297 298 284 285 286 1
0 296 298 299 284 286 287 1
0 299 298 300 287 286 288 1
0 298 301 300 286 289 288 1
0 300 301 302 288 289 290 1
0 300 302 303 288 290 291 1
0 303 302 304 291 290 292 1
0 302 305 304 290 293 292 1
0 304 305 306 292 293 294 1
0 304 306 307 292 294 295 1
0 307 306 308 295 294 296 1
0 306 309 308 294 297 296 1
0 308 309 310 296 297 298 1
0 308 310 311 296 298 299 1
0 311 310 312 299 298 300 1
0 310 313 312 298 301 300 1
0 312 313 314 300 301 302 1
0 312 314 315 300 302 303 1
0 315 314 316 303 302 304 1
0 314 317 316 302 305 304 1
0 316 317 318 304 305 306 1
0 316 318 319 304 306 307 1
0 319 318 320 307 306 308 1
0 318 321 320 306 309 308 1
0 297 273 298 285 261 286 1
0 273 272 298 261 260 286 1
0 298 272 275 286 260 263 1
0 298 275 301 286 263 289 1
0 301 275 302 289 263 290 1
0 275 277 302 263 265 290 1
0 302 277 279 290 265 267 1
0 302 279 305 290 267 293 1
0 305 279 306 293 267 294 1
0 279 281 306 267 269 294 1
0 306 281 283 294 269 271 1
0 306 283 309 294 271 297 1
0 309 283 310 297 271 298 1
0 283 285 310 271 273 298 1
0 310 285 287 298 273 275 1
0 310 287 313 298 275 301 1
0 313 287 314 301 275 302 1
0 287 289 314 275 277 302 1
0 314 289 291 302 277 279 1
0 314 291 317 302 279 305 1
0 317 291 318 305 279 306 1
0 291 293 318 279 281 306 1
0 318 293 295 306 281 283 1
0 318 295 321 306 283 309 1

Materials: 1
"Material01"
0.200000 0.200000 0.200000 1.000000
0.800000 0.800000 0.800000 1.000000
0.000000 0.000000 0.000000 1.000000
0.000000 0.000000 0.000000 1.000000
0.000000
1.000000
".\burnt.bmp"
""

Bones: 0
