// MilkShape 3D ASCII

Frames: 30
Frame: 1

Meshes: 1
"Regroup03" 0 0
438
0 2.889553 -0.001059 0.007741 0.000000 0.000000 -1
0 2.505075 -0.001059 1.442632 0.000000 0.000000 -1
0 0.019772 -0.001059 0.007741 0.000000 0.000000 -1
0 2.622501 38.406967 0.010220 0.000000 0.000000 -1
0 0.039699 38.406967 0.010220 0.000000 0.000000 -1
0 2.335524 38.406967 1.445110 0.000000 0.000000 -1
0 2.889553 -0.001059 0.007741 0.000000 1.000000 -1
0 2.622501 38.406967 0.010220 0.000000 0.833333 -1
0 2.335524 38.406967 1.445110 0.083333 0.833333 -1
0 2.505075 -0.001059 1.442632 0.083333 1.000000 -1
0 1.454663 -0.001059 2.493045 0.000000 0.000000 -1
0 1.187611 38.406967 2.306045 0.000000 0.000000 -1
0 1.454663 -0.001059 2.493045 0.166667 1.000000 -1
0 1.187611 38.406967 2.306045 0.166667 0.833333 -1
0 0.019772 -0.001059 2.877522 0.000000 0.000000 -1
0 0.039699 38.406967 2.593023 0.000000 0.000000 -1
0 0.039699 38.406967 2.593023 0.250000 0.833333 -1
0 0.019772 -0.001059 2.877522 0.250000 1.000000 -1
0 -1.415118 -0.001059 2.493045 0.000000 0.000000 -1
0 -1.395192 38.406967 2.306045 0.000000 0.000000 -1
0 -1.415118 -0.001059 2.493045 0.333333 1.000000 -1
0 -1.395192 38.406967 2.306045 0.333333 0.833333 -1
0 -2.465532 -0.001059 1.442632 0.000000 0.000000 -1
0 -2.256126 38.406967 1.445110 0.000000 0.000000 -1
0 -2.256126 38.406967 1.445110 0.416667 0.833333 -1
0 -2.465532 -0.001059 1.442632 0.416667 1.000000 -1
0 -2.850010 -0.001059 0.007741 0.000000 0.000000 -1
0 -2.543104 38.406967 0.010220 0.000000 0.000000 -1
0 -2.850010 -0.001059 0.007741 0.500000 1.000000 -1
0 -2.543104 38.406967 0.010220 0.500000 0.833333 -1
0 -2.465532 -0.001059 -1.427149 0.000000 0.000000 -1
0 -2.256126 38.406967 -1.137692 0.000000 0.000000 -1
0 -2.256126 38.406967 -1.137692 0.583333 0.833333 -1
0 -2.465532 -0.001059 -1.427149 0.583333 1.000000 -1
0 -1.415118 -0.001059 -2.477563 0.000000 0.000000 -1
0 -1.395192 38.406967 -2.285605 0.000000 0.000000 -1
0 -1.415118 -0.001059 -2.477563 0.666667 1.000000 -1
0 -1.395192 38.406967 -2.285605 0.666667 0.833333 -1
0 0.019772 -0.001059 -2.862041 0.000000 0.000000 -1
0 0.039699 38.406967 -2.572584 0.000000 0.000000 -1
0 0.039699 38.406967 -2.572584 0.750000 0.833333 -1
0 0.019772 -0.001059 -2.862041 0.750000 1.000000 -1
0 1.454663 -0.001059 -2.477563 0.000000 0.000000 -1
0 1.187611 38.406967 -2.285605 0.000000 0.000000 -1
0 1.454663 -0.001059 -2.477563 0.833333 1.000000 -1
0 1.187611 38.406967 -2.285605 0.833333 0.833333 -1
0 2.505075 -0.001059 -1.427149 0.000000 0.000000 -1
0 2.335524 38.406967 -1.137692 0.000000 0.000000 -1
0 2.335524 38.406967 -1.137692 0.916667 0.833333 -1
0 2.505075 -0.001059 -1.427149 0.916667 1.000000 -1
0 2.889553 -0.001059 0.007741 1.000000 1.000000 -1
0 2.622501 38.406967 0.010220 1.000000 0.833333 -1
0 0.031884 41.585331 0.010220 0.000000 0.000000 -1
0 1.150663 41.233814 0.666170 0.083333 0.166667 -1
0 1.323739 41.233814 0.010220 0.000000 0.166667 -1
0 0.031884 41.585331 0.010220 0.083333 0.000000 -1
0 0.677812 41.233814 1.146359 0.166667 0.166667 -1
0 0.031884 41.585331 0.010220 0.166667 0.000000 -1
0 0.031884 41.233814 1.322120 0.250000 0.166667 -1
0 0.031884 41.585331 0.010220 0.250000 0.000000 -1
0 -0.614044 41.233814 1.146359 0.333333 0.166667 -1
0 0.031884 41.585331 0.010220 0.333333 0.000000 -1
0 -1.086895 41.233814 0.666170 0.416667 0.166667 -1
0 0.031884 41.585331 0.010220 0.416667 0.000000 -1
0 -1.259971 41.233814 0.010220 0.500000 0.166667 -1
0 0.031884 41.585331 0.010220 0.500000 0.000000 -1
0 -1.086895 41.233814 -0.645730 0.583333 0.166667 -1
0 0.031884 41.585331 0.010220 0.583333 0.000000 -1
0 -0.614044 41.233814 -1.125919 0.666667 0.166667 -1
0 0.031884 41.585331 0.010220 0.666667 0.000000 -1
0 0.031884 41.233814 -1.301680 0.750000 0.166667 -1
0 0.031884 41.585331 0.010220 0.750000 0.000000 -1
0 0.677812 41.233814 -1.125919 0.833333 0.166667 -1
0 0.031884 41.585331 0.010220 0.833333 0.000000 -1
0 1.150663 41.233814 -0.645730 0.916667 0.166667 -1
0 0.031884 41.585331 0.010220 0.916667 0.000000 -1
0 1.323739 41.233814 0.010220 1.000000 0.166667 -1
0 2.622501 38.406967 0.010220 0.000000 0.500000 -1
0 2.269443 40.273445 0.010220 0.000000 0.333333 -1
0 1.969666 40.273445 1.146359 0.083333 0.333333 -1
0 2.335524 38.406967 1.445110 0.083333 0.500000 -1
0 1.187611 38.406967 2.306045 0.166667 0.500000 -1
0 1.150663 40.273445 1.978070 0.166667 0.333333 -1
0 0.031884 40.273445 2.282497 0.250000 0.333333 -1
0 0.039699 38.406967 2.593023 0.250000 0.500000 -1
0 -1.395192 38.406967 2.306045 0.333333 0.500000 -1
0 -1.086895 40.273445 1.978070 0.333333 0.333333 -1
0 -1.905898 40.273445 1.146359 0.416667 0.333333 -1
0 -2.256126 38.406967 1.445110 0.416667 0.500000 -1
0 -2.543104 38.406967 0.010220 0.500000 0.500000 -1
0 -2.205675 40.273445 0.010220 0.500000 0.333333 -1
0 -1.905898 40.273445 -1.125919 0.583333 0.333333 -1
0 -2.256126 38.406967 -1.139686 0.583333 0.500000 -1
0 -1.395192 38.406967 -2.285605 0.666667 0.500000 -1
0 -1.086895 40.273445 -1.957630 0.666667 0.333333 -1
0 0.031884 40.273445 -2.262058 0.750000 0.333333 -1
0 0.039699 38.406967 -2.572584 0.750000 0.500000 -1
0 1.187611 38.406967 -2.285605 0.833333 0.500000 -1
0 1.150663 40.273445 -1.957630 0.833333 0.333333 -1
0 1.969666 40.273445 -1.125919 0.916667 0.333333 -1
0 2.335524 38.406967 -1.139686 0.916667 0.500000 -1
0 2.622501 38.406967 0.010220 1.000000 0.500000 -1
0 2.269443 40.273445 0.010220 1.000000 0.333333 -1
0 2.502728 17.538565 0.007741 0.000000 1.000000 -1
0 9.349983 24.293497 0.007741 0.000000 0.833333 -1
0 9.159602 24.459002 0.949173 0.083333 0.833333 -1
0 2.327501 17.720026 0.949173 0.083333 1.000000 -1
0 2.275480 19.187773 1.638348 0.166667 1.000000 -1
0 8.639467 24.911125 1.638348 0.166667 0.833333 -1
0 7.928958 25.528795 1.890604 0.250000 0.833333 -1
0 1.621517 19.864981 1.890604 0.250000 1.000000 -1
0 0.967540 20.542191 1.638348 0.333333 1.000000 -1
0 7.218454 26.146414 1.638348 0.333333 0.833333 -1
0 6.698330 26.598551 0.949173 0.416667 0.833333 -1
0 0.488797 21.037931 0.949173 0.416667 1.000000 -1
0 0.313568 21.219398 0.007741 0.500000 1.000000 -1
0 6.507943 26.764038 0.007741 0.500000 0.833333 -1
0 6.698330 26.598551 -0.933691 0.583333 0.833333 -1
0 0.488797 21.037931 -0.933691 0.583333 1.000000 -1
0 0.967540 20.542191 -1.622866 0.666667 1.000000 -1
0 7.218454 26.146414 -1.622866 0.666667 0.833333 -1
0 7.928958 25.528795 -1.875122 0.750000 0.833333 -1
0 1.621517 19.864981 -1.875122 0.750000 1.000000 -1
0 2.275480 19.187773 -1.622866 0.833333 1.000000 -1
0 8.639467 24.911125 -1.622866 0.833333 0.833333 -1
0 9.159602 24.459002 -0.933691 0.916667 0.833333 -1
0 2.327501 17.720026 -0.933691 0.916667 1.000000 -1
0 2.502728 17.538565 0.007741 1.000000 1.000000 -1
0 9.349983 24.293497 0.007741 1.000000 0.833333 -1
0 -2.206287 17.319035 1.378351 0.000000 1.000000 -1
0 -7.102524 25.148333 4.011725 0.000000 0.833333 -1
0 -7.354729 25.288601 3.276899 0.083333 0.833333 -1
0 -2.490019 17.466013 0.656449 0.083333 1.000000 -1
0 -2.456973 17.867569 -0.022457 0.166667 1.000000 -1
0 -7.247839 25.622019 2.569328 0.166667 0.833333 -1
0 -6.810506 26.059301 2.078619 0.250000 0.833333 -1
0 -2.116027 18.416111 -0.476446 0.250000 1.000000 -1
0 -2.621406 20.293251 -0.583873 0.333333 1.000000 -1
0 -6.159914 26.483194 1.936238 0.333333 0.833333 -1
0 -5.470383 26.780191 2.180353 0.416667 0.833333 -1
0 -1.996729 20.694805 -0.315961 0.416667 1.000000 -1
0 -1.472266 20.841789 0.255517 0.500000 1.000000 -1
0 -4.926672 26.870678 2.745538 0.500000 0.833333 -1
0 -4.674469 26.730410 3.480363 0.583333 0.833333 -1
0 -1.188536 20.694805 0.977415 0.583333 1.000000 -1
0 -1.221576 20.293251 1.656317 0.666667 1.000000 -1
0 -4.781353 26.396984 4.187931 0.666667 0.833333 -1
0 -5.218682 25.959747 4.678644 0.750000 0.833333 -1
0 -1.562528 19.744707 2.110310 0.750000 1.000000 -1
0 -1.202267 18.372437 1.653592 0.833333 1.000000 -1
0 -5.869282 25.535799 4.821018 0.833333 0.833333 -1
0 -6.558812 25.238825 4.576912 0.916667 0.833333 -1
0 -1.524259 17.610430 1.558394 0.916667 1.000000 -1
0 -2.206287 17.319035 1.378351 1.000000 1.000000 -1
0 -7.102524 25.148333 4.011725 1.000000 0.833333 -1
0 -0.246118 16.734444 -2.552135 0.000000 1.000000 -1
0 -2.276095 23.900158 -7.749469 0.000000 0.833333 -1
0 -1.490975 23.972481 -7.782390 0.083333 0.833333 -1
0 0.524621 16.881426 -2.639359 0.083333 1.000000 -1
0 1.171842 17.282982 -2.431724 0.166667 1.000000 -1
0 -0.802047 24.163139 -7.445836 0.166667 0.833333 -1
0 -0.400253 24.440920 -6.817282 0.250000 0.833333 -1
0 1.522119 17.831524 -1.984894 0.250000 1.000000 -1
0 1.481590 18.380068 -1.418584 0.333333 1.000000 -1
0 -0.377946 24.682848 -6.087043 0.333333 0.833333 -1
0 -0.767467 24.911982 -5.414150 0.416667 0.833333 -1
0 1.061130 18.781618 -0.884533 0.416667 1.000000 -1
0 0.373384 18.928606 -0.525851 0.500000 1.000000 -1
0 -1.440236 24.987801 -5.011655 0.500000 0.833333 -1
0 -2.224894 24.918472 -4.974565 0.583333 0.833333 -1
0 -0.397354 18.781618 -0.438629 0.583333 1.000000 -1
0 -1.044570 18.380068 -0.646254 0.666667 1.000000 -1
0 -2.911539 24.720173 -5.315340 0.666667 0.833333 -1
0 -3.325011 24.450014 -5.991688 0.750000 0.833333 -1
0 -1.394848 17.831524 -1.093093 0.750000 1.000000 -1
0 -1.354323 17.282982 -1.659395 0.833333 1.000000 -1
0 -3.340426 24.189030 -6.727305 0.833333 0.833333 -1
0 -2.947645 23.994682 -7.386766 0.916667 0.833333 -1
0 -0.933857 16.881426 -2.193453 0.916667 1.000000 -1
0 -0.246118 16.734444 -2.552135 1.000000 1.000000 -1
0 -2.276095 23.900158 -7.749469 1.000000 0.833333 -1
0 6.561345 30.101639 0.018199 0.000000 1.000000 -1
0 6.401746 26.699091 0.018199 0.000000 0.833333 -1
0 6.601849 26.542765 0.965899 0.083333 0.833333 -1
0 6.815296 30.101616 0.965899 0.083333 1.000000 -1
0 7.509054 30.101625 1.659664 0.166667 1.000000 -1
0 7.148544 26.115639 1.659664 0.166667 0.833333 -1
0 7.895347 25.532167 1.913599 0.250000 0.833333 -1
0 8.456757 30.101633 1.913599 0.250000 1.000000 -1
0 9.404450 30.101633 1.659664 0.333333 1.000000 -1
0 8.642141 24.948711 1.659664 0.333333 0.833333 -1
0 9.188835 24.521591 0.965899 0.416667 0.833333 -1
0 10.098214 30.101629 0.965899 0.416667 1.000000 -1
0 10.352151 30.101629 0.018199 0.500000 1.000000 -1
0 9.388944 24.365246 0.018199 0.500000 0.833333 -1
0 9.188835 24.521591 -0.929501 0.583333 0.833333 -1
0 10.098214 30.101629 -0.929501 0.583333 1.000000 -1
0 9.404450 30.101633 -1.623266 0.666667 1.000000 -1
0 8.642141 24.948711 -1.623266 0.666667 0.833333 -1
0 7.895347 25.532167 -1.877201 0.750000 0.833333 -1
0 8.456757 30.101633 -1.877201 0.750000 1.000000 -1
0 7.509054 30.101625 -1.623266 0.833333 1.000000 -1
0 7.148544 26.115639 -1.623266 0.833333 0.833333 -1
0 6.601849 26.542765 -0.929501 0.916667 0.833333 -1
0 6.815296 30.101616 -0.929501 0.916667 1.000000 -1
0 6.561345 30.101639 0.018199 1.000000 1.000000 -1
0 6.401746 26.699091 0.018199 1.000000 0.833333 -1
0 8.387871 35.843353 0.022374 0.000000 0.000000 -1
0 9.199583 35.592209 0.491017 0.083333 0.166667 -1
0 9.325157 35.592209 0.022374 0.000000 0.166667 -1
0 8.387871 35.843353 0.022374 0.083333 0.000000 -1
0 8.856513 35.592209 0.834087 0.166667 0.166667 -1
0 8.387871 35.843353 0.022374 0.166667 0.000000 -1
0 8.387871 35.592209 0.959659 0.250000 0.166667 -1
0 8.387871 35.843353 0.022374 0.250000 0.000000 -1
0 7.919228 35.592209 0.834087 0.333333 0.166667 -1
0 8.387871 35.843353 0.022374 0.333333 0.000000 -1
0 7.576159 35.592209 0.491017 0.416667 0.166667 -1
0 8.387871 35.843353 0.022374 0.416667 0.000000 -1
0 7.450585 35.592209 0.022374 0.500000 0.166667 -1
0 8.387871 35.843353 0.022374 0.500000 0.000000 -1
0 7.576159 35.592209 -0.446269 0.583333 0.166667 -1
0 8.387871 35.843353 0.022374 0.583333 0.000000 -1
0 7.919228 35.592209 -0.789339 0.666667 0.166667 -1
0 8.387871 35.843353 0.022374 0.666667 0.000000 -1
0 8.387871 35.592209 -0.914912 0.750000 0.166667 -1
0 8.387871 35.843353 0.022374 0.750000 0.000000 -1
0 8.856513 35.592209 -0.789339 0.833333 0.166667 -1
0 8.387871 35.843353 0.022374 0.833333 0.000000 -1
0 9.199583 35.592209 -0.446269 0.916667 0.166667 -1
0 8.387871 35.843353 0.022374 0.916667 0.000000 -1
0 9.325157 35.592209 0.022374 1.000000 0.166667 -1
0 10.328645 30.094776 0.022374 0.000000 0.500000 -1
0 10.011296 34.906059 0.022374 0.000000 0.333333 -1
0 9.793799 34.906059 0.834087 0.083333 0.333333 -1
0 10.077499 30.094776 0.959659 0.083333 0.500000 -1
0 9.391359 30.094776 1.645800 0.166667 0.500000 -1
0 9.199583 34.906059 1.428302 0.166667 0.333333 -1
0 8.387871 34.906059 1.645800 0.250000 0.333333 -1
0 8.454074 30.094776 1.896944 0.250000 0.500000 -1
0 7.516789 30.094776 1.645800 0.333333 0.500000 -1
0 7.576159 34.906059 1.428302 0.333333 0.333333 -1
0 6.981942 34.906059 0.834087 0.416667 0.333333 -1
0 6.830649 30.094776 0.959659 0.416667 0.500000 -1
0 6.579504 30.094776 0.022374 0.500000 0.500000 -1
0 6.764445 34.906059 0.022374 0.500000 0.333333 -1
0 6.981942 34.906059 -0.789339 0.583333 0.333333 -1
0 6.830649 30.094776 -0.914912 0.583333 0.500000 -1
0 7.516789 30.094776 -1.601052 0.666667 0.500000 -1
0 7.576159 34.906059 -1.383554 0.666667 0.333333 -1
0 8.387871 34.906059 -1.601052 0.750000 0.333333 -1
0 8.454074 30.094776 -1.852197 0.750000 0.500000 -1
0 9.391359 30.094776 -1.601052 0.833333 0.500000 -1
0 9.199583 34.906059 -1.383554 0.833333 0.333333 -1
0 9.793799 34.906059 -0.789339 0.916667 0.333333 -1
0 10.077499 30.094776 -0.914912 0.916667 0.500000 -1
0 10.328645 30.094776 0.022374 1.000000 0.500000 -1
0 10.011296 34.906059 0.022374 1.000000 0.333333 -1
0 -7.623082 30.518122 3.414412 0.000000 1.000000 -1
0 -7.215041 25.521233 2.589437 0.000000 0.833333 -1
0 -7.283139 25.187494 3.281618 0.083333 0.833333 -1
0 -7.830998 30.520081 4.157292 0.083333 1.000000 -1
0 -7.634312 30.520662 4.903401 0.166667 1.000000 -1
0 -7.003027 25.059229 3.989017 0.166667 0.833333 -1
0 -6.449749 25.170832 4.522147 0.250000 0.833333 -1
0 -7.085739 30.519724 5.452795 0.250000 1.000000 -1
0 -6.332250 30.517521 5.658285 0.333333 1.000000 -1
0 -5.771566 25.492361 4.738114 0.333333 0.833333 -1
0 -5.150173 25.937677 4.579053 0.416667 0.833333 -1
0 -5.575738 30.514673 5.464792 0.416667 1.000000 -1
0 -5.018948 30.511854 4.924182 0.500000 1.000000 -1
0 -4.752089 26.387472 4.087607 0.500000 0.833333 -1
0 -4.683974 26.721228 3.395428 0.583333 0.833333 -1
0 -4.811014 30.509932 4.181301 0.583333 1.000000 -1
0 -5.007683 30.509317 3.435181 0.666667 1.000000 -1
0 -4.964095 26.849493 2.688009 0.666667 0.833333 -1
0 -5.517366 26.737913 2.154895 0.750000 0.833333 -1
0 -5.556288 30.510242 2.885788 0.750000 1.000000 -1
0 -6.309768 30.512449 2.680295 0.833333 1.000000 -1
0 -6.195575 26.416384 1.938935 0.833333 0.833333 -1
0 -6.816956 25.971045 2.097994 0.916667 0.833333 -1
0 -7.066262 30.515314 2.873795 0.916667 1.000000 -1
0 -7.623082 30.518122 3.414412 1.000000 1.000000 -1
0 -7.215041 25.521233 2.589437 1.000000 0.833333 -1
0 -6.336298 32.047337 4.156691 0.000000 0.000000 -1
0 -5.674019 31.842426 4.539059 0.083333 0.166667 -1
0 -5.571563 31.842426 4.156691 0.000000 0.166667 -1
0 -6.336298 32.047337 4.156691 0.083333 0.000000 -1
0 -5.953931 31.842426 4.818972 0.166667 0.166667 -1
0 -6.336298 32.047337 4.156691 0.166667 0.000000 -1
0 -6.336298 31.842426 4.921425 0.250000 0.166667 -1
0 -6.336298 32.047337 4.156691 0.250000 0.000000 -1
0 -6.718667 31.842426 4.818972 0.333333 0.166667 -1
0 -6.336298 32.047337 4.156691 0.333333 0.000000 -1
0 -6.998580 31.842426 4.539059 0.416667 0.166667 -1
0 -6.336298 32.047337 4.156691 0.416667 0.000000 -1
0 -7.101033 31.842426 4.156691 0.500000 0.166667 -1
0 -6.336298 32.047337 4.156691 0.500000 0.000000 -1
0 -6.998580 31.842426 3.774325 0.583333 0.166667 -1
0 -6.336298 32.047337 4.156691 0.583333 0.000000 -1
0 -6.718667 31.842426 3.494411 0.666667 0.166667 -1
0 -6.336298 32.047337 4.156691 0.666667 0.000000 -1
0 -6.336298 31.842426 3.391957 0.750000 0.166667 -1
0 -6.336298 32.047337 4.156691 0.750000 0.000000 -1
0 -5.953931 31.842426 3.494411 0.833333 0.166667 -1
0 -6.336298 32.047337 4.156691 0.833333 0.000000 -1
0 -5.674019 31.842426 3.774325 0.916667 0.166667 -1
0 -6.336298 32.047337 4.156691 0.916667 0.000000 -1
0 -5.571563 31.842426 4.156691 1.000000 0.166667 -1
0 -5.011738 29.753130 4.156691 0.000000 0.666667 -1
0 -4.806828 30.517864 4.156691 0.000000 0.500000 -1
0 -5.189196 29.753130 4.818972 0.083333 0.666667 -1
0 -5.011738 30.517864 4.921425 0.083333 0.500000 -1
0 -5.571563 30.517864 5.481249 0.166667 0.500000 -1
0 -5.674019 29.753130 5.303790 0.166667 0.666667 -1
0 -6.336298 29.753130 5.481249 0.250000 0.666667 -1
0 -6.336298 30.517864 5.686159 0.250000 0.500000 -1
0 -7.101033 30.517864 5.481249 0.333333 0.500000 -1
0 -6.998580 29.753130 5.303790 0.333333 0.666667 -1
0 -7.483402 29.753130 4.818972 0.416667 0.666667 -1
0 -7.660860 30.517864 4.921425 0.416667 0.500000 -1
0 -7.865773 30.517864 4.156691 0.500000 0.500000 -1
0 -7.660860 29.753130 4.156691 0.500000 0.666667 -1
0 -7.483402 29.753134 3.494411 0.583333 0.666667 -1
0 -7.660860 30.517864 3.391957 0.583333 0.500000 -1
0 -7.101034 30.517864 2.832132 0.666667 0.500000 -1
0 -6.998580 29.753134 3.009589 0.666667 0.666667 -1
0 -6.336298 29.753130 2.832132 0.750000 0.666667 -1
0 -6.336298 30.517864 2.627221 0.750000 0.500000 -1
0 -5.571563 30.517864 2.832132 0.833333 0.500000 -1
0 -5.674019 29.753134 3.009589 0.833333 0.666667 -1
0 -5.189196 29.753134 3.494411 0.916667 0.666667 -1
0 -5.011738 30.517864 3.391957 0.916667 0.500000 -1
0 -4.806828 30.517864 4.156691 1.000000 0.500000 -1
0 -5.011738 29.753130 4.156691 1.000000 0.666667 -1
0 -5.011738 31.282604 4.156691 0.000000 0.333333 -1
0 -5.189196 31.282604 4.818972 0.083333 0.333333 -1
0 -5.674019 31.282604 5.303790 0.166667 0.333333 -1
0 -6.336298 31.282604 5.481249 0.250000 0.333333 -1
0 -6.998580 31.282604 5.303790 0.333333 0.333333 -1
0 -7.483402 31.282604 4.818972 0.416667 0.333333 -1
0 -7.660860 31.282604 4.156691 0.500000 0.333333 -1
0 -7.483402 31.282604 3.494411 0.583333 0.333333 -1
0 -6.998580 31.282604 3.009589 0.666667 0.333333 -1
0 -6.336298 31.282604 2.832132 0.750000 0.333333 -1
0 -5.674019 31.282604 3.009589 0.833333 0.333333 -1
0 -5.189196 31.282604 3.494411 0.916667 0.333333 -1
0 -5.011738 31.282604 4.156691 1.000000 0.333333 -1
0 -1.204353 31.943359 -7.838082 0.000000 1.000000 -1
0 -1.494697 23.973299 -7.782870 0.000000 0.833333 -1
0 -2.269328 23.897522 -7.748971 0.083333 0.833333 -1
0 -1.932584 31.818975 -8.060149 0.083333 1.000000 -1
0 -2.672083 31.695559 -7.877728 0.166667 1.000000 -1
0 -2.949924 23.993355 -7.387211 0.166667 0.833333 -1
0 -3.340072 24.187195 -6.725401 0.250000 0.833333 -1
0 -3.224688 31.606188 -7.339764 0.250000 1.000000 -1
0 -3.442333 31.574808 -6.590340 0.333333 1.000000 -1
0 -3.323255 24.449480 -5.992141 0.333333 0.833333 -1
0 -2.914756 24.721945 -5.314967 0.416667 0.833333 -1
0 -3.266697 31.609856 -5.830281 0.416667 1.000000 -1
0 -2.744832 31.701847 -5.263288 0.500000 1.000000 -1
0 -2.225176 24.918779 -4.974697 0.500000 0.833333 -1
0 -1.440253 24.987297 -5.011396 0.583333 0.833333 -1
0 -2.016600 31.826286 -5.041205 0.583333 1.000000 -1
0 -1.277090 31.949663 -5.223600 0.666667 1.000000 -1
0 -0.767629 24.912485 -5.413778 0.666667 0.833333 -1
0 -0.375793 24.682041 -6.087374 0.750000 0.833333 -1
0 -0.724490 32.039040 -5.761605 0.750000 1.000000 -1
0 -0.506853 32.070415 -6.511021 0.833333 1.000000 -1
0 -0.399596 24.439989 -6.817717 0.833333 0.833333 -1
0 -0.802064 24.162260 -7.445855 0.916667 0.833333 -1
0 -0.682492 32.035385 -7.271061 0.916667 1.000000 -1
0 -1.204353 31.943359 -7.838082 1.000000 1.000000 -1
0 -1.494697 23.973299 -7.782870 1.000000 0.833333 -1
0 -2.219110 33.335140 -6.581688 0.000000 0.000000 -1
0 -2.575183 33.073578 -5.924720 0.083333 0.166667 -1
0 -2.200426 33.138561 -5.814997 0.000000 0.166667 -1
0 -2.219110 33.335140 -6.581688 0.083333 0.000000 -1
0 -2.845304 33.024570 -6.209906 0.166667 0.166667 -1
0 -2.219110 33.335140 -6.581688 0.166667 0.000000 -1
0 -2.938430 33.004639 -6.594143 0.250000 0.166667 -1
0 -2.219110 33.335140 -6.581688 0.250000 0.000000 -1
0 -2.829581 33.019157 -6.974465 0.333333 0.166667 -1
0 -2.219110 33.335140 -6.581688 0.333333 0.000000 -1
0 -2.547954 33.064232 -7.248973 0.416667 0.166667 -1
0 -2.219110 33.335140 -6.581688 0.416667 0.000000 -1
0 -2.168992 33.127758 -7.344110 0.500000 0.166667 -1
0 -2.219110 33.335140 -6.581688 0.500000 0.000000 -1
0 -1.794235 33.192726 -7.234392 0.583333 0.166667 -1
0 -2.219110 33.335140 -6.581688 0.583333 0.000000 -1
0 -1.524104 33.241753 -6.949203 0.666667 0.166667 -1
0 -2.219110 33.335140 -6.581688 0.666667 0.000000 -1
0 -1.430987 33.261677 -6.564965 0.750000 0.166667 -1
0 -2.219110 33.335140 -6.581688 0.750000 0.000000 -1
0 -1.539827 33.247154 -6.184646 0.833333 0.166667 -1
0 -2.219110 33.335140 -6.581688 0.833333 0.000000 -1
0 -1.821455 33.202099 -5.910135 0.916667 0.166667 -1
0 -2.219110 33.335140 -6.581688 0.916667 0.000000 -1
0 -2.200426 33.138561 -5.814997 1.000000 0.166667 -1
0 -1.861178 31.082983 -5.233534 0.000000 0.666667 -1
0 -1.993765 31.838257 -5.036650 0.000000 0.500000 -1
0 -2.510275 30.970432 -5.423591 0.083333 0.666667 -1
0 -2.743272 31.708292 -5.256090 0.083333 0.500000 -1
0 -3.283537 31.610262 -5.826467 0.166667 0.500000 -1
0 -2.978146 30.885523 -5.917544 0.166667 0.666667 -1
0 -3.139431 30.851021 -6.583053 0.250000 0.666667 -1
0 -3.469775 31.570423 -6.594934 0.250000 0.500000 -1
0 -3.252102 31.599455 -7.355579 0.333333 0.500000 -1
0 -2.950922 30.876169 -7.241791 0.333333 0.666667 -1
0 -2.463129 30.954224 -7.717261 0.416667 0.666667 -1
0 -2.688841 31.689598 -7.904596 0.416667 0.500000 -1
0 -1.930915 31.816645 -8.094872 0.500000 0.500000 -1
0 -1.806741 31.064257 -7.882039 0.500000 0.666667 -1
0 -1.157646 31.176811 -7.691995 0.583333 0.666667 -1
0 -1.181396 31.946613 -7.875420 0.583333 0.500000 -1
0 -0.641146 32.044655 -7.305060 0.666667 0.500000 -1
0 -0.689765 31.261713 -7.198038 0.666667 0.666667 -1
0 -0.528477 31.296206 -6.532537 0.750000 0.666667 -1
0 -0.454895 32.084496 -6.536591 0.750000 0.500000 -1
0 -0.672577 32.055466 -5.775939 0.833333 0.500000 -1
0 -0.716984 31.271082 -5.873789 0.833333 0.666667 -1
0 -1.204790 31.193029 -5.398325 0.916667 0.666667 -1
0 -1.235837 31.965303 -5.226931 0.916667 0.500000 -1
0 -1.993765 31.838257 -5.036650 1.000000 0.500000 -1
0 -1.861178 31.082983 -5.233534 1.000000 0.666667 -1
0 -2.117942 32.590675 -5.249467 0.000000 0.333333 -1
0 -2.767035 32.478119 -5.439518 0.083333 0.333333 -1
0 -3.234920 32.393223 -5.933475 0.166667 0.333333 -1
0 -3.396207 32.358727 -6.598980 0.250000 0.333333 -1
0 -3.207695 32.383846 -7.257727 0.333333 0.333333 -1
0 -2.719887 32.461906 -7.733186 0.416667 0.333333 -1
0 -2.063506 32.571953 -7.897974 0.500000 0.333333 -1
0 -1.414410 32.684505 -7.707924 0.583333 0.333333 -1
0 -0.946521 32.769394 -7.213974 0.666667 0.333333 -1
0 -0.785234 32.803902 -6.548468 0.750000 0.333333 -1
0 -0.973747 32.778759 -5.889726 0.833333 0.333333 -1
0 -1.461556 32.700710 -5.414259 0.916667 0.333333 -1
0 -2.117942 32.590675 -5.249467 1.000000 0.333333 -1
414
0.000000 -1.000000 0.000000
0.000000 1.000000 0.000000
0.973743 0.005529 0.227582
0.980558 0.006805 0.196111
0.856330 0.005842 0.516396
0.866019 0.003791 0.499997
0.464986 0.006318 0.885296
0.429759 0.007384 0.902913
0.011954 0.006592 0.999907
0.000000 0.007407 0.999973
-0.486052 0.005145 0.873915
-0.471854 0.004537 0.881665
-0.873914 0.005381 0.486052
-0.866015 0.004689 0.499996
-0.999902 0.007226 -0.011954
-0.999685 0.007990 -0.023789
-0.885292 0.007092 -0.464982
-0.865995 0.008490 -0.499980
-0.516394 0.006584 -0.856326
-0.533168 0.004505 -0.845998
0.011954 0.006721 -0.999906
0.000000 0.007536 -0.999972
0.496341 0.007924 -0.868091
0.492682 0.007775 -0.870174
0.868093 0.007741 -0.496341
0.866002 0.007591 -0.499983
0.968048 0.006488 -0.250681
0.970120 0.006761 -0.242529
0.261928 0.962610 0.069111
0.436312 0.864870 0.248259
0.572241 0.806066 0.150989
0.191838 0.963075 0.188906
0.290566 0.818234 0.496049
0.070251 0.963540 0.258176
0.000000 0.867077 0.498173
-0.070251 0.963540 0.258176
-0.290566 0.818234 0.496049
-0.191838 0.963075 0.188906
-0.436312 0.864870 0.248259
-0.261928 0.962610 0.069111
-0.578878 0.815414 -0.000000
-0.261928 0.962610 -0.069111
-0.436312 0.864870 -0.248259
-0.191838 0.963075 -0.188906
-0.290567 0.818234 -0.496049
-0.070251 0.963540 -0.258176
0.000000 0.867077 -0.498173
0.070251 0.963540 -0.258176
0.290567 0.818234 -0.496049
0.191838 0.963075 -0.188906
0.436312 0.864870 -0.248259
0.261928 0.962610 -0.069111
0.572241 0.806066 -0.150989
0.954643 0.199188 0.221315
0.861673 0.453682 0.227357
0.758442 0.476670 0.444468
0.821011 0.243577 0.516344
0.459509 0.181874 0.869352
0.449693 0.456894 0.767479
0.006389 0.466387 0.884558
0.023465 0.164165 0.986154
-0.475340 0.218610 0.852210
-0.440683 0.487612 0.753679
-0.764226 0.483518 0.426813
-0.857615 0.234211 0.457867
-0.981862 0.189222 -0.011941
-0.886703 0.462340 -0.000000
-0.777310 0.467941 -0.420500
-0.889492 0.170034 -0.424138
-0.508256 0.198598 -0.837994
-0.440684 0.487612 -0.753679
0.006389 0.466387 -0.884558
0.023465 0.164165 -0.986154
0.492894 0.158187 -0.855589
0.449693 0.456894 -0.767479
0.772161 0.458821 -0.439603
0.856663 0.171507 -0.486533
0.952017 0.184225 -0.244387
0.861673 0.453682 -0.227358
0.678403 -0.687726 0.258462
0.678493 -0.687766 0.258118
0.582749 -0.603061 0.544721
0.566346 -0.574172 0.591252
0.307378 -0.332369 0.891656
0.335986 -0.373594 0.864605
0.000068 0.000080 1.000000
0.000001 -0.000001 1.000000
-0.334647 0.373344 0.865231
-0.335453 0.374162 0.864566
-0.578303 0.645710 0.498622
-0.577822 0.645253 0.499770
-0.667029 0.745032 0.000000
-0.666949 0.745104 0.000000
-0.578303 0.645711 -0.498622
-0.577822 0.645253 -0.499770
-0.334647 0.373344 -0.865231
-0.335453 0.374162 -0.864566
0.000068 0.000080 -1.000000
0.000001 -0.000001 -1.000000
0.307378 -0.332370 -0.891655
0.335986 -0.373594 -0.864605
0.582749 -0.603061 -0.544721
0.566346 -0.574172 -0.591252
0.678403 -0.687726 -0.258462
0.678493 -0.687766 -0.258118
-0.804818 -0.563977 0.184927
-0.808763 -0.562996 0.170113
-0.857023 -0.511167 -0.064960
-0.855550 -0.515299 -0.050004
-0.786265 -0.306682 -0.536408
-0.781289 -0.299702 -0.547509
-0.617772 -0.098237 -0.780197
-0.703113 -0.204154 -0.681141
-0.230923 0.231562 -0.945015
-0.102924 0.324039 -0.940428
0.340040 0.516537 -0.785852
0.331222 0.513728 -0.791439
0.700123 0.575823 -0.422203
0.707358 0.575062 -0.411033
0.873919 0.483242 0.052372
0.871788 0.488554 0.036068
0.815893 0.261973 0.515450
0.809594 0.252349 0.529980
0.514060 -0.054104 0.856046
0.498889 -0.063693 0.864322
0.174881 -0.287513 0.941676
0.112088 -0.339860 0.933773
-0.131627 -0.435063 0.890727
0.086040 -0.316960 0.944528
-0.324641 -0.502133 0.801542
-0.553329 -0.554964 0.621161
0.019529 -0.583375 -0.811968
0.019690 -0.583355 -0.811979
0.265719 -0.515629 -0.814567
0.268469 -0.514394 -0.814446
0.699884 -0.277838 -0.658003
0.701175 -0.277481 -0.656778
0.946977 0.042843 -0.318431
0.944427 0.035777 -0.326769
0.931104 0.350161 0.102137
0.928006 0.355754 0.110652
0.665526 0.561588 0.491624
0.670358 0.559827 0.487045
0.228489 0.622153 0.748811
0.227557 0.622485 0.748819
-0.267447 0.520062 0.811177
-0.269864 0.519076 0.811008
-0.704741 0.275244 0.653896
-0.709970 0.269944 0.650441
-0.948475 -0.044676 0.313685
-0.944868 -0.034547 0.325625
-0.930149 -0.349551 -0.112413
-0.924650 -0.359049 -0.126908
-0.659177 -0.556408 -0.505861
-0.672103 -0.551227 -0.494395
-0.454432 -0.604671 -0.654113
-0.442555 -0.605274 -0.661655
-0.970354 0.051819 0.236066
-0.975849 0.045773 0.213596
-0.880608 0.055522 0.470582
-0.864805 0.051868 0.499422
-0.527192 0.044270 0.848592
-0.554377 0.050140 0.830754
-0.002939 -0.004096 0.999987
0.000001 -0.000000 1.000000
0.518848 -0.077814 0.851318
0.539602 -0.079827 0.838127
0.868266 -0.139829 0.475986
0.857159 -0.139691 0.495746
0.986588 -0.163229 -0.000000
0.986194 -0.165594 0.000000
0.868266 -0.139829 -0.475986
0.857159 -0.139691 -0.495746
0.518848 -0.077814 -0.851318
0.539602 -0.079827 -0.838127
-0.002939 -0.004096 -0.999987
0.000001 -0.000000 -1.000000
-0.527192 0.044270 -0.848592
-0.554377 0.050140 -0.830754
-0.880608 0.055522 -0.470582
-0.864805 0.051868 -0.499422
-0.970354 0.051819 -0.236066
-0.975849 0.045773 -0.213596
0.258198 0.963611 0.069185
0.431483 0.867043 0.249117
0.566930 0.809638 0.151909
0.189015 0.963611 0.189014
0.286793 0.819145 0.496741
0.069184 0.963611 0.258198
0.000000 0.867043 0.498234
-0.069184 0.963611 0.258198
-0.286794 0.819145 0.496741
-0.189015 0.963611 0.189014
-0.431483 0.867043 0.249117
-0.258198 0.963611 0.069185
-0.573587 0.819145 -0.000000
-0.258198 0.963611 -0.069185
-0.431483 0.867043 -0.249117
-0.189015 0.963611 -0.189014
-0.286794 0.819145 -0.496741
-0.069184 0.963611 -0.258198
0.000000 0.867043 -0.498234
0.069184 0.963611 -0.258198
0.286794 0.819145 -0.496741
0.189015 0.963611 -0.189014
0.431483 0.867043 -0.249117
0.258198 0.963611 -0.069185
0.566930 0.809638 -0.151909
0.963971 0.063583 0.258295
0.883606 0.403961 0.236760
0.787937 0.414958 0.454934
0.864236 0.063984 0.499001
0.499089 0.058976 0.864542
0.455412 0.412700 0.788847
-0.000025 0.409609 0.912261
-0.000048 0.052127 0.998640
-0.499519 0.045272 0.865119
-0.456840 0.406510 0.791232
-0.792119 0.404237 0.457319
-0.865333 0.040250 0.499579
-0.999262 0.038411 0.000000
-0.915022 0.403403 -0.000000
-0.792119 0.404237 -0.457319
-0.865333 0.040250 -0.499579
-0.499519 0.045272 -0.865119
-0.456840 0.406510 -0.791232
-0.000025 0.409609 -0.912261
-0.000048 0.052128 -0.998640
0.499089 0.058976 -0.864542
0.455412 0.412700 -0.788847
0.787937 0.414958 -0.454934
0.864236 0.063984 -0.499001
0.963971 0.063583 -0.258295
0.883606 0.403961 -0.236761
-0.978478 -0.057462 -0.198190
-0.990171 -0.059997 -0.126343
-0.992852 -0.108207 0.050360
-0.994869 -0.100808 -0.008544
-0.835710 -0.181742 0.518227
-0.816253 -0.185925 0.546958
-0.470705 -0.205325 0.858066
-0.491679 -0.205680 0.846137
0.028336 -0.178931 0.983454
0.064431 -0.172783 0.982850
0.541628 -0.114024 0.832849
0.485817 -0.122313 0.865460
0.897546 -0.032403 0.439729
0.930461 -0.014059 0.366121
0.997206 0.047952 -0.057278
0.999460 0.031845 0.008042
0.842541 0.120631 -0.524950
0.822460 0.123168 -0.555327
0.477821 0.171909 -0.861473
0.496054 0.170091 -0.851469
-0.029773 0.174979 -0.984122
-0.067384 0.175876 -0.982103
-0.540920 0.111160 -0.833696
-0.485568 0.121164 -0.865761
-0.745299 0.060108 -0.664015
-0.792346 0.035845 -0.609018
0.258199 0.963611 0.069185
0.431480 0.867045 0.249115
0.566925 0.809642 0.151908
0.189015 0.963611 0.189014
0.286791 0.819147 0.496738
0.069183 0.963611 0.258199
0.000000 0.867044 0.498231
-0.069183 0.963611 0.258199
-0.286791 0.819147 0.496738
-0.189015 0.963611 0.189015
-0.431481 0.867045 0.249114
-0.258199 0.963611 0.069183
-0.573582 0.819148 -0.000000
-0.258199 0.963611 -0.069183
-0.431481 0.867045 -0.249114
-0.189015 0.963611 -0.189015
-0.286791 0.819148 -0.496737
-0.069184 0.963611 -0.258199
0.000000 0.867045 -0.498230
0.069184 0.963611 -0.258199
0.286791 0.819148 -0.496737
0.189015 0.963611 -0.189015
0.431480 0.867045 -0.249115
0.258199 0.963611 -0.069185
0.566925 0.809642 -0.151908
0.935113 -0.250563 0.250563
0.965926 -0.000001 0.258819
0.836515 -0.258820 0.482964
0.866025 -0.000001 0.500001
0.499999 -0.000001 0.866026
0.482961 -0.258822 0.836516
0.000000 -0.258820 0.965926
-0.000000 -0.000001 1.000000
-0.499999 -0.000001 0.866026
-0.482962 -0.258820 0.836517
-0.836515 -0.258820 0.482965
-0.866024 -0.000001 0.500003
-1.000000 -0.000001 -0.000000
-0.965925 -0.258823 -0.000001
-0.836515 -0.258821 -0.482964
-0.866024 -0.000002 -0.500002
-0.500000 -0.000001 -0.866025
-0.482963 -0.258821 -0.836516
0.000000 -0.258820 -0.965925
0.000000 -0.000001 -1.000000
0.500000 -0.000001 -0.866025
0.482963 -0.258821 -0.836516
0.836515 -0.258821 -0.482964
0.866025 -0.000002 -0.500000
0.965926 -0.000001 -0.258820
0.935113 -0.250563 -0.250565
0.842692 0.488758 0.225799
0.749140 0.501715 0.432518
0.432516 0.501714 0.749142
0.000000 0.501714 0.865033
-0.432516 0.501714 0.749142
-0.749140 0.501715 0.432518
-0.865032 0.501717 -0.000000
-0.749140 0.501715 -0.432517
-0.432516 0.501715 -0.749141
0.000000 0.501715 -0.865033
0.432516 0.501715 -0.749141
0.749140 0.501715 -0.432517
0.842692 0.488758 -0.225799
0.129957 -0.028179 -0.991119
-0.043198 -0.005347 -0.999052
-0.118021 -0.032004 -0.992495
0.033297 -0.040644 -0.998619
-0.591883 -0.030664 -0.805440
-0.693126 -0.020883 -0.720514
-0.921584 -0.019040 -0.387712
-0.855493 -0.029505 -0.516973
-0.991960 -0.007079 0.126355
-0.960886 0.007184 0.276851
-0.794168 0.003307 0.607690
-0.884366 -0.010273 0.466680
-0.374760 0.011217 0.927054
-0.206920 0.025758 0.978019
0.132068 0.016698 0.991100
-0.027407 0.002047 0.999622
0.606843 0.023375 0.794478
0.716560 0.033047 0.696743
0.924717 0.026159 0.379755
0.856790 0.017789 0.515359
0.989991 0.019091 -0.139835
0.952014 0.025640 -0.304979
0.786092 0.001465 -0.618108
0.884418 -0.003071 -0.466686
0.599075 -0.009386 -0.800638
0.442337 -0.022325 -0.896571
-0.235263 0.940083 0.246770
-0.399946 0.815879 0.417595
-0.297294 0.776586 0.555456
-0.351923 0.919461 0.175330
-0.632985 0.726032 0.268713
-0.417664 0.906985 0.054179
-0.636604 0.770968 -0.018551
-0.414820 0.906006 -0.084135
-0.621206 0.721972 -0.304730
-0.344191 0.916784 -0.202581
-0.382221 0.809781 -0.445154
-0.224630 0.936440 -0.269482
-0.125719 0.803428 -0.581977
-0.088250 0.959691 -0.266841
0.108836 0.893509 -0.435656
0.028390 0.980310 -0.195414
0.357950 0.888930 -0.285788
0.094117 0.992786 -0.074288
0.345488 0.938423 0.000477
0.091272 0.993763 0.064067
0.346171 0.892981 0.287664
0.020643 0.982986 0.182516
0.091105 0.899607 0.427091
-0.098899 0.963335 0.249408
0.002147 0.827642 0.561252
-0.224120 -0.282485 0.932723
-0.274940 -0.036678 0.960761
-0.449746 -0.330385 0.829804
-0.510589 -0.077915 0.856288
-0.863824 -0.142013 0.483364
-0.790941 -0.392300 0.469589
-0.908558 -0.417463 -0.015729
-0.985592 -0.168062 -0.019075
-0.843274 -0.149075 -0.516398
-0.771089 -0.399132 -0.496100
-0.415365 -0.342208 -0.842832
-0.475001 -0.090138 -0.875356
0.020551 -0.007067 -0.999764
0.063302 -0.261962 -0.963000
0.536644 -0.179882 -0.824412
0.510593 0.077905 -0.856286
0.863823 0.142001 -0.483370
0.877839 -0.117966 -0.464201
0.995460 -0.092806 0.021116
0.985594 0.168048 0.019071
0.843272 0.149067 0.516402
0.857991 -0.111136 0.501497
0.502266 -0.168055 0.848226
0.475000 0.090134 0.875358
0.235250 0.050312 0.970632
0.269807 -0.198269 0.942281
-0.321923 0.449793 0.833098
-0.525907 0.427168 0.735493
-0.831462 0.371724 0.412906
-0.936798 0.349195 -0.021732
-0.813683 0.365615 -0.451934
-0.495119 0.416587 -0.762438
-0.066453 0.488454 -0.870056
0.357453 0.561959 -0.745942
0.663011 0.617402 -0.423357
0.768345 0.639937 0.011273
0.645232 0.623518 0.441475
0.326671 0.572538 0.751988
0.123194 0.525690 0.841708
480
0 0 1 2 0 0 0 2
0 3 4 5 1 1 1 2
0 6 7 8 2 3 4 1
0 6 8 9 2 4 5 1
0 1 10 2 0 0 0 2
0 5 4 11 1 1 1 2
0 9 8 12 5 4 6 1
0 8 13 12 4 7 6 1
0 10 14 2 0 0 0 2
0 11 4 15 1 1 1 2
0 12 13 16 6 7 8 1
0 12 16 17 6 8 9 1
0 14 18 2 0 0 0 2
0 15 4 19 1 1 1 2
0 17 16 20 9 8 10 1
0 16 21 20 8 11 10 1
0 18 22 2 0 0 0 2
0 19 4 23 1 1 1 2
0 20 21 24 10 11 12 1
0 20 24 25 10 12 13 1
0 22 26 2 0 0 0 2
0 23 4 27 1 1 1 2
0 25 24 28 13 12 14 1
0 24 29 28 12 15 14 1
0 26 30 2 0 0 0 2
0 27 4 31 1 1 1 2
0 28 29 32 14 15 16 1
0 28 32 33 14 16 17 1
0 30 34 2 0 0 0 2
0 31 4 35 1 1 1 2
0 33 32 36 17 16 18 1
0 32 37 36 16 19 18 1
0 34 38 2 0 0 0 2
0 35 4 39 1 1 1 2
0 36 37 40 18 19 20 1
0 36 40 41 18 20 21 1
0 38 42 2 0 0 0 2
0 39 4 43 1 1 1 2
0 41 40 44 21 20 22 1
0 40 45 44 20 23 22 1
0 42 46 2 0 0 0 2
0 43 4 47 1 1 1 2
0 44 45 48 22 23 24 1
0 44 48 49 22 24 25 1
0 46 0 2 0 0 0 2
0 47 4 3 1 1 1 2
0 49 48 50 25 24 26 1
0 48 51 50 24 27 26 1
0 52 53 54 28 29 30 1
0 55 56 53 31 32 29 1
0 57 58 56 33 34 32 1
0 59 60 58 35 36 34 1
0 61 62 60 37 38 36 1
0 63 64 62 39 40 38 1
0 65 66 64 41 42 40 1
0 67 68 66 43 44 42 1
0 69 70 68 45 46 44 1
0 71 72 70 47 48 46 1
0 73 74 72 49 50 48 1
0 75 76 74 51 52 50 1
0 77 78 79 53 54 55 1
0 77 79 80 53 55 56 1
0 80 79 81 56 55 57 1
0 79 82 81 55 58 57 1
0 81 82 83 57 58 59 1
0 81 83 84 57 59 60 1
0 84 83 85 60 59 61 1
0 83 86 85 59 62 61 1
0 85 86 87 61 62 63 1
0 85 87 88 61 63 64 1
0 88 87 89 64 63 65 1
0 87 90 89 63 66 65 1
0 89 90 91 65 66 67 1
0 89 91 92 65 67 68 1
0 92 91 93 68 67 69 1
0 91 94 93 67 70 69 1
0 93 94 95 69 70 71 1
0 93 95 96 69 71 72 1
0 96 95 97 72 71 73 1
0 95 98 97 71 74 73 1
0 97 98 99 73 74 75 1
0 97 99 100 73 75 76 1
0 100 99 101 76 75 77 1
0 99 102 101 75 78 77 1
0 78 54 79 54 30 55 1
0 54 53 79 30 29 55 1
0 79 53 56 55 29 32 1
0 79 56 82 55 32 58 1
0 82 56 83 58 32 59 1
0 56 58 83 32 34 59 1
0 83 58 60 59 34 36 1
0 83 60 86 59 36 62 1
0 86 60 87 62 36 63 1
0 60 62 87 36 38 63 1
0 87 62 64 63 38 40 1
0 87 64 90 63 40 66 1
0 90 64 91 66 40 67 1
0 64 66 91 40 42 67 1
0 91 66 68 67 42 44 1
0 91 68 94 67 44 70 1
0 94 68 95 70 44 71 1
0 68 70 95 44 46 71 1
0 95 70 72 71 46 48 1
0 95 72 98 71 48 74 1
0 98 72 99 74 48 75 1
0 72 74 99 48 50 75 1
0 99 74 76 75 50 52 1
0 99 76 102 75 52 78 1
0 103 104 105 79 80 81 1
0 103 105 106 79 81 82 1
0 106 105 107 82 81 83 1
0 105 108 107 81 84 83 1
0 107 108 109 83 84 85 1
0 107 109 110 83 85 86 1
0 110 109 111 86 85 87 1
0 109 112 111 85 88 87 1
0 111 112 113 87 88 89 1
0 111 113 114 87 89 90 1
0 114 113 115 90 89 91 1
0 113 116 115 89 92 91 1
0 115 116 117 91 92 93 1
0 115 117 118 91 93 94 1
0 118 117 119 94 93 95 1
0 117 120 119 93 96 95 1
0 119 120 121 95 96 97 1
0 119 121 122 95 97 98 1
0 122 121 123 98 97 99 1
0 121 124 123 97 100 99 1
0 123 124 125 99 100 101 1
0 123 125 126 99 101 102 1
0 126 125 127 102 101 103 1
0 125 128 127 101 104 103 1
0 129 130 131 105 106 107 1
0 129 131 132 105 107 108 1
0 132 131 133 108 107 109 1
0 131 134 133 107 110 109 1
0 133 134 135 109 110 111 1
0 133 135 136 109 111 112 1
0 136 135 137 112 111 113 1
0 135 138 137 111 114 113 1
0 137 138 139 113 114 115 1
0 137 139 140 113 115 116 1
0 140 139 141 116 115 117 1
0 139 142 141 115 118 117 1
0 141 142 143 117 118 119 1
0 141 143 144 117 119 120 1
0 144 143 145 120 119 121 1
0 143 146 145 119 122 121 1
0 145 146 147 121 122 123 1
0 145 147 148 121 123 124 1
0 148 147 149 124 123 125 1
0 147 150 149 123 126 125 1
0 149 150 151 125 126 127 1
0 149 151 152 125 127 128 1
0 152 151 153 128 127 129 1
0 151 154 153 127 130 129 1
0 155 156 157 131 132 133 1
0 155 157 158 131 133 134 1
0 158 157 159 134 133 135 1
0 157 160 159 133 136 135 1
0 159 160 161 135 136 137 1
0 159 161 162 135 137 138 1
0 162 161 163 138 137 139 1
0 161 164 163 137 140 139 1
0 163 164 165 139 140 141 1
0 163 165 166 139 141 142 1
0 166 165 167 142 141 143 1
0 165 168 167 141 144 143 1
0 167 168 169 143 144 145 1
0 167 169 170 143 145 146 1
0 170 169 171 146 145 147 1
0 169 172 171 145 148 147 1
0 171 172 173 147 148 149 1
0 171 173 174 147 149 150 1
0 174 173 175 150 149 151 1
0 173 176 175 149 152 151 1
0 175 176 177 151 152 153 1
0 175 177 178 151 153 154 1
0 178 177 179 154 153 155 1
0 177 180 179 153 156 155 1
0 181 182 183 157 158 159 1
0 181 183 184 157 159 160 1
0 184 183 185 160 159 161 1
0 183 186 185 159 162 161 1
0 185 186 187 161 162 163 1
0 185 187 188 161 163 164 1
0 188 187 189 164 163 165 1
0 187 190 189 163 166 165 1
0 189 190 191 165 166 167 1
0 189 191 192 165 167 168 1
0 192 191 193 168 167 169 1
0 191 194 193 167 170 169 1
0 193 194 195 169 170 171 1
0 193 195 196 169 171 172 1
0 196 195 197 172 171 173 1
0 195 198 197 171 174 173 1
0 197 198 199 173 174 175 1
0 197 199 200 173 175 176 1
0 200 199 201 176 175 177 1
0 199 202 201 175 178 177 1
0 201 202 203 177 178 179 1
0 201 203 204 177 179 180 1
0 204 203 205 180 179 181 1
0 203 206 205 179 182 181 1
0 207 208 209 183 184 185 1
0 210 211 208 186 187 184 1
0 212 213 211 188 189 187 1
0 214 215 213 190 191 189 1
0 216 217 215 192 193 191 1
0 218 219 217 194 195 193 1
0 220 221 219 196 197 195 1
0 222 223 221 198 199 197 1
0 224 225 223 200 201 199 1
0 226 227 225 202 203 201 1
0 228 229 227 204 205 203 1
0 230 231 229 206 207 205 1
0 232 233 234 208 209 210 1
0 232 234 235 208 210 211 1
0 235 234 236 211 210 212 1
0 234 237 236 210 213 212 1
0 236 237 238 212 213 214 1
0 236 238 239 212 214 215 1
0 239 238 240 215 214 216 1
0 238 241 240 214 217 216 1
0 240 241 242 216 217 218 1
0 240 242 243 216 218 219 1
0 243 242 244 219 218 220 1
0 242 245 244 218 221 220 1
0 244 245 246 220 221 222 1
0 244 246 247 220 222 223 1
0 247 246 248 223 222 224 1
0 246 249 248 222 225 224 1
0 248 249 250 224 225 226 1
0 248 250 251 224 226 227 1
0 251 250 252 227 226 228 1
0 250 253 252 226 229 228 1
0 252 253 254 228 229 230 1
0 252 254 255 228 230 231 1
0 255 254 256 231 230 232 1
0 254 257 256 230 233 232 1
0 233 209 234 209 185 210 1
0 209 208 234 185 184 210 1
0 234 208 211 210 184 187 1
0 234 211 237 210 187 213 1
0 237 211 238 213 187 214 1
0 211 213 238 187 189 214 1
0 238 213 215 214 189 191 1
0 238 215 241 214 191 217 1
0 241 215 242 217 191 218 1
0 215 217 242 191 193 218 1
0 242 217 219 218 193 195 1
0 242 219 245 218 195 221 1
0 245 219 246 221 195 222 1
0 219 221 246 195 197 222 1
0 246 221 223 222 197 199 1
0 246 223 249 222 199 225 1
0 249 223 250 225 199 226 1
0 223 225 250 199 201 226 1
0 250 225 227 226 201 203 1
0 250 227 253 226 203 229 1
0 253 227 254 229 203 230 1
0 227 229 254 203 205 230 1
0 254 229 231 230 205 207 1
0 254 231 257 230 207 233 1
0 258 259 260 234 235 236 1
0 258 260 261 234 236 237 1
0 261 260 262 237 236 238 1
0 260 263 262 236 239 238 1
0 262 263 264 238 239 240 1
0 262 264 265 238 240 241 1
0 265 264 266 241 240 242 1
0 264 267 266 240 243 242 1
0 266 267 268 242 243 244 1
0 266 268 269 242 244 245 1
0 269 268 270 245 244 246 1
0 268 271 270 244 247 246 1
0 270 271 272 246 247 248 1
0 270 272 273 246 248 249 1
0 273 272 274 249 248 250 1
0 272 275 274 248 251 250 1
0 274 275 276 250 251 252 1
0 274 276 277 250 252 253 1
0 277 276 278 253 252 254 1
0 276 279 278 252 255 254 1
0 278 279 280 254 255 256 1
0 278 280 281 254 256 257 1
0 281 280 282 257 256 258 1
0 280 283 282 256 259 258 1
0 284 285 286 260 261 262 1
0 287 288 285 263 264 261 1
0 289 290 288 265 266 264 1
0 291 292 290 267 268 266 1
0 293 294 292 269 270 268 1
0 295 296 294 271 272 270 1
0 297 298 296 273 274 272 1
0 299 300 298 275 276 274 1
0 301 302 300 277 278 276 1
0 303 304 302 279 280 278 1
0 305 306 304 281 282 280 1
0 307 308 306 283 284 282 1
0 309 310 311 285 286 287 1
0 310 312 311 286 288 287 1
0 311 312 313 287 288 289 1
0 311 313 314 287 289 290 1
0 314 313 315 290 289 291 1
0 313 316 315 289 292 291 1
0 315 316 317 291 292 293 1
0 315 317 318 291 293 294 1
0 318 317 319 294 293 295 1
0 317 320 319 293 296 295 1
0 319 320 321 295 296 297 1
0 319 321 322 295 297 298 1
0 322 321 323 298 297 299 1
0 321 324 323 297 300 299 1
0 323 324 325 299 300 301 1
0 323 325 326 299 301 302 1
0 326 325 327 302 301 303 1
0 325 328 327 301 304 303 1
0 327 328 329 303 304 305 1
0 327 329 330 303 305 306 1
0 330 329 331 306 305 307 1
0 329 332 331 305 308 307 1
0 331 332 333 307 308 309 1
0 331 333 334 307 309 310 1
0 310 335 336 286 311 312 1
0 310 336 312 286 312 288 1
0 312 336 313 288 312 289 1
0 336 337 313 312 313 289 1
0 313 337 338 289 313 314 1
0 313 338 316 289 314 292 1
0 316 338 317 292 314 293 1
0 338 339 317 314 315 293 1
0 317 339 340 293 315 316 1
0 317 340 320 293 316 296 1
0 320 340 321 296 316 297 1
0 340 341 321 316 317 297 1
0 321 341 342 297 317 318 1
0 321 342 324 297 318 300 1
0 324 342 325 300 318 301 1
0 342 343 325 318 319 301 1
0 325 343 344 301 319 320 1
0 325 344 328 301 320 304 1
0 328 344 329 304 320 305 1
0 344 345 329 320 321 305 1
0 329 345 346 305 321 322 1
0 329 346 332 305 322 308 1
0 332 346 333 308 322 309 1
0 346 347 333 322 323 309 1
0 335 286 336 311 262 312 1
0 286 285 336 262 261 312 1
0 336 285 288 312 261 264 1
0 336 288 337 312 264 313 1
0 337 288 338 313 264 314 1
0 288 290 338 264 266 314 1
0 338 290 292 314 266 268 1
0 338 292 339 314 268 315 1
0 339 292 340 315 268 316 1
0 292 294 340 268 270 316 1
0 340 294 296 316 270 272 1
0 340 296 341 316 272 317 1
0 341 296 342 317 272 318 1
0 296 298 342 272 274 318 1
0 342 298 300 318 274 276 1
0 342 300 343 318 276 319 1
0 343 300 344 319 276 320 1
0 300 302 344 276 278 320 1
0 344 302 304 320 278 280 1
0 344 304 345 320 280 321 1
0 345 304 346 321 280 322 1
0 304 306 346 280 282 322 1
0 346 306 308 322 282 284 1
0 346 308 347 322 284 323 1
0 348 349 350 324 325 326 1
0 348 350 351 324 326 327 1
0 351 350 352 327 326 328 1
0 350 353 352 326 329 328 1
0 352 353 354 328 329 330 1
0 352 354 355 328 330 331 1
0 355 354 356 331 330 332 1
0 354 357 356 330 333 332 1
0 356 357 358 332 333 334 1
0 356 358 359 332 334 335 1
0 359 358 360 335 334 336 1
0 358 361 360 334 337 336 1
0 360 361 362 336 337 338 1
0 360 362 363 336 338 339 1
0 363 362 364 339 338 340 1
0 362 365 364 338 341 340 1
0 364 365 366 340 341 342 1
0 364 366 367 340 342 343 1
0 367 366 368 343 342 344 1
0 366 369 368 342 345 344 1
0 368 369 370 344 345 346 1
0 368 370 371 344 346 347 1
0 371 370 372 347 346 348 1
0 370 373 372 346 349 348 1
0 374 375 376 350 351 352 1
0 377 378 375 353 354 351 1
0 379 380 378 355 356 354 1
0 381 382 380 357 358 356 1
0 383 384 382 359 360 358 1
0 385 386 384 361 362 360 1
0 387 388 386 363 364 362 1
0 389 390 388 365 366 364 1
0 391 392 390 367 368 366 1
0 393 394 392 369 370 368 1
0 395 396 394 371 372 370 1
0 397 398 396 373 374 372 1
0 399 400 401 375 376 377 1
0 400 402 401 376 378 377 1
0 401 402 403 377 378 379 1
0 401 403 404 377 379 380 1
0 404 403 405 380 379 381 1
0 403 406 405 379 382 381 1
0 405 406 407 381 382 383 1
0 405 407 408 381 383 384 1
0 408 407 409 384 383 385 1
0 407 410 409 383 386 385 1
0 409 410 411 385 386 387 1
0 409 411 412 385 387 388 1
0 412 411 413 388 387 389 1
0 411 414 413 387 390 389 1
0 413 414 415 389 390 391 1
0 413 415 416 389 391 392 1
0 416 415 417 392 391 393 1
0 415 418 417 391 394 393 1
0 417 418 419 393 394 395 1
0 417 419 420 393 395 396 1
0 420 419 421 396 395 397 1
0 419 422 421 395 398 397 1
0 421 422 423 397 398 399 1
0 421 423 424 397 399 400 1
0 400 425 426 376 401 402 1
0 400 426 402 376 402 378 1
0 402 426 403 378 402 379 1
0 426 427 403 402 403 379 1
0 403 427 428 379 403 404 1
0 403 428 406 379 404 382 1
0 406 428 407 382 404 383 1
0 428 429 407 404 405 383 1
0 407 429 430 383 405 406 1
0 407 430 410 383 406 386 1
0 410 430 411 386 406 387 1
0 430 431 411 406 407 387 1
0 411 431 432 387 407 408 1
0 411 432 414 387 408 390 1
0 414 432 415 390 408 391 1
0 432 433 415 408 409 391 1
0 415 433 434 391 409 410 1
0 415 434 418 391 410 394 1
0 418 434 419 394 410 395 1
0 434 435 419 410 411 395 1
0 419 435 436 395 411 412 1
0 419 436 422 395 412 398 1
0 422 436 423 398 412 399 1
0 436 437 423 412 413 399 1
0 425 376 426 401 352 402 1
0 376 375 426 352 351 402 1
0 426 375 378 402 351 354 1
0 426 378 427 402 354 403 1
0 427 378 428 403 354 404 1
0 378 380 428 354 356 404 1
0 428 380 382 404 356 358 1
0 428 382 429 404 358 405 1
0 429 382 430 405 358 406 1
0 382 384 430 358 360 406 1
0 430 384 386 406 360 362 1
0 430 386 431 406 362 407 1
0 431 386 432 407 362 408 1
0 386 388 432 362 364 408 1
0 432 388 390 408 364 366 1
0 432 390 433 408 366 409 1
0 433 390 434 409 366 410 1
0 390 392 434 366 368 410 1
0 434 392 394 410 368 370 1
0 434 394 435 410 370 411 1
0 435 394 436 411 370 412 1
0 394 396 436 370 372 412 1
0 436 396 398 412 372 374 1
0 436 398 437 412 374 413 1

Materials: 1
"Material01"
0.200000 0.200000 0.200000 1.000000
0.800000 0.800000 0.800000 1.000000
0.000000 0.000000 0.000000 1.000000
0.000000 0.000000 0.000000 1.000000
0.000000
1.000000
".\green.bmp"
""

Bones: 0
