// MilkShape 3D ASCII

Frames: 30
Frame: 1

Meshes: 1
"cactus" 0 0
322
0 2.471376 -0.004564 -0.000401 0.000000 0.000000 -1
0 2.142305 -0.004564 1.227707 0.000000 0.000000 -1
0 0.015155 -0.004564 -0.000401 0.000000 0.000000 -1
0 2.471376 -0.004564 -0.000401 0.000000 1.000000 -1
0 0.925236 20.301163 -0.402256 0.000000 0.833333 -1
0 0.629073 20.301163 0.703042 0.083333 0.833333 -1
0 2.142305 -0.004564 1.227707 0.083333 1.000000 -1
0 1.243266 -0.004564 2.126747 0.000000 0.000000 -1
0 1.243266 -0.004564 2.126747 0.166667 1.000000 -1
0 -0.180062 20.301163 1.512178 0.166667 0.833333 -1
0 0.015155 -0.004564 2.455819 0.000000 0.000000 -1
0 -1.285360 20.301163 1.808341 0.250000 0.833333 -1
0 0.015155 -0.004564 2.455819 0.250000 1.000000 -1
0 -1.212954 -0.004564 2.126747 0.000000 0.000000 -1
0 -1.212954 -0.004564 2.126747 0.333333 1.000000 -1
0 -2.390660 20.301163 1.512178 0.333333 0.833333 -1
0 -2.111994 -0.004564 1.227707 0.000000 0.000000 -1
0 -3.199793 20.301163 0.703042 0.416667 0.833333 -1
0 -2.111994 -0.004564 1.227707 0.416667 1.000000 -1
0 -2.441064 -0.004564 -0.000401 0.000000 0.000000 -1
0 -2.441064 -0.004564 -0.000401 0.500000 1.000000 -1
0 -3.495957 20.301163 -0.402256 0.500000 0.833333 -1
0 -2.111994 -0.004564 -1.228512 0.000000 0.000000 -1
0 -3.199793 20.301163 -1.507555 0.583333 0.833333 -1
0 -2.111994 -0.004564 -1.228512 0.583333 1.000000 -1
0 -1.212954 -0.004564 -2.127549 0.000000 0.000000 -1
0 -1.212954 -0.004564 -2.127549 0.666667 1.000000 -1
0 -2.390660 20.301163 -2.316687 0.666667 0.833333 -1
0 0.015155 -0.004564 -2.456619 0.000000 0.000000 -1
0 -1.285360 20.301163 -2.612851 0.750000 0.833333 -1
0 0.015155 -0.004564 -2.456619 0.750000 1.000000 -1
0 1.243266 -0.004564 -2.127549 0.000000 0.000000 -1
0 1.243266 -0.004564 -2.127549 0.833333 1.000000 -1
0 -0.180062 20.301163 -2.316687 0.833333 0.833333 -1
0 2.142305 -0.004564 -1.228512 0.000000 0.000000 -1
0 0.629073 20.301163 -1.507555 0.916667 0.833333 -1
0 2.142305 -0.004564 -1.228512 0.916667 1.000000 -1
0 2.471376 -0.004564 -0.000401 1.000000 1.000000 -1
0 0.925236 20.301163 -0.402256 1.000000 0.833333 -1
0 -1.284121 22.998985 -0.402256 0.000000 0.000000 -1
0 -0.326568 22.698116 0.159164 0.083333 0.166667 -1
0 -0.178433 22.698116 -0.402256 0.000000 0.166667 -1
0 -1.284121 22.998985 -0.402256 0.083333 0.000000 -1
0 -0.731278 22.698116 0.570154 0.166667 0.166667 -1
0 -1.284121 22.998985 -0.402256 0.166667 0.000000 -1
0 -1.284121 22.698116 0.720586 0.250000 0.166667 -1
0 -1.284121 22.998985 -0.402256 0.250000 0.000000 -1
0 -1.836965 22.698116 0.570154 0.333333 0.166667 -1
0 -1.284121 22.998985 -0.402256 0.333333 0.000000 -1
0 -2.241674 22.698116 0.159164 0.416667 0.166667 -1
0 -1.284121 22.998985 -0.402256 0.416667 0.000000 -1
0 -2.389808 22.698116 -0.402256 0.500000 0.166667 -1
0 -1.284121 22.998985 -0.402256 0.500000 0.000000 -1
0 -2.241674 22.698116 -0.963677 0.583333 0.166667 -1
0 -1.284121 22.998985 -0.402256 0.583333 0.000000 -1
0 -1.836965 22.698116 -1.374667 0.666667 0.166667 -1
0 -1.284121 22.998985 -0.402256 0.666667 0.000000 -1
0 -1.284121 22.698116 -1.525099 0.750000 0.166667 -1
0 -1.284121 22.998985 -0.402256 0.750000 0.000000 -1
0 -0.731278 22.698116 -1.374667 0.833333 0.166667 -1
0 -1.284121 22.998985 -0.402256 0.833333 0.000000 -1
0 -0.326568 22.698116 -0.963677 0.916667 0.166667 -1
0 -1.284121 22.998985 -0.402256 0.916667 0.000000 -1
0 -0.178433 22.698116 -0.402256 1.000000 0.166667 -1
0 0.927254 20.297138 -0.402256 0.000000 0.500000 -1
0 0.630985 21.876141 -0.402256 0.000000 0.333333 -1
0 0.374409 21.876141 0.570154 0.083333 0.333333 -1
0 0.630985 20.297138 0.720586 0.083333 0.500000 -1
0 -0.178433 20.297138 1.542565 0.166667 0.500000 -1
0 -0.326568 21.876141 1.282009 0.166667 0.333333 -1
0 -1.284121 21.876141 1.542565 0.250000 0.333333 -1
0 -1.284121 20.297138 1.843431 0.250000 0.500000 -1
0 -2.389808 20.297138 1.542565 0.333333 0.500000 -1
0 -2.241674 21.876141 1.282009 0.333333 0.333333 -1
0 -2.942651 21.876141 0.570154 0.416667 0.333333 -1
0 -3.199226 20.297138 0.720586 0.416667 0.500000 -1
0 -3.495494 20.297138 -0.402256 0.500000 0.500000 -1
0 -3.199226 21.876141 -0.402256 0.500000 0.333333 -1
0 -2.942651 21.876141 -1.374667 0.583333 0.333333 -1
0 -3.199226 20.297138 -1.525099 0.583333 0.500000 -1
0 -2.389808 20.297138 -2.347075 0.666667 0.500000 -1
0 -2.241674 21.876141 -2.086519 0.666667 0.333333 -1
0 -1.284121 21.876141 -2.347075 0.750000 0.333333 -1
0 -1.284121 20.297138 -2.647940 0.750000 0.500000 -1
0 -0.178433 20.297138 -2.347075 0.833333 0.500000 -1
0 -0.326568 21.876141 -2.086519 0.833333 0.333333 -1
0 0.374409 21.876141 -1.374667 0.916667 0.333333 -1
0 0.630985 20.297138 -1.525099 0.916667 0.500000 -1
0 0.927254 20.297138 -0.402256 1.000000 0.500000 -1
0 0.630985 21.876141 -0.402256 1.000000 0.333333 -1
0 1.458858 9.308792 -0.402256 0.000000 1.000000 -1
0 3.536795 11.167241 -0.402256 0.000000 0.833333 -1
0 3.413134 11.290901 0.250411 0.083333 0.833333 -1
0 1.292218 9.481356 0.493036 0.083333 1.000000 -1
0 0.836929 9.952799 1.148435 0.166667 1.000000 -1
0 3.075284 11.628738 0.728197 0.166667 0.833333 -1
0 2.613783 12.090274 0.903079 0.250000 0.833333 -1
0 0.215017 10.596820 1.388327 0.250000 1.000000 -1
0 -0.406909 11.240841 1.148435 0.333333 1.000000 -1
0 2.152273 12.551770 0.728197 0.333333 0.833333 -1
0 1.814428 12.889616 0.250411 0.416667 0.833333 -1
0 -0.862189 11.712289 0.493036 0.416667 1.000000 -1
0 -1.028830 11.884861 -0.402256 0.500000 1.000000 -1
0 1.690764 13.013276 -0.402256 0.500000 0.833333 -1
0 1.814428 12.889616 -1.054924 0.583333 0.833333 -1
0 -0.862189 11.712289 -1.297549 0.583333 1.000000 -1
0 -0.406909 11.240841 -1.952946 0.666667 1.000000 -1
0 2.152273 12.551770 -1.532710 0.666667 0.833333 -1
0 2.613783 12.090274 -1.707591 0.750000 0.833333 -1
0 0.215017 10.596820 -2.192838 0.750000 1.000000 -1
0 0.836929 9.952799 -1.952946 0.833333 1.000000 -1
0 3.075284 11.628738 -1.532710 0.833333 0.833333 -1
0 3.413134 11.290901 -1.054924 0.916667 0.833333 -1
0 1.292218 9.481356 -1.297549 0.916667 1.000000 -1
0 1.458858 9.308792 -0.402256 1.000000 1.000000 -1
0 3.536795 11.167241 -0.402256 1.000000 0.833333 -1
0 3.466494 11.090431 -0.402256 0.000000 1.000000 -1
0 3.808154 12.488450 -0.402256 0.000000 0.833333 -1
0 3.669591 12.590616 0.229525 0.083333 0.833333 -1
0 3.327925 11.192588 0.229525 0.083333 1.000000 -1
0 4.326238 14.716510 -0.402256 0.000000 0.666667 -1
0 4.154089 14.717716 0.229525 0.083333 0.666667 -1
0 2.949357 11.471688 0.692023 0.166667 1.000000 -1
0 3.291020 12.869724 0.692023 0.166667 0.833333 -1
0 3.683768 14.720996 0.692023 0.166667 0.666667 -1
0 2.773884 13.250993 0.861308 0.250000 0.833333 -1
0 2.432216 11.852948 0.861308 0.250000 1.000000 -1
0 3.041295 14.725477 0.861308 0.250000 0.666667 -1
0 1.915082 12.234216 0.692023 0.333333 1.000000 -1
0 2.474909 13.521088 0.692023 0.333333 0.833333 -1
0 2.398815 14.729959 0.692023 0.333333 0.666667 -1
0 2.037001 13.692708 0.229525 0.416667 0.833333 -1
0 1.536511 12.513318 0.229525 0.416667 1.000000 -1
0 1.928491 14.733253 0.229525 0.416667 0.666667 -1
0 1.397947 12.615479 -0.402256 0.500000 1.000000 -1
0 1.876713 13.755525 -0.402256 0.500000 0.833333 -1
0 1.756339 14.734452 -0.402256 0.500000 0.666667 -1
0 2.037001 13.692708 -1.034039 0.583333 0.833333 -1
0 1.536511 12.513318 -1.034039 0.583333 1.000000 -1
0 1.928491 14.733253 -1.034039 0.583333 0.666667 -1
0 1.915082 12.234216 -1.496534 0.666667 1.000000 -1
0 2.474909 13.521088 -1.496534 0.666667 0.833333 -1
0 2.398815 14.729959 -1.496534 0.666667 0.666667 -1
0 2.773884 13.250993 -1.665820 0.750000 0.833333 -1
0 2.432216 11.852948 -1.665820 0.750000 1.000000 -1
0 3.041295 14.725477 -1.665820 0.750000 0.666667 -1
0 2.949357 11.471688 -1.496534 0.833333 1.000000 -1
0 3.291020 12.869724 -1.496534 0.833333 0.833333 -1
0 3.683768 14.720996 -1.496534 0.833333 0.666667 -1
0 3.669591 12.590616 -1.034039 0.916667 0.833333 -1
0 3.327925 11.192588 -1.034039 0.916667 1.000000 -1
0 4.154089 14.717716 -1.034039 0.916667 0.666667 -1
0 3.466494 11.090431 -0.402256 1.000000 1.000000 -1
0 3.808154 12.488450 -0.402256 1.000000 0.833333 -1
0 4.326238 14.716510 -0.402256 1.000000 0.666667 -1
0 3.405015 17.668150 -0.402256 0.000000 0.000000 -1
0 3.968708 17.493736 -0.076808 0.083333 0.166667 -1
0 4.055912 17.493736 -0.402256 0.000000 0.166667 -1
0 3.405015 17.668150 -0.402256 0.083333 0.000000 -1
0 3.730464 17.493736 0.161437 0.166667 0.166667 -1
0 3.405015 17.668150 -0.402256 0.166667 0.000000 -1
0 3.405015 17.493736 0.248642 0.250000 0.166667 -1
0 3.405015 17.668150 -0.402256 0.250000 0.000000 -1
0 3.079565 17.493736 0.161437 0.333333 0.166667 -1
0 3.405015 17.668150 -0.402256 0.333333 0.000000 -1
0 2.841319 17.493736 -0.076808 0.416667 0.166667 -1
0 3.405015 17.668150 -0.402256 0.416667 0.000000 -1
0 2.754117 17.493736 -0.402256 0.500000 0.166667 -1
0 3.405015 17.668150 -0.402256 0.500000 0.000000 -1
0 2.841319 17.493736 -0.727705 0.583333 0.166667 -1
0 3.405015 17.668150 -0.402256 0.583333 0.000000 -1
0 3.079565 17.493736 -0.965950 0.666667 0.166667 -1
0 3.405015 17.668150 -0.402256 0.666667 0.000000 -1
0 3.405015 17.493736 -1.053154 0.750000 0.166667 -1
0 3.405015 17.668150 -0.402256 0.750000 0.000000 -1
0 3.730464 17.493736 -0.965950 0.833333 0.166667 -1
0 3.405015 17.668150 -0.402256 0.833333 0.000000 -1
0 3.968708 17.493736 -0.727705 0.916667 0.166667 -1
0 3.405015 17.668150 -0.402256 0.916667 0.000000 -1
0 4.055912 17.493736 -0.402256 1.000000 0.166667 -1
0 4.338377 14.708407 -0.402256 0.000000 0.500000 -1
0 4.200813 15.764578 -0.402256 0.000000 0.333333 -1
0 4.049772 15.764578 0.161437 0.083333 0.333333 -1
0 4.163969 14.708407 0.248642 0.083333 0.500000 -1
0 3.687480 14.708407 0.725131 0.166667 0.500000 -1
0 3.637118 15.764578 0.574090 0.166667 0.333333 -1
0 3.073425 15.764578 0.725131 0.250000 0.333333 -1
0 3.036582 14.708407 0.899539 0.250000 0.500000 -1
0 2.385684 14.708407 0.725131 0.333333 0.500000 -1
0 2.509729 15.764578 0.574090 0.333333 0.333333 -1
0 2.097079 15.764578 0.161437 0.416667 0.333333 -1
0 1.909194 14.708407 0.248642 0.416667 0.500000 -1
0 1.734787 14.708407 -0.402256 0.500000 0.500000 -1
0 1.946036 15.764578 -0.402256 0.500000 0.333333 -1
0 2.097079 15.764578 -0.965950 0.583333 0.333333 -1
0 1.909194 14.708407 -1.053154 0.583333 0.500000 -1
0 2.385684 14.708407 -1.529644 0.666667 0.500000 -1
0 2.509729 15.764578 -1.378603 0.666667 0.333333 -1
0 3.073425 15.764578 -1.529644 0.750000 0.333333 -1
0 3.036582 14.708407 -1.704051 0.750000 0.500000 -1
0 3.687480 14.708407 -1.529644 0.833333 0.500000 -1
0 3.637118 15.764578 -1.378603 0.833333 0.333333 -1
0 4.049772 15.764578 -0.965950 0.916667 0.333333 -1
0 4.163969 14.708407 -1.053154 0.916667 0.500000 -1
0 4.338377 14.708407 -0.402256 1.000000 0.500000 -1
0 4.200813 15.764578 -0.402256 1.000000 0.333333 -1
0 -1.561086 7.619712 -2.836669 0.000000 1.000000 -1
0 -3.365563 11.612998 -5.491361 0.000000 0.833333 -1
0 -2.830721 11.713168 -5.550139 0.083333 0.833333 -1
0 -0.828119 7.759492 -2.919619 0.083333 1.000000 -1
0 -0.212620 8.141366 -2.722159 0.166667 1.000000 -1
0 -2.380613 11.986813 -5.401586 0.166667 0.833333 -1
0 -2.135857 12.360659 -5.085519 0.250000 0.833333 -1
0 0.120491 8.663025 -2.297229 0.250000 1.000000 -1
0 0.081947 9.184687 -1.758676 0.333333 1.000000 -1
0 -2.162023 12.734467 -4.686616 0.333333 0.833333 -1
0 -2.452115 13.008122 -4.311769 0.416667 0.833333 -1
0 -0.317906 9.566559 -1.250800 0.416667 1.000000 -1
0 -0.971944 9.706339 -0.909697 0.500000 1.000000 -1
0 -2.928388 13.108294 -4.061415 0.500000 0.833333 -1
0 -3.463235 13.008122 -4.002637 0.583333 0.833333 -1
0 -1.704909 9.566559 -0.826751 0.583333 1.000000 -1
0 -2.320406 9.184687 -1.024199 0.666667 1.000000 -1
0 -3.913341 12.734467 -4.151187 0.666667 0.833333 -1
0 -4.158099 12.360659 -4.467255 0.750000 0.833333 -1
0 -2.653516 8.663025 -1.449138 0.750000 1.000000 -1
0 -2.614977 8.141366 -1.987685 0.833333 1.000000 -1
0 -4.131927 11.986813 -4.866155 0.833333 0.833333 -1
0 -3.841844 11.713168 -5.241006 0.916667 0.833333 -1
0 -2.215118 7.759492 -2.495567 0.916667 1.000000 -1
0 -1.561086 7.619712 -2.836669 1.000000 1.000000 -1
0 -3.365563 11.612998 -5.491361 1.000000 0.833333 -1
0 -3.348914 11.550774 -5.436904 0.000000 1.000000 -1
0 -3.429827 12.683176 -5.701556 0.000000 0.833333 -1
0 -2.907633 12.765931 -5.743850 0.083333 0.833333 -1
0 -2.826719 11.633519 -5.479187 0.083333 1.000000 -1
0 -3.695470 16.311653 -6.637029 0.000000 0.666667 -1
0 -3.165315 16.312622 -6.653301 0.083333 0.666667 -1
0 -2.378814 11.859600 -5.295476 0.166667 1.000000 -1
0 -2.459727 12.992009 -5.560134 0.166667 0.833333 -1
0 -2.695678 16.315285 -6.398515 0.166667 0.666667 -1
0 -2.206128 13.300837 -5.199645 0.250000 0.833333 -1
0 -2.125216 12.168426 -4.934986 0.250000 1.000000 -1
0 -2.412401 16.318913 -5.940944 0.250000 0.666667 -1
0 -2.133876 12.477251 -4.494318 0.333333 1.000000 -1
0 -2.266453 13.519618 -4.927968 0.333333 0.833333 -1
0 -2.391376 16.322548 -5.403186 0.333333 0.666667 -1
0 -2.521004 13.658620 -4.479229 0.416667 0.833333 -1
0 -2.402475 12.703316 -4.091547 0.416667 1.000000 -1
0 -2.638245 16.325203 -4.929338 0.416667 0.666667 -1
0 -2.859043 12.786079 -3.834593 0.500000 1.000000 -1
0 -2.972422 13.709500 -4.205450 0.500000 0.833333 -1
0 -3.086862 16.326181 -4.646370 0.500000 0.666667 -1
0 -3.499765 13.658620 -4.179991 0.583333 0.833333 -1
0 -3.381239 12.703316 -3.792307 0.583333 1.000000 -1
0 -3.617017 16.325203 -4.630099 0.583333 0.666667 -1
0 -3.829146 12.477251 -3.976019 0.666667 1.000000 -1
0 -3.961723 13.519618 -4.409670 0.666667 0.833333 -1
0 -4.086649 16.322548 -4.884887 0.666667 0.666667 -1
0 -4.163661 13.300837 -4.601164 0.750000 0.833333 -1
0 -4.082745 12.168426 -4.336508 0.750000 1.000000 -1
0 -4.369933 16.318913 -5.342462 0.750000 0.666667 -1
0 -4.074086 11.859600 -4.777176 0.833333 1.000000 -1
0 -4.154995 12.992009 -5.041834 0.833333 0.833333 -1
0 -4.390953 16.315285 -5.880222 0.833333 0.666667 -1
0 -3.886396 12.765931 -5.444608 0.916667 0.833333 -1
0 -3.805485 11.633519 -5.179948 0.916667 1.000000 -1
0 -4.144082 16.312622 -6.354063 0.916667 0.666667 -1
0 -3.348914 11.550774 -5.436904 1.000000 1.000000 -1
0 -3.429827 12.683176 -5.701556 1.000000 0.833333 -1
0 -3.695470 16.311653 -6.637029 1.000000 0.666667 -1
0 -3.390049 17.359535 -5.638052 0.000000 0.000000 -1
0 -3.271448 17.218264 -6.151767 0.083333 0.166667 -1
0 -3.544195 17.218264 -6.142242 0.000000 0.166667 -1
0 -3.390049 17.359535 -5.638052 0.083333 0.000000 -1
0 -3.030482 17.218264 -6.023643 0.166667 0.166667 -1
0 -3.390049 17.359535 -5.638052 0.166667 0.000000 -1
0 -2.885859 17.218264 -5.792199 0.250000 0.166667 -1
0 -3.390049 17.359535 -5.638052 0.250000 0.000000 -1
0 -2.876334 17.218264 -5.519453 0.333333 0.166667 -1
0 -3.390049 17.359535 -5.638052 0.333333 0.000000 -1
0 -3.004459 17.218264 -5.278485 0.416667 0.166667 -1
0 -3.390049 17.359535 -5.638052 0.416667 0.000000 -1
0 -3.235903 17.218264 -5.133864 0.500000 0.166667 -1
0 -3.390049 17.359535 -5.638052 0.500000 0.000000 -1
0 -3.508650 17.218264 -5.124337 0.583333 0.166667 -1
0 -3.390049 17.359535 -5.638052 0.583333 0.000000 -1
0 -3.749618 17.218264 -5.252460 0.666667 0.166667 -1
0 -3.390049 17.359535 -5.638052 0.666667 0.000000 -1
0 -3.894239 17.218264 -5.483908 0.750000 0.166667 -1
0 -3.390049 17.359535 -5.638052 0.750000 0.000000 -1
0 -3.903764 17.218264 -5.756654 0.833333 0.166667 -1
0 -3.390049 17.359535 -5.638052 0.833333 0.000000 -1
0 -3.775637 17.218264 -5.997619 0.916667 0.166667 -1
0 -3.390049 17.359535 -5.638052 0.916667 0.000000 -1
0 -3.544195 17.218264 -6.142242 1.000000 0.166667 -1
0 -3.698343 16.305080 -6.646433 0.000000 0.500000 -1
0 -3.657039 16.832312 -6.511335 0.000000 0.333333 -1
0 -3.184626 16.832312 -6.527833 0.083333 0.333333 -1
0 -3.152847 16.305080 -6.665481 0.083333 0.500000 -1
0 -2.670912 16.305080 -6.409234 0.166667 0.500000 -1
0 -2.767258 16.832312 -6.305914 0.166667 0.333333 -1
0 -2.516768 16.832312 -5.905044 0.250000 0.333333 -1
0 -2.381672 16.305080 -5.946346 0.250000 0.500000 -1
0 -2.362621 16.305080 -5.400850 0.333333 0.500000 -1
0 -2.500267 16.832312 -5.432630 0.333333 0.333333 -1
0 -2.722186 16.832312 -5.015263 0.416667 0.333333 -1
0 -2.618870 16.305080 -4.918916 0.416667 0.500000 -1
0 -3.081755 16.305080 -4.629671 0.500000 0.500000 -1
0 -3.123062 16.832312 -4.764769 0.500000 0.333333 -1
0 -3.595472 16.832312 -4.748273 0.583333 0.333333 -1
0 -3.627251 16.305080 -4.610623 0.583333 0.500000 -1
0 -4.109189 16.305080 -4.866873 0.666667 0.500000 -1
0 -4.012842 16.832312 -4.970193 0.666667 0.333333 -1
0 -4.263334 16.832312 -5.371063 0.750000 0.333333 -1
0 -4.398429 16.305080 -5.329761 0.750000 0.500000 -1
0 -4.417479 16.305080 -5.875254 0.833333 0.500000 -1
0 -4.279830 16.832312 -5.843472 0.833333 0.333333 -1
0 -4.057913 16.832312 -6.260845 0.916667 0.333333 -1
0 -4.161231 16.305080 -6.357189 0.916667 0.500000 -1
0 -3.698343 16.305080 -6.646433 1.000000 0.500000 -1
0 -3.657039 16.832312 -6.511335 1.000000 0.333333 -1
310
0.000000 -1.000000 0.000000
0.962951 0.078428 0.258021
0.962951 0.078428 0.258021
0.863401 0.077225 0.498573
0.863401 0.077225 0.498573
0.498904 0.061135 0.864498
0.498904 0.061135 0.864498
-0.000137 0.031861 0.999492
-0.000137 0.031862 0.999492
-0.499988 -0.002788 0.866028
-0.499988 -0.002788 0.866028
-0.865486 -0.033451 0.499815
-0.865486 -0.033451 0.499815
-0.998653 -0.051879 0.000069
-0.998653 -0.051879 0.000069
-0.864773 -0.053189 -0.499338
-0.864773 -0.053189 -0.499338
-0.499559 -0.037035 -0.865488
-0.499559 -0.037035 -0.865488
0.000033 -0.007692 -0.999970
0.000033 -0.007692 -0.999970
0.499715 0.026963 -0.865770
0.499715 0.026963 -0.865770
0.864495 0.057562 -0.499335
0.864495 0.057562 -0.499335
0.963673 0.068267 -0.258215
0.963673 0.068267 -0.258214
0.261936 0.962607 0.069113
0.436315 0.864867 0.248262
0.572245 0.806063 0.150990
0.191843 0.963073 0.188912
0.290568 0.818232 0.496052
0.070253 0.963538 0.258183
0.000000 0.867075 0.498178
-0.070253 0.963538 0.258183
-0.290568 0.818232 0.496052
-0.191843 0.963073 0.188911
-0.436316 0.864867 0.248261
-0.261936 0.962608 0.069113
-0.578882 0.815412 0.000000
-0.261936 0.962608 -0.069113
-0.436316 0.864867 -0.248261
-0.191843 0.963073 -0.188911
-0.290568 0.818231 -0.496052
-0.070253 0.963538 -0.258183
0.000000 0.867074 -0.498179
0.070253 0.963538 -0.258183
0.290568 0.818231 -0.496052
0.191843 0.963073 -0.188912
0.436315 0.864867 -0.248262
0.261936 0.962607 -0.069113
0.572245 0.806063 -0.150990
0.951378 0.178507 0.251027
0.861987 0.453044 0.227440
0.768671 0.466428 0.437710
0.853892 0.185093 0.486426
0.496171 0.186474 0.847964
0.446214 0.468838 0.762288
0.000000 0.470057 0.882636
0.000000 0.187175 0.982327
-0.496171 0.186474 0.847964
-0.446214 0.468838 0.762288
-0.768671 0.466428 0.437709
-0.853892 0.185093 0.486425
-0.982849 0.184412 0.000000
-0.885186 0.465237 0.000000
-0.768671 0.466428 -0.437710
-0.853892 0.185093 -0.486426
-0.496170 0.186473 -0.847964
-0.446214 0.468837 -0.762289
0.000000 0.470056 -0.882637
0.000000 0.187173 -0.982327
0.496170 0.186473 -0.847964
0.446214 0.468838 -0.762289
0.768670 0.466428 -0.437710
0.853891 0.185093 -0.486426
0.951378 0.178507 -0.251027
0.861987 0.453044 -0.227440
0.643960 -0.720050 0.258542
0.643995 -0.720053 0.258445
0.594506 -0.629714 0.500023
0.594481 -0.629728 0.500035
0.395722 -0.311730 0.863845
0.395406 -0.311426 0.864100
0.125103 0.119388 0.984934
0.125743 0.118081 0.985011
-0.137033 0.534813 0.833785
-0.137934 0.536218 0.832733
-0.319322 0.822510 0.470649
-0.318813 0.822043 0.471808
-0.383420 0.923574 0.000000
-0.383241 0.923649 0.000000
-0.319322 0.822510 -0.470649
-0.318813 0.822043 -0.471808
-0.137033 0.534812 -0.833785
-0.137935 0.536218 -0.832733
0.125102 0.119388 -0.984935
0.125742 0.118080 -0.985011
0.395721 -0.311730 -0.863845
0.395405 -0.311426 -0.864100
0.594506 -0.629714 -0.500023
0.594480 -0.629728 -0.500035
0.643960 -0.720050 -0.258542
0.643995 -0.720053 -0.258445
0.942086 -0.230237 0.243854
0.943497 -0.224976 0.243310
0.852293 -0.200347 0.483176
0.852501 -0.208344 0.479411
0.943586 -0.217170 0.249964
0.845660 -0.192620 0.497751
0.505798 -0.123612 0.853750
0.509716 -0.116291 0.852447
0.501836 -0.107238 0.858290
-0.045976 0.000848 0.998942
-0.000001 0.000000 1.000000
0.000001 -0.000000 1.000000
-0.496564 0.201187 0.844363
-0.579534 0.092925 0.809633
-0.565303 -0.027063 0.824439
-0.852883 0.128650 0.506004
-0.799071 0.339097 0.496487
-0.859359 -0.089616 0.503459
-0.921270 0.388923 0.000000
-0.990688 0.136149 0.000000
-0.993604 -0.112922 0.000000
-0.852882 0.128650 -0.506005
-0.799070 0.339096 -0.496488
-0.859359 -0.089616 -0.503460
-0.496563 0.201187 -0.844363
-0.579534 0.092925 -0.809633
-0.565302 -0.027063 -0.824440
-0.045976 0.000848 -0.998942
-0.000001 0.000000 -1.000000
0.000001 -0.000000 -1.000000
0.505797 -0.123611 -0.853750
0.509715 -0.116291 -0.852447
0.501835 -0.107237 -0.858290
0.852292 -0.200347 -0.483176
0.852500 -0.208344 -0.479412
0.845660 -0.192619 -0.497752
0.942086 -0.230237 -0.243854
0.943497 -0.224976 -0.243310
0.943586 -0.217170 -0.249964
0.258207 0.963609 0.069187
0.651293 0.659379 0.375548
0.864779 0.445492 0.231719
0.189022 0.963609 0.189020
0.429250 0.517025 0.740560
0.069187 0.963609 0.258207
0.001805 0.715625 0.698482
-0.069187 0.963609 0.258207
-0.390362 0.619395 0.681152
-0.189020 0.963609 0.189021
-0.558630 0.763554 0.323909
-0.258207 0.963609 0.069185
-0.748915 0.662666 0.000000
-0.258207 0.963609 -0.069184
-0.558630 0.763554 -0.323909
-0.189020 0.963609 -0.189021
-0.390361 0.619395 -0.681152
-0.069186 0.963609 -0.258207
0.001805 0.715625 -0.698482
0.069187 0.963609 -0.258207
0.429249 0.517025 -0.740561
0.189022 0.963609 -0.189020
0.651293 0.659379 -0.375548
0.258208 0.963609 -0.069187
0.864779 0.445492 -0.231718
0.958371 0.124826 0.256795
0.960811 0.102778 0.257448
0.859846 0.121253 0.495945
0.858326 0.133707 0.495378
0.494886 0.146097 0.856588
0.494400 0.161334 0.854131
0.001779 0.214307 0.976765
0.000371 0.162913 0.986640
-0.491565 0.179594 0.852120
-0.480514 0.264750 0.836070
-0.825572 0.299837 0.478046
-0.849853 0.191716 0.490913
-0.980578 0.196130 0.000000
-0.949995 0.312264 0.000000
-0.825572 0.299837 -0.478046
-0.849853 0.191715 -0.490912
-0.491565 0.179594 -0.852121
-0.480514 0.264750 -0.836070
0.001779 0.214307 -0.976765
0.000371 0.162912 -0.986640
0.494886 0.146097 -0.856588
0.494400 0.161334 -0.854131
0.859846 0.121253 -0.495945
0.858326 0.133707 -0.495377
0.958371 0.124826 -0.256795
0.960811 0.102778 -0.257448
0.010844 -0.550142 -0.835001
0.011247 -0.550052 -0.835054
0.245230 -0.447774 -0.859861
0.244397 -0.448285 -0.859832
0.643954 -0.158422 -0.748482
0.645187 -0.157218 -0.747674
0.868934 0.183639 -0.459599
0.868435 0.182228 -0.461100
0.865754 0.496711 -0.061215
0.865359 0.497549 -0.059991
0.624535 0.698291 0.349781
0.624903 0.698198 0.349307
0.201018 0.725447 0.658269
0.200916 0.725435 0.658313
-0.284792 0.567484 0.772564
-0.284461 0.567615 0.772590
-0.696203 0.272596 0.664073
-0.696732 0.272039 0.663746
-0.927219 -0.078396 0.366223
-0.927022 -0.077772 0.366854
-0.917498 -0.395250 -0.044441
-0.917395 -0.395446 -0.044823
-0.663163 -0.591426 -0.458728
-0.663132 -0.591420 -0.458779
-0.461703 -0.626238 -0.628217
-0.461863 -0.626251 -0.628087
-0.042247 -0.230237 -0.972217
-0.040312 -0.241183 -0.969642
0.215005 -0.217588 -0.952065
0.209218 -0.208347 -0.955416
-0.033804 -0.251189 -0.967348
0.227627 -0.226315 -0.947084
0.668567 -0.123613 -0.733306
0.670601 -0.129691 -0.730393
0.677516 -0.134713 -0.723066
0.966604 0.010718 -0.256051
0.956306 -0.000001 -0.292369
0.956328 -0.006416 -0.292226
0.952649 0.201188 0.228000
0.945203 0.160300 0.284422
0.959131 0.093136 0.267194
0.723476 0.243251 0.646074
0.708422 0.339097 0.618993
0.728783 0.145003 0.669215
0.269354 0.388926 0.881013
0.280546 0.280988 0.917791
0.288030 0.171521 0.942135
-0.238630 0.246670 0.939260
-0.241169 0.339098 0.909313
-0.229666 0.152165 0.961301
-0.662283 0.201191 0.721737
-0.626234 0.165452 0.761877
-0.647262 0.104143 0.755120
-0.945123 0.016683 0.326288
-0.956304 -0.000002 0.292374
-0.956328 0.006415 0.292224
-0.964326 -0.123611 -0.234085
-0.964319 -0.125340 -0.233191
-0.966630 -0.125252 -0.223471
-0.710745 -0.215036 -0.669777
-0.707710 -0.208343 -0.675085
-0.719237 -0.221144 -0.658629
-0.508634 -0.230236 -0.829628
-0.508786 -0.239956 -0.826776
-0.513082 -0.248653 -0.821534
-0.009329 0.963611 -0.267147
0.112077 0.867046 -0.485459
-0.020484 0.809644 -0.586564
0.125494 0.963611 -0.236020
0.391181 0.819150 -0.419490
0.226691 0.963611 -0.141653
0.476459 0.867045 -0.145669
0.267147 0.963611 -0.009330
0.558879 0.819150 0.129026
0.236021 0.963611 0.125494
0.364381 0.867046 0.339792
0.141652 0.963610 0.226693
0.167699 0.819149 0.548518
0.009332 0.963611 0.267147
-0.112073 0.867045 0.485461
-0.125493 0.963611 0.236021
-0.391181 0.819149 0.419490
-0.226693 0.963611 0.141650
-0.476459 0.867046 0.145666
-0.267147 0.963611 0.009329
-0.558878 0.819150 -0.129028
-0.236019 0.963611 -0.125497
-0.364379 0.867047 -0.339791
-0.141654 0.963611 -0.226691
-0.311021 0.809645 -0.497736
-0.033786 0.250559 -0.967511
-0.030449 0.488760 -0.871887
0.194589 0.501717 -0.842861
0.217286 0.258814 -0.941171
0.658761 0.258817 -0.706433
0.589951 0.501718 -0.632643
0.827235 0.501715 -0.252912
0.923721 0.258815 -0.282408
0.941171 0.258813 0.217284
0.842863 0.501715 0.194587
0.632644 0.501717 0.589951
0.706436 0.258814 0.658759
0.282409 0.258819 0.923720
0.252909 0.501719 0.827234
-0.194589 0.501717 0.842861
-0.217286 0.258818 0.941169
-0.658761 0.258818 0.706433
-0.589950 0.501717 0.632644
-0.827235 0.501717 0.252909
-0.923722 0.258813 0.282407
-0.941171 0.258816 -0.217284
-0.842862 0.501717 -0.194588
-0.632644 0.501719 -0.589949
-0.706435 0.258815 -0.658760
-0.513013 0.250560 -0.820998
-0.462307 0.488761 -0.739855
360
0 0 1 2 0 0 0 2
0 3 4 5 1 2 3 1
0 3 5 6 1 3 4 1
0 1 7 2 0 0 0 2
0 6 5 8 4 3 5 1
0 5 9 8 3 6 5 1
0 7 10 2 0 0 0 2
0 8 9 11 5 6 7 1
0 8 11 12 5 7 8 1
0 10 13 2 0 0 0 2
0 12 11 14 8 7 9 1
0 11 15 14 7 10 9 1
0 13 16 2 0 0 0 2
0 14 15 17 9 10 11 1
0 14 17 18 9 11 12 1
0 16 19 2 0 0 0 2
0 18 17 20 12 11 13 1
0 17 21 20 11 14 13 1
0 19 22 2 0 0 0 2
0 20 21 23 13 14 15 1
0 20 23 24 13 15 16 1
0 22 25 2 0 0 0 2
0 24 23 26 16 15 17 1
0 23 27 26 15 18 17 1
0 25 28 2 0 0 0 2
0 26 27 29 17 18 19 1
0 26 29 30 17 19 20 1
0 28 31 2 0 0 0 2
0 30 29 32 20 19 21 1
0 29 33 32 19 22 21 1
0 31 34 2 0 0 0 2
0 32 33 35 21 22 23 1
0 32 35 36 21 23 24 1
0 34 0 2 0 0 0 2
0 36 35 37 24 23 25 1
0 35 38 37 23 26 25 1
0 39 40 41 27 28 29 1
0 42 43 40 30 31 28 1
0 44 45 43 32 33 31 1
0 46 47 45 34 35 33 1
0 48 49 47 36 37 35 1
0 50 51 49 38 39 37 1
0 52 53 51 40 41 39 1
0 54 55 53 42 43 41 1
0 56 57 55 44 45 43 1
0 58 59 57 46 47 45 1
0 60 61 59 48 49 47 1
0 62 63 61 50 51 49 1
0 64 65 66 52 53 54 1
0 64 66 67 52 54 55 1
0 67 66 68 55 54 56 1
0 66 69 68 54 57 56 1
0 68 69 70 56 57 58 1
0 68 70 71 56 58 59 1
0 71 70 72 59 58 60 1
0 70 73 72 58 61 60 1
0 72 73 74 60 61 62 1
0 72 74 75 60 62 63 1
0 75 74 76 63 62 64 1
0 74 77 76 62 65 64 1
0 76 77 78 64 65 66 1
0 76 78 79 64 66 67 1
0 79 78 80 67 66 68 1
0 78 81 80 66 69 68 1
0 80 81 82 68 69 70 1
0 80 82 83 68 70 71 1
0 83 82 84 71 70 72 1
0 82 85 84 70 73 72 1
0 84 85 86 72 73 74 1
0 84 86 87 72 74 75 1
0 87 86 88 75 74 76 1
0 86 89 88 74 77 76 1
0 65 41 66 53 29 54 1
0 41 40 66 29 28 54 1
0 66 40 43 54 28 31 1
0 66 43 69 54 31 57 1
0 69 43 70 57 31 58 1
0 43 45 70 31 33 58 1
0 70 45 47 58 33 35 1
0 70 47 73 58 35 61 1
0 73 47 74 61 35 62 1
0 47 49 74 35 37 62 1
0 74 49 51 62 37 39 1
0 74 51 77 62 39 65 1
0 77 51 78 65 39 66 1
0 51 53 78 39 41 66 1
0 78 53 55 66 41 43 1
0 78 55 81 66 43 69 1
0 81 55 82 69 43 70 1
0 55 57 82 43 45 70 1
0 82 57 59 70 45 47 1
0 82 59 85 70 47 73 1
0 85 59 86 73 47 74 1
0 59 61 86 47 49 74 1
0 86 61 63 74 49 51 1
0 86 63 89 74 51 77 1
0 90 91 92 78 79 80 1
0 90 92 93 78 80 81 1
0 93 92 94 81 80 82 1
0 92 95 94 80 83 82 1
0 94 95 96 82 83 84 1
0 94 96 97 82 84 85 1
0 97 96 98 85 84 86 1
0 96 99 98 84 87 86 1
0 98 99 100 86 87 88 1
0 98 100 101 86 88 89 1
0 101 100 102 89 88 90 1
0 100 103 102 88 91 90 1
0 102 103 104 90 91 92 1
0 102 104 105 90 92 93 1
0 105 104 106 93 92 94 1
0 104 107 106 92 95 94 1
0 106 107 108 94 95 96 1
0 106 108 109 94 96 97 1
0 109 108 110 97 96 98 1
0 108 111 110 96 99 98 1
0 110 111 112 98 99 100 1
0 110 112 113 98 100 101 1
0 113 112 114 101 100 102 1
0 112 115 114 100 103 102 1
0 116 117 118 104 105 106 1
0 116 118 119 104 106 107 1
0 117 120 118 105 108 106 1
0 120 121 118 108 109 106 1
0 119 118 122 107 106 110 1
0 118 123 122 106 111 110 1
0 118 121 124 106 109 112 1
0 118 124 123 106 112 111 1
0 122 123 125 110 111 113 1
0 122 125 126 110 113 114 1
0 123 124 125 111 112 113 1
0 124 127 125 112 115 113 1
0 126 125 128 114 113 116 1
0 125 129 128 113 117 116 1
0 125 127 130 113 115 118 1
0 125 130 129 113 118 117 1
0 128 129 131 116 117 119 1
0 128 131 132 116 119 120 1
0 129 130 131 117 118 119 1
0 130 133 131 118 121 119 1
0 132 131 134 120 119 122 1
0 131 135 134 119 123 122 1
0 131 133 136 119 121 124 1
0 131 136 135 119 124 123 1
0 134 135 137 122 123 125 1
0 134 137 138 122 125 126 1
0 135 136 137 123 124 125 1
0 136 139 137 124 127 125 1
0 138 137 140 126 125 128 1
0 137 141 140 125 129 128 1
0 137 139 142 125 127 130 1
0 137 142 141 125 130 129 1
0 140 141 143 128 129 131 1
0 140 143 144 128 131 132 1
0 141 142 143 129 130 131 1
0 142 145 143 130 133 131 1
0 144 143 146 132 131 134 1
0 143 147 146 131 135 134 1
0 143 145 148 131 133 136 1
0 143 148 147 131 136 135 1
0 146 147 149 134 135 137 1
0 146 149 150 134 137 138 1
0 147 148 149 135 136 137 1
0 148 151 149 136 139 137 1
0 150 149 152 138 137 140 1
0 149 153 152 137 141 140 1
0 149 151 154 137 139 142 1
0 149 154 153 137 142 141 1
0 155 156 157 143 144 145 1
0 158 159 156 146 147 144 1
0 160 161 159 148 149 147 1
0 162 163 161 150 151 149 1
0 164 165 163 152 153 151 1
0 166 167 165 154 155 153 1
0 168 169 167 156 157 155 1
0 170 171 169 158 159 157 1
0 172 173 171 160 161 159 1
0 174 175 173 162 163 161 1
0 176 177 175 164 165 163 1
0 178 179 177 166 167 165 1
0 180 181 182 168 169 170 1
0 180 182 183 168 170 171 1
0 183 182 184 171 170 172 1
0 182 185 184 170 173 172 1
0 184 185 186 172 173 174 1
0 184 186 187 172 174 175 1
0 187 186 188 175 174 176 1
0 186 189 188 174 177 176 1
0 188 189 190 176 177 178 1
0 188 190 191 176 178 179 1
0 191 190 192 179 178 180 1
0 190 193 192 178 181 180 1
0 192 193 194 180 181 182 1
0 192 194 195 180 182 183 1
0 195 194 196 183 182 184 1
0 194 197 196 182 185 184 1
0 196 197 198 184 185 186 1
0 196 198 199 184 186 187 1
0 199 198 200 187 186 188 1
0 198 201 200 186 189 188 1
0 200 201 202 188 189 190 1
0 200 202 203 188 190 191 1
0 203 202 204 191 190 192 1
0 202 205 204 190 193 192 1
0 181 157 182 169 145 170 1
0 157 156 182 145 144 170 1
0 182 156 159 170 144 147 1
0 182 159 185 170 147 173 1
0 185 159 186 173 147 174 1
0 159 161 186 147 149 174 1
0 186 161 163 174 149 151 1
0 186 163 189 174 151 177 1
0 189 163 190 177 151 178 1
0 163 165 190 151 153 178 1
0 190 165 167 178 153 155 1
0 190 167 193 178 155 181 1
0 193 167 194 181 155 182 1
0 167 169 194 155 157 182 1
0 194 169 171 182 157 159 1
0 194 171 197 182 159 185 1
0 197 171 198 185 159 186 1
0 171 173 198 159 161 186 1
0 198 173 175 186 161 163 1
0 198 175 201 186 163 189 1
0 201 175 202 189 163 190 1
0 175 177 202 163 165 190 1
0 202 177 179 190 165 167 1
0 202 179 205 190 167 193 1
0 206 207 208 194 195 196 1
0 206 208 209 194 196 197 1
0 209 208 210 197 196 198 1
0 208 211 210 196 199 198 1
0 210 211 212 198 199 200 1
0 210 212 213 198 200 201 1
0 213 212 214 201 200 202 1
0 212 215 214 200 203 202 1
0 214 215 216 202 203 204 1
0 214 216 217 202 204 205 1
0 217 216 218 205 204 206 1
0 216 219 218 204 207 206 1
0 218 219 220 206 207 208 1
0 218 220 221 206 208 209 1
0 221 220 222 209 208 210 1
0 220 223 222 208 211 210 1
0 222 223 224 210 211 212 1
0 222 224 225 210 212 213 1
0 225 224 226 213 212 214 1
0 224 227 226 212 215 214 1
0 226 227 228 214 215 216 1
0 226 228 229 214 216 217 1
0 229 228 230 217 216 218 1
0 228 231 230 216 219 218 1
0 232 233 234 220 221 222 1
0 232 234 235 220 222 223 1
0 233 236 234 221 224 222 1
0 236 237 234 224 225 222 1
0 235 234 238 223 222 226 1
0 234 239 238 222 227 226 1
0 234 237 240 222 225 228 1
0 234 240 239 222 228 227 1
0 238 239 241 226 227 229 1
0 238 241 242 226 229 230 1
0 239 240 241 227 228 229 1
0 240 243 241 228 231 229 1
0 242 241 244 230 229 232 1
0 241 245 244 229 233 232 1
0 241 243 246 229 231 234 1
0 241 246 245 229 234 233 1
0 244 245 247 232 233 235 1
0 244 247 248 232 235 236 1
0 245 246 247 233 234 235 1
0 246 249 247 234 237 235 1
0 248 247 250 236 235 238 1
0 247 251 250 235 239 238 1
0 247 249 252 235 237 240 1
0 247 252 251 235 240 239 1
0 250 251 253 238 239 241 1
0 250 253 254 238 241 242 1
0 251 252 253 239 240 241 1
0 252 255 253 240 243 241 1
0 254 253 256 242 241 244 1
0 253 257 256 241 245 244 1
0 253 255 258 241 243 246 1
0 253 258 257 241 246 245 1
0 256 257 259 244 245 247 1
0 256 259 260 244 247 248 1
0 257 258 259 245 246 247 1
0 258 261 259 246 249 247 1
0 260 259 262 248 247 250 1
0 259 263 262 247 251 250 1
0 259 261 264 247 249 252 1
0 259 264 263 247 252 251 1
0 262 263 265 250 251 253 1
0 262 265 266 250 253 254 1
0 263 264 265 251 252 253 1
0 264 267 265 252 255 253 1
0 266 265 268 254 253 256 1
0 265 269 268 253 257 256 1
0 265 267 270 253 255 258 1
0 265 270 269 253 258 257 1
0 271 272 273 259 260 261 1
0 274 275 272 262 263 260 1
0 276 277 275 264 265 263 1
0 278 279 277 266 267 265 1
0 280 281 279 268 269 267 1
0 282 283 281 270 271 269 1
0 284 285 283 272 273 271 1
0 286 287 285 274 275 273 1
0 288 289 287 276 277 275 1
0 290 291 289 278 279 277 1
0 292 293 291 280 281 279 1
0 294 295 293 282 283 281 1
0 296 297 298 284 285 286 1
0 296 298 299 284 286 287 1
0 299 298 300 287 286 288 1
0 298 301 300 286 289 288 1
0 300 301 302 288 289 290 1
0 300 302 303 288 290 291 1
0 303 302 304 291 290 292 1
0 302 305 304 290 293 292 1
0 304 305 306 292 293 294 1
0 304 306 307 292 294 295 1
0 307 306 308 295 294 296 1
0 306 309 308 294 297 296 1
0 308 309 310 296 297 298 1
0 308 310 311 296 298 299 1
0 311 310 312 299 298 300 1
0 310 313 312 298 301 300 1
0 312 313 314 300 301 302 1
0 312 314 315 300 302 303 1
0 315 314 316 303 302 304 1
0 314 317 316 302 305 304 1
0 316 317 318 304 305 306 1
0 316 318 319 304 306 307 1
0 319 318 320 307 306 308 1
0 318 321 320 306 309 308 1
0 297 273 298 285 261 286 1
0 273 272 298 261 260 286 1
0 298 272 275 286 260 263 1
0 298 275 301 286 263 289 1
0 301 275 302 289 263 290 1
0 275 277 302 263 265 290 1
0 302 277 279 290 265 267 1
0 302 279 305 290 267 293 1
0 305 279 306 293 267 294 1
0 279 281 306 267 269 294 1
0 306 281 283 294 269 271 1
0 306 283 309 294 271 297 1
0 309 283 310 297 271 298 1
0 283 285 310 271 273 298 1
0 310 285 287 298 273 275 1
0 310 287 313 298 275 301 1
0 313 287 314 301 275 302 1
0 287 289 314 275 277 302 1
0 314 289 291 302 277 279 1
0 314 291 317 302 279 305 1
0 317 291 318 305 279 306 1
0 291 293 318 279 281 306 1
0 318 293 295 306 281 283 1
0 318 295 321 306 283 309 1

Materials: 1
"Material01"
0.200000 0.200000 0.200000 1.000000
0.800000 0.800000 0.800000 1.000000
0.000000 0.000000 0.000000 1.000000
0.000000 0.000000 0.000000 1.000000
0.000000
1.000000
".\burnt.bmp"
""

Bones: 0
