// MilkShape 3D ASCII

Frames: 30
Frame: 1

Meshes: 1
"Regroup03" 0 0
438
0 4.815921 -0.001765 0.012902 0.000000 0.000000 -1
0 4.175125 -0.001765 2.404386 0.000000 0.000000 -1
0 0.032953 -0.001765 0.012902 0.000000 0.000000 -1
0 4.370835 64.011612 0.017033 0.000000 0.000000 -1
0 0.066165 64.011612 0.017033 0.000000 0.000000 -1
0 3.892539 64.011612 2.408517 0.000000 0.000000 -1
0 4.815921 -0.001765 0.012902 0.000000 1.000000 -1
0 4.370835 64.011612 0.017033 0.000000 0.833333 -1
0 3.892539 64.011612 2.408517 0.083333 0.833333 -1
0 4.175125 -0.001765 2.404386 0.083333 1.000000 -1
0 2.424438 -0.001765 4.155074 0.000000 0.000000 -1
0 1.979352 64.011612 3.843408 0.000000 0.000000 -1
0 2.424438 -0.001765 4.155074 0.166667 1.000000 -1
0 1.979352 64.011612 3.843408 0.166667 0.833333 -1
0 0.032953 -0.001765 4.795871 0.000000 0.000000 -1
0 0.066165 64.011612 4.321705 0.000000 0.000000 -1
0 0.066165 64.011612 4.321705 0.250000 0.833333 -1
0 0.032953 -0.001765 4.795871 0.250000 1.000000 -1
0 -2.358530 -0.001765 4.155074 0.000000 0.000000 -1
0 -2.325320 64.011612 3.843408 0.000000 0.000000 -1
0 -2.358530 -0.001765 4.155074 0.333333 1.000000 -1
0 -2.325320 64.011612 3.843408 0.333333 0.833333 -1
0 -4.109219 -0.001765 2.404386 0.000000 0.000000 -1
0 -3.760210 64.011612 2.408517 0.000000 0.000000 -1
0 -3.760210 64.011612 2.408517 0.416667 0.833333 -1
0 -4.109219 -0.001765 2.404386 0.416667 1.000000 -1
0 -4.750016 -0.001765 0.012902 0.000000 0.000000 -1
0 -4.238506 64.011612 0.017033 0.000000 0.000000 -1
0 -4.750016 -0.001765 0.012902 0.500000 1.000000 -1
0 -4.238506 64.011612 0.017033 0.500000 0.833333 -1
0 -4.109219 -0.001765 -2.378582 0.000000 0.000000 -1
0 -3.760210 64.011612 -1.896154 0.000000 0.000000 -1
0 -3.760210 64.011612 -1.896154 0.583333 0.833333 -1
0 -4.109219 -0.001765 -2.378582 0.583333 1.000000 -1
0 -2.358530 -0.001765 -4.129271 0.000000 0.000000 -1
0 -2.325320 64.011612 -3.809342 0.000000 0.000000 -1
0 -2.358530 -0.001765 -4.129271 0.666667 1.000000 -1
0 -2.325320 64.011612 -3.809342 0.666667 0.833333 -1
0 0.032953 -0.001765 -4.770067 0.000000 0.000000 -1
0 0.066165 64.011612 -4.287639 0.000000 0.000000 -1
0 0.066165 64.011612 -4.287639 0.750000 0.833333 -1
0 0.032953 -0.001765 -4.770067 0.750000 1.000000 -1
0 2.424438 -0.001765 -4.129271 0.000000 0.000000 -1
0 1.979352 64.011612 -3.809342 0.000000 0.000000 -1
0 2.424438 -0.001765 -4.129271 0.833333 1.000000 -1
0 1.979352 64.011612 -3.809342 0.833333 0.833333 -1
0 4.175125 -0.001765 -2.378582 0.000000 0.000000 -1
0 3.892539 64.011612 -1.896154 0.000000 0.000000 -1
0 3.892539 64.011612 -1.896154 0.916667 0.833333 -1
0 4.175125 -0.001765 -2.378582 0.916667 1.000000 -1
0 4.815921 -0.001765 0.012902 1.000000 1.000000 -1
0 4.370835 64.011612 0.017033 1.000000 0.833333 -1
0 0.053140 69.308884 0.017033 0.000000 0.000000 -1
0 1.917772 68.723022 1.110283 0.083333 0.166667 -1
0 2.206232 68.723022 0.017033 0.000000 0.166667 -1
0 0.053140 69.308884 0.017033 0.083333 0.000000 -1
0 1.129686 68.723022 1.910598 0.166667 0.166667 -1
0 0.053140 69.308884 0.017033 0.166667 0.000000 -1
0 0.053140 68.723022 2.203533 0.250000 0.166667 -1
0 0.053140 69.308884 0.017033 0.250000 0.000000 -1
0 -1.023406 68.723022 1.910598 0.333333 0.166667 -1
0 0.053140 69.308884 0.017033 0.333333 0.000000 -1
0 -1.811492 68.723022 1.110283 0.416667 0.166667 -1
0 0.053140 69.308884 0.017033 0.416667 0.000000 -1
0 -2.099952 68.723022 0.017033 0.500000 0.166667 -1
0 0.053140 69.308884 0.017033 0.500000 0.000000 -1
0 -1.811492 68.723022 -1.076216 0.583333 0.166667 -1
0 0.053140 69.308884 0.017033 0.583333 0.000000 -1
0 -1.023406 68.723022 -1.876531 0.666667 0.166667 -1
0 0.053140 69.308884 0.017033 0.666667 0.000000 -1
0 0.053140 68.723022 -2.169467 0.750000 0.166667 -1
0 0.053140 69.308884 0.017033 0.750000 0.000000 -1
0 1.129686 68.723022 -1.876531 0.833333 0.166667 -1
0 0.053140 69.308884 0.017033 0.833333 0.000000 -1
0 1.917772 68.723022 -1.076216 0.916667 0.166667 -1
0 0.053140 69.308884 0.017033 0.916667 0.000000 -1
0 2.206232 68.723022 0.017033 1.000000 0.166667 -1
0 4.370835 64.011612 0.017033 0.000000 0.500000 -1
0 3.782404 67.122406 0.017033 0.000000 0.333333 -1
0 3.282776 67.122406 1.910598 0.083333 0.333333 -1
0 3.892539 64.011612 2.408517 0.083333 0.500000 -1
0 1.979352 64.011612 3.843408 0.166667 0.500000 -1
0 1.917772 67.122406 3.296783 0.166667 0.333333 -1
0 0.053140 67.122406 3.804162 0.250000 0.333333 -1
0 0.066165 64.011612 4.321705 0.250000 0.500000 -1
0 -2.325320 64.011612 3.843408 0.333333 0.500000 -1
0 -1.811492 67.122406 3.296783 0.333333 0.333333 -1
0 -3.176497 67.122406 1.910598 0.416667 0.333333 -1
0 -3.760210 64.011612 2.408517 0.416667 0.500000 -1
0 -4.238506 64.011612 0.017033 0.500000 0.500000 -1
0 -3.676124 67.122406 0.017033 0.500000 0.333333 -1
0 -3.176497 67.122406 -1.876531 0.583333 0.333333 -1
0 -3.760210 64.011612 -1.899476 0.583333 0.500000 -1
0 -2.325320 64.011612 -3.809342 0.666667 0.500000 -1
0 -1.811492 67.122406 -3.262716 0.666667 0.333333 -1
0 0.053140 67.122406 -3.770096 0.750000 0.333333 -1
0 0.066165 64.011612 -4.287639 0.750000 0.500000 -1
0 1.979352 64.011612 -3.809342 0.833333 0.500000 -1
0 1.917772 67.122406 -3.262716 0.833333 0.333333 -1
0 3.282776 67.122406 -1.876531 0.916667 0.333333 -1
0 3.892539 64.011612 -1.899476 0.916667 0.500000 -1
0 4.370835 64.011612 0.017033 1.000000 0.500000 -1
0 3.782404 67.122406 0.017033 1.000000 0.333333 -1
0 4.171214 29.230940 0.012902 0.000000 1.000000 -1
0 15.583305 40.489159 0.012902 0.000000 0.833333 -1
0 15.266003 40.764999 1.581955 0.083333 0.833333 -1
0 3.879168 29.533377 1.581955 0.083333 1.000000 -1
0 3.792467 31.979620 2.730580 0.166667 1.000000 -1
0 14.399111 41.518539 2.730580 0.166667 0.833333 -1
0 13.214931 42.547989 3.151006 0.250000 0.833333 -1
0 2.702529 33.108299 3.151006 0.250000 1.000000 -1
0 1.612567 34.236984 2.730580 0.333333 1.000000 -1
0 12.030756 43.577354 2.730580 0.333333 0.833333 -1
0 11.163883 44.330917 1.581955 0.416667 0.833333 -1
0 0.814661 35.063217 1.581955 0.416667 1.000000 -1
0 0.522613 35.365662 0.012902 0.500000 1.000000 -1
0 10.846571 44.606728 0.012902 0.500000 0.833333 -1
0 11.163883 44.330917 -1.556151 0.583333 0.833333 -1
0 0.814661 35.063217 -1.556151 0.583333 1.000000 -1
0 1.612567 34.236984 -2.704777 0.666667 1.000000 -1
0 12.030756 43.577354 -2.704777 0.666667 0.833333 -1
0 13.214931 42.547989 -3.125203 0.750000 0.833333 -1
0 2.702529 33.108299 -3.125203 0.750000 1.000000 -1
0 3.792467 31.979620 -2.704777 0.833333 1.000000 -1
0 14.399111 41.518539 -2.704777 0.833333 0.833333 -1
0 15.266003 40.764999 -1.556151 0.916667 0.833333 -1
0 3.879168 29.533377 -1.556151 0.916667 1.000000 -1
0 4.171214 29.230940 0.012902 1.000000 1.000000 -1
0 15.583305 40.489159 0.012902 1.000000 0.833333 -1
0 -3.677145 28.865057 2.297251 0.000000 1.000000 -1
0 -11.837540 41.913887 6.686208 0.000000 0.833333 -1
0 -12.257881 42.147667 5.461498 0.083333 0.833333 -1
0 -4.150032 29.110022 1.094081 0.083333 1.000000 -1
0 -4.094955 29.779280 -0.037429 0.166667 1.000000 -1
0 -12.079731 42.703362 4.282213 0.166667 0.833333 -1
0 -11.350843 43.432167 3.464365 0.250000 0.833333 -1
0 -3.526711 30.693518 -0.794076 0.250000 1.000000 -1
0 -4.369009 33.822083 -0.973121 0.333333 1.000000 -1
0 -10.266523 44.138657 3.227063 0.333333 0.833333 -1
0 -9.117304 44.633652 3.633921 0.416667 0.833333 -1
0 -3.327881 34.491341 -0.526601 0.416667 1.000000 -1
0 -2.453777 34.736313 0.425861 0.500000 1.000000 -1
0 -8.211119 44.784462 4.575897 0.500000 0.833333 -1
0 -7.790782 44.550682 5.800605 0.583333 0.833333 -1
0 -1.980894 34.491341 1.629025 0.583333 1.000000 -1
0 -2.035960 33.822083 2.760528 0.666667 1.000000 -1
0 -7.968920 43.994972 6.979885 0.666667 0.833333 -1
0 -8.697803 43.266243 7.797739 0.750000 0.833333 -1
0 -2.604214 32.907845 3.517183 0.750000 1.000000 -1
0 -2.003779 30.620726 2.755986 0.833333 1.000000 -1
0 -9.782137 42.559662 8.035030 0.833333 0.833333 -1
0 -10.931353 42.064705 7.628186 0.916667 0.833333 -1
0 -2.540431 29.350714 2.597324 0.916667 1.000000 -1
0 -3.677145 28.865057 2.297251 1.000000 1.000000 -1
0 -11.837540 41.913887 6.686208 1.000000 0.833333 -1
0 -0.410197 27.890738 -4.253558 0.000000 1.000000 -1
0 -3.793492 39.833595 -12.915782 0.000000 0.833333 -1
0 -2.484959 39.954132 -12.970649 0.083333 0.833333 -1
0 0.874368 28.135710 -4.398931 0.083333 1.000000 -1
0 1.953070 28.804968 -4.052873 0.166667 1.000000 -1
0 -1.336745 40.271896 -12.409726 0.166667 0.833333 -1
0 -0.667088 40.734863 -11.362137 0.250000 0.833333 -1
0 2.536865 29.719206 -3.308156 0.250000 1.000000 -1
0 2.469316 30.633444 -2.364306 0.333333 1.000000 -1
0 -0.629910 41.138077 -10.145072 0.333333 0.833333 -1
0 -1.279112 41.519966 -9.023583 0.416667 0.833333 -1
0 1.768550 31.302694 -1.474222 0.416667 1.000000 -1
0 0.622307 31.547674 -0.876418 0.500000 1.000000 -1
0 -2.400394 41.646332 -8.352758 0.500000 0.833333 -1
0 -3.708157 41.530785 -8.290941 0.583333 0.833333 -1
0 -0.662256 31.302694 -0.731049 0.583333 1.000000 -1
0 -1.740950 30.633444 -1.077090 0.666667 1.000000 -1
0 -4.852565 41.200287 -8.858899 0.666667 0.833333 -1
0 -5.541685 40.750023 -9.986146 0.750000 0.833333 -1
0 -2.324746 29.719206 -1.821822 0.750000 1.000000 -1
0 -2.257205 28.804968 -2.765658 0.833333 1.000000 -1
0 -5.567376 40.315048 -11.212174 0.833333 0.833333 -1
0 -4.912741 39.991135 -12.311276 0.916667 0.833333 -1
0 -1.556428 28.135710 -3.655754 0.916667 1.000000 -1
0 -0.410197 27.890738 -4.253558 1.000000 1.000000 -1
0 -3.793492 39.833595 -12.915782 1.000000 0.833333 -1
0 10.935575 50.169395 0.030332 0.000000 1.000000 -1
0 10.669577 44.498482 0.030332 0.000000 0.833333 -1
0 11.003080 44.237938 1.609832 0.083333 0.833333 -1
0 11.358826 50.169357 1.609832 0.083333 1.000000 -1
0 12.515089 50.169373 2.766107 0.166667 1.000000 -1
0 11.914240 43.526062 2.766107 0.166667 0.833333 -1
0 13.158911 42.553612 3.189332 0.250000 0.833333 -1
0 14.094593 50.169388 3.189332 0.250000 1.000000 -1
0 15.674084 50.169388 2.766107 0.333333 1.000000 -1
0 14.403568 41.581184 2.766107 0.333333 0.833333 -1
0 15.314724 40.869316 1.609832 0.416667 0.833333 -1
0 16.830357 50.169380 1.609832 0.416667 1.000000 -1
0 17.253584 50.169380 0.030332 0.500000 1.000000 -1
0 15.648239 40.608742 0.030332 0.500000 0.833333 -1
0 15.314724 40.869316 -1.549168 0.583333 0.833333 -1
0 16.830357 50.169380 -1.549168 0.583333 1.000000 -1
0 15.674084 50.169388 -2.705443 0.666667 1.000000 -1
0 14.403568 41.581184 -2.705443 0.666667 0.833333 -1
0 13.158911 42.553612 -3.128668 0.750000 0.833333 -1
0 14.094593 50.169388 -3.128668 0.750000 1.000000 -1
0 12.515089 50.169373 -2.705443 0.833333 1.000000 -1
0 11.914240 43.526062 -2.705443 0.833333 0.833333 -1
0 11.003080 44.237938 -1.549168 0.916667 0.833333 -1
0 11.358826 50.169357 -1.549168 0.916667 1.000000 -1
0 10.935575 50.169395 0.030332 1.000000 1.000000 -1
0 10.669577 44.498482 0.030332 1.000000 0.833333 -1
0 13.979784 59.738922 0.037290 0.000000 0.000000 -1
0 15.332638 59.320343 0.818361 0.083333 0.166667 -1
0 15.541927 59.320343 0.037290 0.000000 0.166667 -1
0 13.979784 59.738922 0.037290 0.083333 0.000000 -1
0 14.760855 59.320343 1.390145 0.166667 0.166667 -1
0 13.979784 59.738922 0.037290 0.166667 0.000000 -1
0 13.979784 59.320343 1.599432 0.250000 0.166667 -1
0 13.979784 59.738922 0.037290 0.250000 0.000000 -1
0 13.198713 59.320343 1.390145 0.333333 0.166667 -1
0 13.979784 59.738922 0.037290 0.333333 0.000000 -1
0 12.626930 59.320343 0.818361 0.416667 0.166667 -1
0 13.979784 59.738922 0.037290 0.416667 0.000000 -1
0 12.417641 59.320343 0.037290 0.500000 0.166667 -1
0 13.979784 59.738922 0.037290 0.500000 0.000000 -1
0 12.626930 59.320343 -0.743781 0.583333 0.166667 -1
0 13.979784 59.738922 0.037290 0.583333 0.000000 -1
0 13.198713 59.320343 -1.315565 0.666667 0.166667 -1
0 13.979784 59.738922 0.037290 0.666667 0.000000 -1
0 13.979784 59.320343 -1.524853 0.750000 0.166667 -1
0 13.979784 59.738922 0.037290 0.750000 0.000000 -1
0 14.760855 59.320343 -1.315565 0.833333 0.166667 -1
0 13.979784 59.738922 0.037290 0.833333 0.000000 -1
0 15.332638 59.320343 -0.743781 0.916667 0.166667 -1
0 13.979784 59.738922 0.037290 0.916667 0.000000 -1
0 15.541927 59.320343 0.037290 1.000000 0.166667 -1
0 17.214407 50.157959 0.037290 0.000000 0.500000 -1
0 16.685493 58.176765 0.037290 0.000000 0.333333 -1
0 16.322998 58.176765 1.390145 0.083333 0.333333 -1
0 16.795832 50.157959 1.599432 0.083333 0.500000 -1
0 15.652266 50.157959 2.743000 0.166667 0.500000 -1
0 15.332638 58.176765 2.380503 0.166667 0.333333 -1
0 13.979784 58.176765 2.743000 0.250000 0.333333 -1
0 14.090122 50.157959 3.161574 0.250000 0.500000 -1
0 12.527981 50.157959 2.743000 0.333333 0.500000 -1
0 12.626930 58.176765 2.380503 0.333333 0.333333 -1
0 11.636570 58.176765 1.390145 0.416667 0.333333 -1
0 11.384415 50.157959 1.599432 0.416667 0.500000 -1
0 10.965839 50.157959 0.037290 0.500000 0.500000 -1
0 11.274075 58.176765 0.037290 0.500000 0.333333 -1
0 11.636570 58.176765 -1.315565 0.583333 0.333333 -1
0 11.384415 50.157959 -1.524853 0.583333 0.500000 -1
0 12.527981 50.157959 -2.668420 0.666667 0.500000 -1
0 12.626930 58.176765 -2.305923 0.666667 0.333333 -1
0 13.979784 58.176765 -2.668420 0.750000 0.333333 -1
0 14.090122 50.157959 -3.086995 0.750000 0.500000 -1
0 15.652266 50.157959 -2.668420 0.833333 0.500000 -1
0 15.332638 58.176765 -2.305923 0.833333 0.333333 -1
0 16.322998 58.176765 -1.315565 0.916667 0.333333 -1
0 16.795832 50.157959 -1.524853 0.916667 0.500000 -1
0 17.214407 50.157959 0.037290 1.000000 0.500000 -1
0 16.685493 58.176765 0.037290 1.000000 0.333333 -1
0 -12.705135 50.863533 5.690686 0.000000 1.000000 -1
0 -12.025068 42.535385 4.315727 0.000000 0.833333 -1
0 -12.138565 41.979156 5.469363 0.083333 0.833333 -1
0 -13.051662 50.866798 6.928819 0.083333 1.000000 -1
0 -12.723852 50.867767 8.172335 0.166667 1.000000 -1
0 -11.671711 41.765381 6.648361 0.166667 0.833333 -1
0 -10.749582 41.951385 7.536911 0.250000 0.833333 -1
0 -11.809565 50.866203 9.087991 0.250000 1.000000 -1
0 -10.553749 50.862534 9.430475 0.333333 1.000000 -1
0 -9.619276 42.487267 7.896857 0.333333 0.833333 -1
0 -8.583622 43.229462 7.631755 0.416667 0.833333 -1
0 -9.292896 50.857788 9.107986 0.416667 1.000000 -1
0 -8.364912 50.853088 8.206969 0.500000 1.000000 -1
0 -7.920147 43.979118 6.812679 0.500000 0.833333 -1
0 -7.806623 44.535378 5.659047 0.583333 0.833333 -1
0 -8.018356 50.849884 6.968835 0.583333 1.000000 -1
0 -8.346138 50.848862 5.725301 0.666667 1.000000 -1
0 -8.273491 44.749153 4.480015 0.666667 0.833333 -1
0 -9.195610 44.563187 3.591492 0.750000 0.833333 -1
0 -9.260479 50.850403 4.809647 0.750000 1.000000 -1
0 -10.516279 50.854080 4.467159 0.833333 1.000000 -1
0 -10.325958 44.027306 3.231558 0.833333 0.833333 -1
0 -11.361593 43.285072 3.496656 0.916667 0.833333 -1
0 -11.777103 50.858856 4.789658 0.916667 1.000000 -1
0 -12.705135 50.863533 5.690686 1.000000 1.000000 -1
0 -12.025068 42.535385 4.315727 1.000000 0.833333 -1
0 -10.560497 53.412224 6.927818 0.000000 0.000000 -1
0 -9.456697 53.070709 7.565098 0.083333 0.166667 -1
0 -9.285938 53.070709 6.927818 0.000000 0.166667 -1
0 -10.560497 53.412224 6.927818 0.083333 0.000000 -1
0 -9.923218 53.070709 8.031619 0.166667 0.166667 -1
0 -10.560497 53.412224 6.927818 0.166667 0.000000 -1
0 -10.560497 53.070709 8.202374 0.250000 0.166667 -1
0 -10.560497 53.412224 6.927818 0.250000 0.000000 -1
0 -11.197777 53.070709 8.031619 0.333333 0.166667 -1
0 -10.560497 53.412224 6.927818 0.333333 0.000000 -1
0 -11.664299 53.070709 7.565098 0.416667 0.166667 -1
0 -10.560497 53.412224 6.927818 0.416667 0.000000 -1
0 -11.835054 53.070709 6.927818 0.500000 0.166667 -1
0 -10.560497 53.412224 6.927818 0.500000 0.000000 -1
0 -11.664299 53.070709 6.290541 0.583333 0.166667 -1
0 -10.560497 53.412224 6.927818 0.583333 0.000000 -1
0 -11.197777 53.070709 5.824019 0.666667 0.166667 -1
0 -10.560497 53.412224 6.927818 0.666667 0.000000 -1
0 -10.560497 53.070709 5.653261 0.750000 0.166667 -1
0 -10.560497 53.412224 6.927818 0.750000 0.000000 -1
0 -9.923218 53.070709 5.824019 0.833333 0.166667 -1
0 -10.560497 53.412224 6.927818 0.833333 0.000000 -1
0 -9.456697 53.070709 6.290541 0.916667 0.166667 -1
0 -10.560497 53.412224 6.927818 0.916667 0.000000 -1
0 -9.285938 53.070709 6.927818 1.000000 0.166667 -1
0 -8.352896 49.588547 6.927818 0.000000 0.666667 -1
0 -8.011379 50.863106 6.927818 0.000000 0.500000 -1
0 -8.648659 49.588547 8.031619 0.083333 0.666667 -1
0 -8.352896 50.863106 8.202374 0.083333 0.500000 -1
0 -9.285938 50.863106 9.135414 0.166667 0.500000 -1
0 -9.456697 49.588547 8.839649 0.166667 0.666667 -1
0 -10.560497 49.588547 9.135414 0.250000 0.666667 -1
0 -10.560497 50.863106 9.476931 0.250000 0.500000 -1
0 -11.835054 50.863106 9.135414 0.333333 0.500000 -1
0 -11.664299 49.588547 8.839649 0.333333 0.666667 -1
0 -12.472336 49.588547 8.031619 0.416667 0.666667 -1
0 -12.768099 50.863106 8.202374 0.416667 0.500000 -1
0 -13.109621 50.863106 6.927818 0.500000 0.500000 -1
0 -12.768099 49.588547 6.927818 0.500000 0.666667 -1
0 -12.472336 49.588554 5.824019 0.583333 0.666667 -1
0 -12.768099 50.863106 5.653261 0.583333 0.500000 -1
0 -11.835056 50.863106 4.720219 0.666667 0.500000 -1
0 -11.664299 49.588554 5.015982 0.666667 0.666667 -1
0 -10.560497 49.588547 4.720219 0.750000 0.666667 -1
0 -10.560497 50.863106 4.378702 0.750000 0.500000 -1
0 -9.285938 50.863106 4.720219 0.833333 0.500000 -1
0 -9.456697 49.588554 5.015982 0.833333 0.666667 -1
0 -8.648659 49.588554 5.824019 0.916667 0.666667 -1
0 -8.352896 50.863106 5.653261 0.916667 0.500000 -1
0 -8.011379 50.863106 6.927818 1.000000 0.500000 -1
0 -8.352896 49.588547 6.927818 1.000000 0.666667 -1
0 -8.352896 52.137672 6.927818 0.000000 0.333333 -1
0 -8.648659 52.137672 8.031619 0.083333 0.333333 -1
0 -9.456697 52.137672 8.839649 0.166667 0.333333 -1
0 -10.560497 52.137672 9.135414 0.250000 0.333333 -1
0 -11.664299 52.137672 8.839649 0.333333 0.333333 -1
0 -12.472336 52.137672 8.031619 0.416667 0.333333 -1
0 -12.768099 52.137672 6.927818 0.500000 0.333333 -1
0 -12.472336 52.137672 5.824019 0.583333 0.333333 -1
0 -11.664299 52.137672 5.015982 0.666667 0.333333 -1
0 -10.560497 52.137672 4.720219 0.750000 0.333333 -1
0 -9.456697 52.137672 5.015982 0.833333 0.333333 -1
0 -8.648659 52.137672 5.824019 0.916667 0.333333 -1
0 -8.352896 52.137672 6.927818 1.000000 0.333333 -1
0 -2.007255 53.238930 -13.063470 0.000000 1.000000 -1
0 -2.491162 39.955498 -12.971450 0.000000 0.833333 -1
0 -3.782214 39.829201 -12.914950 0.083333 0.833333 -1
0 -3.220973 53.031624 -13.433581 0.083333 1.000000 -1
0 -4.453471 52.825928 -13.129547 0.166667 1.000000 -1
0 -4.916540 39.988922 -12.312017 0.166667 0.833333 -1
0 -5.566786 40.311989 -11.209002 0.250000 0.833333 -1
0 -5.374480 52.676979 -12.232940 0.250000 1.000000 -1
0 -5.737222 52.624680 -10.983900 0.333333 1.000000 -1
0 -5.538758 40.749130 -9.986901 0.333333 0.833333 -1
0 -4.857926 41.203239 -8.858277 0.416667 0.833333 -1
0 -5.444495 52.683090 -9.717134 0.416667 1.000000 -1
0 -4.574720 52.836411 -8.772146 0.500000 1.000000 -1
0 -3.708627 41.531296 -8.291162 0.500000 0.833333 -1
0 -2.400422 41.645493 -8.352326 0.583333 0.833333 -1
0 -3.361000 53.043808 -8.402008 0.583333 1.000000 -1
0 -2.128483 53.249435 -8.706000 0.666667 1.000000 -1
0 -1.279381 41.520805 -9.022963 0.666667 0.833333 -1
0 -0.626322 41.136734 -10.145622 0.750000 0.833333 -1
0 -1.207484 53.398399 -9.602675 0.750000 1.000000 -1
0 -0.844755 53.450691 -10.851702 0.833333 1.000000 -1
0 -0.665993 40.733315 -11.362862 0.833333 0.833333 -1
0 -1.336773 40.270432 -12.409758 0.916667 0.833333 -1
0 -1.137486 53.392303 -12.118435 0.916667 1.000000 -1
0 -2.007255 53.238930 -13.063470 1.000000 1.000000 -1
0 -2.491162 39.955498 -12.971450 1.000000 0.833333 -1
0 -3.698516 55.558563 -10.969480 0.000000 0.000000 -1
0 -4.291971 55.122627 -9.874534 0.083333 0.166667 -1
0 -3.667377 55.230934 -9.691661 0.000000 0.166667 -1
0 -3.698516 55.558563 -10.969480 0.083333 0.000000 -1
0 -4.742173 55.040947 -10.349843 0.166667 0.166667 -1
0 -3.698516 55.558563 -10.969480 0.166667 0.000000 -1
0 -4.897383 55.007729 -10.990238 0.250000 0.166667 -1
0 -3.698516 55.558563 -10.969480 0.250000 0.000000 -1
0 -4.715969 55.031929 -11.624107 0.333333 0.166667 -1
0 -3.698516 55.558563 -10.969480 0.333333 0.000000 -1
0 -4.246589 55.107048 -12.081621 0.416667 0.166667 -1
0 -3.698516 55.558563 -10.969480 0.416667 0.000000 -1
0 -3.614986 55.212929 -12.240183 0.500000 0.166667 -1
0 -3.698516 55.558563 -10.969480 0.500000 0.000000 -1
0 -2.990392 55.321205 -12.057320 0.583333 0.166667 -1
0 -3.698516 55.558563 -10.969480 0.583333 0.000000 -1
0 -2.540174 55.402916 -11.582005 0.666667 0.166667 -1
0 -3.698516 55.558563 -10.969480 0.666667 0.000000 -1
0 -2.384979 55.436127 -10.941608 0.750000 0.166667 -1
0 -3.698516 55.558563 -10.969480 0.750000 0.000000 -1
0 -2.566378 55.411919 -10.307743 0.833333 0.166667 -1
0 -3.698516 55.558563 -10.969480 0.833333 0.000000 -1
0 -3.035759 55.336830 -9.850225 0.916667 0.166667 -1
0 -3.698516 55.558563 -10.969480 0.916667 0.000000 -1
0 -3.667377 55.230934 -9.691661 1.000000 0.166667 -1
0 -3.101963 51.804970 -8.722557 0.000000 0.666667 -1
0 -3.322942 53.063759 -8.394417 0.000000 0.500000 -1
0 -4.183792 51.617386 -9.039317 0.083333 0.666667 -1
0 -4.572119 52.847153 -8.760149 0.083333 0.500000 -1
0 -5.472562 52.683769 -9.710778 0.166667 0.500000 -1
0 -4.963576 51.475868 -9.862573 0.166667 0.666667 -1
0 -5.232384 51.418365 -10.971754 0.250000 0.666667 -1
0 -5.782958 52.617371 -10.991557 0.250000 0.500000 -1
0 -5.420170 52.665756 -12.259297 0.333333 0.500000 -1
0 -4.918204 51.460281 -12.069652 0.333333 0.666667 -1
0 -4.105214 51.590370 -12.862101 0.416667 0.666667 -1
0 -4.481401 52.815994 -13.174326 0.416667 0.500000 -1
0 -3.218191 53.027740 -13.491452 0.500000 0.500000 -1
0 -3.011235 51.773758 -13.136731 0.500000 0.666667 -1
0 -1.929410 51.961349 -12.819991 0.583333 0.666667 -1
0 -1.968994 53.244354 -13.125700 0.583333 0.500000 -1
0 -1.068576 53.407753 -12.175100 0.666667 0.500000 -1
0 -1.149609 52.102852 -11.996730 0.666667 0.666667 -1
0 -0.880795 52.160339 -10.887561 0.750000 0.666667 -1
0 -0.758158 53.474159 -10.894318 0.750000 0.500000 -1
0 -1.120961 53.425774 -9.626564 0.833333 0.500000 -1
0 -1.194974 52.118469 -9.789648 0.833333 0.666667 -1
0 -2.007984 51.988380 -8.997208 0.916667 0.666667 -1
0 -2.059728 53.275505 -8.711551 0.916667 0.500000 -1
0 -3.322942 53.063759 -8.394417 1.000000 0.500000 -1
0 -3.101963 51.804970 -8.722557 1.000000 0.666667 -1
0 -3.529904 54.317787 -8.749111 0.000000 0.333333 -1
0 -4.611726 54.130196 -9.065863 0.083333 0.333333 -1
0 -5.391533 53.988701 -9.889124 0.166667 0.333333 -1
0 -5.660345 53.931206 -10.998300 0.250000 0.333333 -1
0 -5.346159 53.973076 -12.096211 0.333333 0.333333 -1
0 -4.533145 54.103172 -12.888642 0.416667 0.333333 -1
0 -3.439177 54.286583 -13.163289 0.500000 0.333333 -1
0 -2.357350 54.474174 -12.846540 0.583333 0.333333 -1
0 -1.577535 54.615654 -12.023290 0.666667 0.333333 -1
0 -1.308724 54.673164 -10.914112 0.750000 0.333333 -1
0 -1.622911 54.631264 -9.816209 0.833333 0.333333 -1
0 -2.435927 54.501183 -9.023765 0.916667 0.333333 -1
0 -3.529904 54.317787 -8.749111 1.000000 0.333333 -1
414
0.000000 -1.000000 0.000000
0.000000 1.000000 0.000000
0.973743 0.005529 0.227582
0.980558 0.006805 0.196111
0.856330 0.005842 0.516396
0.866019 0.003791 0.499997
0.464986 0.006318 0.885296
0.429759 0.007384 0.902913
0.011954 0.006592 0.999907
0.000000 0.007407 0.999973
-0.486052 0.005145 0.873915
-0.471854 0.004537 0.881665
-0.873914 0.005381 0.486051
-0.866015 0.004689 0.499995
-0.999902 0.007226 -0.011954
-0.999685 0.007990 -0.023789
-0.885292 0.007092 -0.464982
-0.865995 0.008490 -0.499980
-0.516394 0.006584 -0.856326
-0.533168 0.004505 -0.845998
0.011954 0.006721 -0.999906
0.000000 0.007536 -0.999972
0.496341 0.007924 -0.868091
0.492682 0.007775 -0.870174
0.868093 0.007741 -0.496341
0.866002 0.007591 -0.499983
0.968048 0.006488 -0.250681
0.970120 0.006761 -0.242530
0.261928 0.962610 0.069111
0.436312 0.864870 0.248259
0.572242 0.806066 0.150989
0.191838 0.963075 0.188906
0.290567 0.818234 0.496049
0.070251 0.963540 0.258176
0.000000 0.867077 0.498174
-0.070251 0.963540 0.258176
-0.290566 0.818234 0.496049
-0.191838 0.963075 0.188906
-0.436312 0.864870 0.248259
-0.261928 0.962610 0.069111
-0.578878 0.815414 -0.000000
-0.261928 0.962610 -0.069111
-0.436312 0.864870 -0.248259
-0.191838 0.963075 -0.188906
-0.290567 0.818234 -0.496049
-0.070251 0.963540 -0.258176
0.000000 0.867077 -0.498174
0.070251 0.963540 -0.258176
0.290567 0.818234 -0.496049
0.191838 0.963075 -0.188906
0.436312 0.864870 -0.248259
0.261928 0.962610 -0.069111
0.572242 0.806066 -0.150989
0.954643 0.199188 0.221315
0.861673 0.453682 0.227357
0.758442 0.476670 0.444468
0.821011 0.243577 0.516344
0.459509 0.181874 0.869352
0.449693 0.456893 0.767479
0.006389 0.466387 0.884558
0.023465 0.164165 0.986154
-0.475340 0.218610 0.852210
-0.440683 0.487612 0.753679
-0.764226 0.483518 0.426813
-0.857615 0.234211 0.457867
-0.981862 0.189222 -0.011941
-0.886703 0.462340 -0.000000
-0.777310 0.467941 -0.420500
-0.889492 0.170034 -0.424138
-0.508256 0.198598 -0.837994
-0.440683 0.487612 -0.753679
0.006389 0.466387 -0.884558
0.023465 0.164165 -0.986154
0.492894 0.158188 -0.855589
0.449693 0.456894 -0.767479
0.772161 0.458821 -0.439603
0.856663 0.171508 -0.486533
0.952017 0.184226 -0.244387
0.861673 0.453682 -0.227358
0.678403 -0.687726 0.258462
0.678493 -0.687766 0.258118
0.582749 -0.603061 0.544721
0.566346 -0.574172 0.591252
0.307378 -0.332369 0.891656
0.335986 -0.373594 0.864605
0.000068 0.000080 1.000000
0.000001 -0.000001 1.000000
-0.334647 0.373344 0.865231
-0.335452 0.374162 0.864566
-0.578303 0.645711 0.498622
-0.577822 0.645253 0.499770
-0.667029 0.745032 0.000000
-0.666949 0.745104 0.000000
-0.578303 0.645711 -0.498621
-0.577822 0.645253 -0.499770
-0.334647 0.373344 -0.865231
-0.335453 0.374162 -0.864566
0.000068 0.000080 -1.000000
0.000001 -0.000001 -1.000000
0.307378 -0.332370 -0.891655
0.335986 -0.373594 -0.864605
0.582749 -0.603061 -0.544721
0.566346 -0.574172 -0.591252
0.678403 -0.687726 -0.258462
0.678493 -0.687766 -0.258118
-0.804818 -0.563977 0.184927
-0.808763 -0.562996 0.170113
-0.857023 -0.511167 -0.064960
-0.855550 -0.515299 -0.050004
-0.786265 -0.306682 -0.536407
-0.781289 -0.299702 -0.547509
-0.617772 -0.098237 -0.780197
-0.703113 -0.204154 -0.681141
-0.230923 0.231562 -0.945015
-0.102924 0.324039 -0.940428
0.340040 0.516537 -0.785851
0.331223 0.513728 -0.791439
0.700124 0.575823 -0.422203
0.707358 0.575062 -0.411033
0.873919 0.483242 0.052372
0.871788 0.488554 0.036068
0.815893 0.261972 0.515450
0.809594 0.252348 0.529980
0.514060 -0.054104 0.856046
0.498889 -0.063693 0.864322
0.174881 -0.287513 0.941676
0.112088 -0.339860 0.933773
-0.131627 -0.435063 0.890727
0.086040 -0.316961 0.944528
-0.324642 -0.502134 0.801542
-0.553330 -0.554965 0.621160
0.019529 -0.583375 -0.811968
0.019690 -0.583355 -0.811979
0.265719 -0.515629 -0.814567
0.268469 -0.514394 -0.814446
0.699884 -0.277838 -0.658003
0.701175 -0.277481 -0.656778
0.946977 0.042843 -0.318431
0.944427 0.035777 -0.326769
0.931104 0.350161 0.102137
0.928006 0.355754 0.110652
0.665526 0.561588 0.491624
0.670358 0.559827 0.487045
0.228490 0.622153 0.748811
0.227557 0.622485 0.748819
-0.267447 0.520062 0.811177
-0.269864 0.519076 0.811008
-0.704741 0.275244 0.653896
-0.709970 0.269944 0.650441
-0.948475 -0.044676 0.313685
-0.944868 -0.034547 0.325625
-0.930149 -0.349551 -0.112413
-0.924651 -0.359048 -0.126907
-0.659177 -0.556408 -0.505861
-0.672103 -0.551227 -0.494395
-0.454432 -0.604671 -0.654113
-0.442555 -0.605274 -0.661656
-0.970354 0.051819 0.236066
-0.975849 0.045773 0.213596
-0.880608 0.055522 0.470582
-0.864805 0.051868 0.499422
-0.527192 0.044270 0.848592
-0.554377 0.050140 0.830754
-0.002939 -0.004096 0.999987
0.000001 -0.000000 1.000000
0.518848 -0.077814 0.851318
0.539602 -0.079827 0.838127
0.868266 -0.139829 0.475985
0.857159 -0.139691 0.495746
0.986588 -0.163229 -0.000000
0.986194 -0.165594 -0.000000
0.868266 -0.139829 -0.475986
0.857159 -0.139691 -0.495746
0.518848 -0.077814 -0.851318
0.539602 -0.079827 -0.838127
-0.002939 -0.004096 -0.999987
0.000001 -0.000000 -1.000000
-0.527192 0.044270 -0.848592
-0.554377 0.050140 -0.830754
-0.880608 0.055522 -0.470582
-0.864805 0.051868 -0.499422
-0.970354 0.051819 -0.236066
-0.975849 0.045773 -0.213596
0.258201 0.963611 0.069186
0.431483 0.867043 0.249117
0.566930 0.809638 0.151909
0.189017 0.963611 0.189016
0.286793 0.819145 0.496741
0.069185 0.963611 0.258201
0.000000 0.867042 0.498234
-0.069185 0.963611 0.258201
-0.286793 0.819145 0.496741
-0.189017 0.963611 0.189016
-0.431483 0.867043 0.249117
-0.258201 0.963611 0.069186
-0.573586 0.819145 0.000000
-0.258201 0.963611 -0.069186
-0.431483 0.867043 -0.249117
-0.189017 0.963611 -0.189016
-0.286794 0.819145 -0.496741
-0.069185 0.963611 -0.258201
0.000000 0.867042 -0.498234
0.069185 0.963611 -0.258201
0.286794 0.819145 -0.496741
0.189017 0.963611 -0.189016
0.431483 0.867043 -0.249117
0.258201 0.963611 -0.069186
0.566930 0.809638 -0.151909
0.963971 0.063583 0.258295
0.883606 0.403962 0.236761
0.787937 0.414959 0.454934
0.864236 0.063984 0.499001
0.499089 0.058976 0.864542
0.455412 0.412701 0.788846
-0.000025 0.409610 0.912261
-0.000048 0.052127 0.998640
-0.499519 0.045272 0.865119
-0.456839 0.406511 0.791231
-0.792118 0.404238 0.457319
-0.865333 0.040250 0.499579
-0.999262 0.038411 0.000000
-0.915022 0.403404 0.000000
-0.792118 0.404238 -0.457319
-0.865333 0.040250 -0.499579
-0.499519 0.045272 -0.865119
-0.456839 0.406511 -0.791231
-0.000025 0.409610 -0.912261
-0.000048 0.052128 -0.998640
0.499089 0.058976 -0.864542
0.455412 0.412701 -0.788846
0.787937 0.414959 -0.454934
0.864236 0.063984 -0.499001
0.963971 0.063583 -0.258295
0.883606 0.403962 -0.236761
-0.978478 -0.057462 -0.198190
-0.990171 -0.059997 -0.126343
-0.992852 -0.108206 0.050360
-0.994869 -0.100808 -0.008544
-0.835710 -0.181742 0.518227
-0.816253 -0.185925 0.546958
-0.470705 -0.205325 0.858066
-0.491679 -0.205680 0.846137
0.028336 -0.178931 0.983454
0.064431 -0.172784 0.982850
0.541628 -0.114024 0.832849
0.485817 -0.122313 0.865460
0.897546 -0.032403 0.439729
0.930461 -0.014059 0.366121
0.997206 0.047952 -0.057278
0.999460 0.031845 0.008041
0.842541 0.120631 -0.524949
0.822461 0.123168 -0.555327
0.477821 0.171908 -0.861472
0.496054 0.170091 -0.851469
-0.029773 0.174979 -0.984122
-0.067384 0.175876 -0.982103
-0.540920 0.111160 -0.833696
-0.485568 0.121164 -0.865761
-0.745300 0.060108 -0.664015
-0.792346 0.035845 -0.609018
0.258197 0.963612 0.069184
0.431479 0.867045 0.249115
0.566925 0.809642 0.151907
0.189014 0.963612 0.189013
0.286790 0.819148 0.496738
0.069183 0.963612 0.258198
0.000000 0.867045 0.498230
-0.069183 0.963612 0.258198
-0.286790 0.819148 0.496738
-0.189013 0.963612 0.189014
-0.431480 0.867045 0.249114
-0.258198 0.963612 0.069183
-0.573582 0.819148 -0.000000
-0.258198 0.963612 -0.069183
-0.431480 0.867045 -0.249114
-0.189014 0.963612 -0.189014
-0.286791 0.819148 -0.496736
-0.069184 0.963612 -0.258198
0.000000 0.867045 -0.498230
0.069184 0.963612 -0.258198
0.286791 0.819148 -0.496736
0.189014 0.963612 -0.189013
0.431479 0.867045 -0.249115
0.258197 0.963612 -0.069184
0.566925 0.809642 -0.151908
0.935113 -0.250562 0.250563
0.965926 -0.000001 0.258819
0.836515 -0.258819 0.482964
0.866025 -0.000001 0.500001
0.499999 -0.000001 0.866026
0.482961 -0.258821 0.836517
0.000000 -0.258820 0.965926
-0.000000 -0.000001 1.000000
-0.499999 -0.000001 0.866026
-0.482962 -0.258819 0.836517
-0.836515 -0.258820 0.482965
-0.866024 -0.000001 0.500003
-1.000000 -0.000001 -0.000000
-0.965925 -0.258823 -0.000001
-0.836515 -0.258821 -0.482964
-0.866024 -0.000001 -0.500002
-0.500000 -0.000001 -0.866025
-0.482964 -0.258820 -0.836515
0.000000 -0.258820 -0.965926
0.000000 -0.000001 -1.000000
0.500000 -0.000001 -0.866025
0.482963 -0.258821 -0.836516
0.836516 -0.258820 -0.482964
0.866025 -0.000001 -0.500000
0.965926 -0.000001 -0.258820
0.935113 -0.250562 -0.250565
0.842693 0.488758 0.225799
0.749140 0.501715 0.432518
0.432516 0.501714 0.749142
0.000000 0.501714 0.865033
-0.432516 0.501714 0.749142
-0.749140 0.501715 0.432518
-0.865032 0.501717 -0.000000
-0.749140 0.501715 -0.432517
-0.432517 0.501715 -0.749141
0.000000 0.501715 -0.865033
0.432516 0.501715 -0.749141
0.749140 0.501715 -0.432517
0.842692 0.488758 -0.225800
0.129957 -0.028179 -0.991119
-0.043198 -0.005347 -0.999052
-0.118021 -0.032004 -0.992495
0.033297 -0.040644 -0.998619
-0.591884 -0.030664 -0.805440
-0.693126 -0.020883 -0.720514
-0.921584 -0.019040 -0.387711
-0.855493 -0.029505 -0.516973
-0.991960 -0.007079 0.126355
-0.960886 0.007184 0.276850
-0.794168 0.003307 0.607690
-0.884366 -0.010273 0.466680
-0.374760 0.011217 0.927054
-0.206920 0.025758 0.978019
0.132068 0.016698 0.991100
-0.027407 0.002047 0.999622
0.606843 0.023375 0.794478
0.716559 0.033047 0.696743
0.924717 0.026159 0.379755
0.856790 0.017789 0.515359
0.989991 0.019091 -0.139835
0.952014 0.025640 -0.304979
0.786092 0.001465 -0.618108
0.884418 -0.003071 -0.466686
0.599074 -0.009386 -0.800638
0.442336 -0.022325 -0.896571
-0.235264 0.940083 0.246768
-0.399947 0.815879 0.417594
-0.297294 0.776586 0.555455
-0.351924 0.919461 0.175328
-0.632986 0.726032 0.268713
-0.417664 0.906985 0.054181
-0.636604 0.770968 -0.018548
-0.414819 0.906006 -0.084131
-0.621205 0.721972 -0.304730
-0.344185 0.916785 -0.202586
-0.382221 0.809780 -0.445155
-0.224635 0.936440 -0.269480
-0.125719 0.803429 -0.581977
-0.088244 0.959692 -0.266839
0.108838 0.893510 -0.435654
0.028390 0.980310 -0.195415
0.357949 0.888930 -0.285789
0.094115 0.992785 -0.074294
0.345488 0.938423 0.000477
0.091270 0.993763 0.064073
0.346172 0.892981 0.287664
0.020647 0.982987 0.182512
0.091107 0.899608 0.427089
-0.098899 0.963336 0.249407
0.002146 0.827642 0.561252
-0.224120 -0.282486 0.932723
-0.274940 -0.036678 0.960762
-0.449746 -0.330384 0.829804
-0.510589 -0.077914 0.856288
-0.863824 -0.142013 0.483364
-0.790941 -0.392299 0.469589
-0.908558 -0.417463 -0.015729
-0.985592 -0.168061 -0.019075
-0.843273 -0.149075 -0.516398
-0.771089 -0.399132 -0.496100
-0.415366 -0.342208 -0.842832
-0.475001 -0.090138 -0.875356
0.020550 -0.007066 -0.999764
0.063302 -0.261962 -0.963000
0.536644 -0.179882 -0.824412
0.510593 0.077905 -0.856286
0.863823 0.142001 -0.483370
0.877839 -0.117966 -0.464201
0.995460 -0.092806 0.021116
0.985594 0.168049 0.019071
0.843272 0.149067 0.516402
0.857991 -0.111136 0.501497
0.502266 -0.168055 0.848226
0.475000 0.090134 0.875358
0.235249 0.050312 0.970632
0.269807 -0.198269 0.942281
-0.321922 0.449793 0.833098
-0.525907 0.427168 0.735493
-0.831463 0.371724 0.412906
-0.936798 0.349194 -0.021731
-0.813683 0.365615 -0.451935
-0.495119 0.416586 -0.762439
-0.066453 0.488453 -0.870056
0.357453 0.561960 -0.745942
0.663011 0.617403 -0.423356
0.768345 0.639936 0.011272
0.645232 0.623519 0.441474
0.326671 0.572538 0.751988
0.123192 0.525690 0.841709
480
0 0 1 2 0 0 0 2
0 3 4 5 1 1 1 2
0 6 7 8 2 3 4 1
0 6 8 9 2 4 5 1
0 1 10 2 0 0 0 2
0 5 4 11 1 1 1 2
0 9 8 12 5 4 6 1
0 8 13 12 4 7 6 1
0 10 14 2 0 0 0 2
0 11 4 15 1 1 1 2
0 12 13 16 6 7 8 1
0 12 16 17 6 8 9 1
0 14 18 2 0 0 0 2
0 15 4 19 1 1 1 2
0 17 16 20 9 8 10 1
0 16 21 20 8 11 10 1
0 18 22 2 0 0 0 2
0 19 4 23 1 1 1 2
0 20 21 24 10 11 12 1
0 20 24 25 10 12 13 1
0 22 26 2 0 0 0 2
0 23 4 27 1 1 1 2
0 25 24 28 13 12 14 1
0 24 29 28 12 15 14 1
0 26 30 2 0 0 0 2
0 27 4 31 1 1 1 2
0 28 29 32 14 15 16 1
0 28 32 33 14 16 17 1
0 30 34 2 0 0 0 2
0 31 4 35 1 1 1 2
0 33 32 36 17 16 18 1
0 32 37 36 16 19 18 1
0 34 38 2 0 0 0 2
0 35 4 39 1 1 1 2
0 36 37 40 18 19 20 1
0 36 40 41 18 20 21 1
0 38 42 2 0 0 0 2
0 39 4 43 1 1 1 2
0 41 40 44 21 20 22 1
0 40 45 44 20 23 22 1
0 42 46 2 0 0 0 2
0 43 4 47 1 1 1 2
0 44 45 48 22 23 24 1
0 44 48 49 22 24 25 1
0 46 0 2 0 0 0 2
0 47 4 3 1 1 1 2
0 49 48 50 25 24 26 1
0 48 51 50 24 27 26 1
0 52 53 54 28 29 30 1
0 55 56 53 31 32 29 1
0 57 58 56 33 34 32 1
0 59 60 58 35 36 34 1
0 61 62 60 37 38 36 1
0 63 64 62 39 40 38 1
0 65 66 64 41 42 40 1
0 67 68 66 43 44 42 1
0 69 70 68 45 46 44 1
0 71 72 70 47 48 46 1
0 73 74 72 49 50 48 1
0 75 76 74 51 52 50 1
0 77 78 79 53 54 55 1
0 77 79 80 53 55 56 1
0 80 79 81 56 55 57 1
0 79 82 81 55 58 57 1
0 81 82 83 57 58 59 1
0 81 83 84 57 59 60 1
0 84 83 85 60 59 61 1
0 83 86 85 59 62 61 1
0 85 86 87 61 62 63 1
0 85 87 88 61 63 64 1
0 88 87 89 64 63 65 1
0 87 90 89 63 66 65 1
0 89 90 91 65 66 67 1
0 89 91 92 65 67 68 1
0 92 91 93 68 67 69 1
0 91 94 93 67 70 69 1
0 93 94 95 69 70 71 1
0 93 95 96 69 71 72 1
0 96 95 97 72 71 73 1
0 95 98 97 71 74 73 1
0 97 98 99 73 74 75 1
0 97 99 100 73 75 76 1
0 100 99 101 76 75 77 1
0 99 102 101 75 78 77 1
0 78 54 79 54 30 55 1
0 54 53 79 30 29 55 1
0 79 53 56 55 29 32 1
0 79 56 82 55 32 58 1
0 82 56 83 58 32 59 1
0 56 58 83 32 34 59 1
0 83 58 60 59 34 36 1
0 83 60 86 59 36 62 1
0 86 60 87 62 36 63 1
0 60 62 87 36 38 63 1
0 87 62 64 63 38 40 1
0 87 64 90 63 40 66 1
0 90 64 91 66 40 67 1
0 64 66 91 40 42 67 1
0 91 66 68 67 42 44 1
0 91 68 94 67 44 70 1
0 94 68 95 70 44 71 1
0 68 70 95 44 46 71 1
0 95 70 72 71 46 48 1
0 95 72 98 71 48 74 1
0 98 72 99 74 48 75 1
0 72 74 99 48 50 75 1
0 99 74 76 75 50 52 1
0 99 76 102 75 52 78 1
0 103 104 105 79 80 81 1
0 103 105 106 79 81 82 1
0 106 105 107 82 81 83 1
0 105 108 107 81 84 83 1
0 107 108 109 83 84 85 1
0 107 109 110 83 85 86 1
0 110 109 111 86 85 87 1
0 109 112 111 85 88 87 1
0 111 112 113 87 88 89 1
0 111 113 114 87 89 90 1
0 114 113 115 90 89 91 1
0 113 116 115 89 92 91 1
0 115 116 117 91 92 93 1
0 115 117 118 91 93 94 1
0 118 117 119 94 93 95 1
0 117 120 119 93 96 95 1
0 119 120 121 95 96 97 1
0 119 121 122 95 97 98 1
0 122 121 123 98 97 99 1
0 121 124 123 97 100 99 1
0 123 124 125 99 100 101 1
0 123 125 126 99 101 102 1
0 126 125 127 102 101 103 1
0 125 128 127 101 104 103 1
0 129 130 131 105 106 107 1
0 129 131 132 105 107 108 1
0 132 131 133 108 107 109 1
0 131 134 133 107 110 109 1
0 133 134 135 109 110 111 1
0 133 135 136 109 111 112 1
0 136 135 137 112 111 113 1
0 135 138 137 111 114 113 1
0 137 138 139 113 114 115 1
0 137 139 140 113 115 116 1
0 140 139 141 116 115 117 1
0 139 142 141 115 118 117 1
0 141 142 143 117 118 119 1
0 141 143 144 117 119 120 1
0 144 143 145 120 119 121 1
0 143 146 145 119 122 121 1
0 145 146 147 121 122 123 1
0 145 147 148 121 123 124 1
0 148 147 149 124 123 125 1
0 147 150 149 123 126 125 1
0 149 150 151 125 126 127 1
0 149 151 152 125 127 128 1
0 152 151 153 128 127 129 1
0 151 154 153 127 130 129 1
0 155 156 157 131 132 133 1
0 155 157 158 131 133 134 1
0 158 157 159 134 133 135 1
0 157 160 159 133 136 135 1
0 159 160 161 135 136 137 1
0 159 161 162 135 137 138 1
0 162 161 163 138 137 139 1
0 161 164 163 137 140 139 1
0 163 164 165 139 140 141 1
0 163 165 166 139 141 142 1
0 166 165 167 142 141 143 1
0 165 168 167 141 144 143 1
0 167 168 169 143 144 145 1
0 167 169 170 143 145 146 1
0 170 169 171 146 145 147 1
0 169 172 171 145 148 147 1
0 171 172 173 147 148 149 1
0 171 173 174 147 149 150 1
0 174 173 175 150 149 151 1
0 173 176 175 149 152 151 1
0 175 176 177 151 152 153 1
0 175 177 178 151 153 154 1
0 178 177 179 154 153 155 1
0 177 180 179 153 156 155 1
0 181 182 183 157 158 159 1
0 181 183 184 157 159 160 1
0 184 183 185 160 159 161 1
0 183 186 185 159 162 161 1
0 185 186 187 161 162 163 1
0 185 187 188 161 163 164 1
0 188 187 189 164 163 165 1
0 187 190 189 163 166 165 1
0 189 190 191 165 166 167 1
0 189 191 192 165 167 168 1
0 192 191 193 168 167 169 1
0 191 194 193 167 170 169 1
0 193 194 195 169 170 171 1
0 193 195 196 169 171 172 1
0 196 195 197 172 171 173 1
0 195 198 197 171 174 173 1
0 197 198 199 173 174 175 1
0 197 199 200 173 175 176 1
0 200 199 201 176 175 177 1
0 199 202 201 175 178 177 1
0 201 202 203 177 178 179 1
0 201 203 204 177 179 180 1
0 204 203 205 180 179 181 1
0 203 206 205 179 182 181 1
0 207 208 209 183 184 185 1
0 210 211 208 186 187 184 1
0 212 213 211 188 189 187 1
0 214 215 213 190 191 189 1
0 216 217 215 192 193 191 1
0 218 219 217 194 195 193 1
0 220 221 219 196 197 195 1
0 222 223 221 198 199 197 1
0 224 225 223 200 201 199 1
0 226 227 225 202 203 201 1
0 228 229 227 204 205 203 1
0 230 231 229 206 207 205 1
0 232 233 234 208 209 210 1
0 232 234 235 208 210 211 1
0 235 234 236 211 210 212 1
0 234 237 236 210 213 212 1
0 236 237 238 212 213 214 1
0 236 238 239 212 214 215 1
0 239 238 240 215 214 216 1
0 238 241 240 214 217 216 1
0 240 241 242 216 217 218 1
0 240 242 243 216 218 219 1
0 243 242 244 219 218 220 1
0 242 245 244 218 221 220 1
0 244 245 246 220 221 222 1
0 244 246 247 220 222 223 1
0 247 246 248 223 222 224 1
0 246 249 248 222 225 224 1
0 248 249 250 224 225 226 1
0 248 250 251 224 226 227 1
0 251 250 252 227 226 228 1
0 250 253 252 226 229 228 1
0 252 253 254 228 229 230 1
0 252 254 255 228 230 231 1
0 255 254 256 231 230 232 1
0 254 257 256 230 233 232 1
0 233 209 234 209 185 210 1
0 209 208 234 185 184 210 1
0 234 208 211 210 184 187 1
0 234 211 237 210 187 213 1
0 237 211 238 213 187 214 1
0 211 213 238 187 189 214 1
0 238 213 215 214 189 191 1
0 238 215 241 214 191 217 1
0 241 215 242 217 191 218 1
0 215 217 242 191 193 218 1
0 242 217 219 218 193 195 1
0 242 219 245 218 195 221 1
0 245 219 246 221 195 222 1
0 219 221 246 195 197 222 1
0 246 221 223 222 197 199 1
0 246 223 249 222 199 225 1
0 249 223 250 225 199 226 1
0 223 225 250 199 201 226 1
0 250 225 227 226 201 203 1
0 250 227 253 226 203 229 1
0 253 227 254 229 203 230 1
0 227 229 254 203 205 230 1
0 254 229 231 230 205 207 1
0 254 231 257 230 207 233 1
0 258 259 260 234 235 236 1
0 258 260 261 234 236 237 1
0 261 260 262 237 236 238 1
0 260 263 262 236 239 238 1
0 262 263 264 238 239 240 1
0 262 264 265 238 240 241 1
0 265 264 266 241 240 242 1
0 264 267 266 240 243 242 1
0 266 267 268 242 243 244 1
0 266 268 269 242 244 245 1
0 269 268 270 245 244 246 1
0 268 271 270 244 247 246 1
0 270 271 272 246 247 248 1
0 270 272 273 246 248 249 1
0 273 272 274 249 248 250 1
0 272 275 274 248 251 250 1
0 274 275 276 250 251 252 1
0 274 276 277 250 252 253 1
0 277 276 278 253 252 254 1
0 276 279 278 252 255 254 1
0 278 279 280 254 255 256 1
0 278 280 281 254 256 257 1
0 281 280 282 257 256 258 1
0 280 283 282 256 259 258 1
0 284 285 286 260 261 262 1
0 287 288 285 263 264 261 1
0 289 290 288 265 266 264 1
0 291 292 290 267 268 266 1
0 293 294 292 269 270 268 1
0 295 296 294 271 272 270 1
0 297 298 296 273 274 272 1
0 299 300 298 275 276 274 1
0 301 302 300 277 278 276 1
0 303 304 302 279 280 278 1
0 305 306 304 281 282 280 1
0 307 308 306 283 284 282 1
0 309 310 311 285 286 287 1
0 310 312 311 286 288 287 1
0 311 312 313 287 288 289 1
0 311 313 314 287 289 290 1
0 314 313 315 290 289 291 1
0 313 316 315 289 292 291 1
0 315 316 317 291 292 293 1
0 315 317 318 291 293 294 1
0 318 317 319 294 293 295 1
0 317 320 319 293 296 295 1
0 319 320 321 295 296 297 1
0 319 321 322 295 297 298 1
0 322 321 323 298 297 299 1
0 321 324 323 297 300 299 1
0 323 324 325 299 300 301 1
0 323 325 326 299 301 302 1
0 326 325 327 302 301 303 1
0 325 328 327 301 304 303 1
0 327 328 329 303 304 305 1
0 327 329 330 303 305 306 1
0 330 329 331 306 305 307 1
0 329 332 331 305 308 307 1
0 331 332 333 307 308 309 1
0 331 333 334 307 309 310 1
0 310 335 336 286 311 312 1
0 310 336 312 286 312 288 1
0 312 336 313 288 312 289 1
0 336 337 313 312 313 289 1
0 313 337 338 289 313 314 1
0 313 338 316 289 314 292 1
0 316 338 317 292 314 293 1
0 338 339 317 314 315 293 1
0 317 339 340 293 315 316 1
0 317 340 320 293 316 296 1
0 320 340 321 296 316 297 1
0 340 341 321 316 317 297 1
0 321 341 342 297 317 318 1
0 321 342 324 297 318 300 1
0 324 342 325 300 318 301 1
0 342 343 325 318 319 301 1
0 325 343 344 301 319 320 1
0 325 344 328 301 320 304 1
0 328 344 329 304 320 305 1
0 344 345 329 320 321 305 1
0 329 345 346 305 321 322 1
0 329 346 332 305 322 308 1
0 332 346 333 308 322 309 1
0 346 347 333 322 323 309 1
0 335 286 336 311 262 312 1
0 286 285 336 262 261 312 1
0 336 285 288 312 261 264 1
0 336 288 337 312 264 313 1
0 337 288 338 313 264 314 1
0 288 290 338 264 266 314 1
0 338 290 292 314 266 268 1
0 338 292 339 314 268 315 1
0 339 292 340 315 268 316 1
0 292 294 340 268 270 316 1
0 340 294 296 316 270 272 1
0 340 296 341 316 272 317 1
0 341 296 342 317 272 318 1
0 296 298 342 272 274 318 1
0 342 298 300 318 274 276 1
0 342 300 343 318 276 319 1
0 343 300 344 319 276 320 1
0 300 302 344 276 278 320 1
0 344 302 304 320 278 280 1
0 344 304 345 320 280 321 1
0 345 304 346 321 280 322 1
0 304 306 346 280 282 322 1
0 346 306 308 322 282 284 1
0 346 308 347 322 284 323 1
0 348 349 350 324 325 326 1
0 348 350 351 324 326 327 1
0 351 350 352 327 326 328 1
0 350 353 352 326 329 328 1
0 352 353 354 328 329 330 1
0 352 354 355 328 330 331 1
0 355 354 356 331 330 332 1
0 354 357 356 330 333 332 1
0 356 357 358 332 333 334 1
0 356 358 359 332 334 335 1
0 359 358 360 335 334 336 1
0 358 361 360 334 337 336 1
0 360 361 362 336 337 338 1
0 360 362 363 336 338 339 1
0 363 362 364 339 338 340 1
0 362 365 364 338 341 340 1
0 364 365 366 340 341 342 1
0 364 366 367 340 342 343 1
0 367 366 368 343 342 344 1
0 366 369 368 342 345 344 1
0 368 369 370 344 345 346 1
0 368 370 371 344 346 347 1
0 371 370 372 347 346 348 1
0 370 373 372 346 349 348 1
0 374 375 376 350 351 352 1
0 377 378 375 353 354 351 1
0 379 380 378 355 356 354 1
0 381 382 380 357 358 356 1
0 383 384 382 359 360 358 1
0 385 386 384 361 362 360 1
0 387 388 386 363 364 362 1
0 389 390 388 365 366 364 1
0 391 392 390 367 368 366 1
0 393 394 392 369 370 368 1
0 395 396 394 371 372 370 1
0 397 398 396 373 374 372 1
0 399 400 401 375 376 377 1
0 400 402 401 376 378 377 1
0 401 402 403 377 378 379 1
0 401 403 404 377 379 380 1
0 404 403 405 380 379 381 1
0 403 406 405 379 382 381 1
0 405 406 407 381 382 383 1
0 405 407 408 381 383 384 1
0 408 407 409 384 383 385 1
0 407 410 409 383 386 385 1
0 409 410 411 385 386 387 1
0 409 411 412 385 387 388 1
0 412 411 413 388 387 389 1
0 411 414 413 387 390 389 1
0 413 414 415 389 390 391 1
0 413 415 416 389 391 392 1
0 416 415 417 392 391 393 1
0 415 418 417 391 394 393 1
0 417 418 419 393 394 395 1
0 417 419 420 393 395 396 1
0 420 419 421 396 395 397 1
0 419 422 421 395 398 397 1
0 421 422 423 397 398 399 1
0 421 423 424 397 399 400 1
0 400 425 426 376 401 402 1
0 400 426 402 376 402 378 1
0 402 426 403 378 402 379 1
0 426 427 403 402 403 379 1
0 403 427 428 379 403 404 1
0 403 428 406 379 404 382 1
0 406 428 407 382 404 383 1
0 428 429 407 404 405 383 1
0 407 429 430 383 405 406 1
0 407 430 410 383 406 386 1
0 410 430 411 386 406 387 1
0 430 431 411 406 407 387 1
0 411 431 432 387 407 408 1
0 411 432 414 387 408 390 1
0 414 432 415 390 408 391 1
0 432 433 415 408 409 391 1
0 415 433 434 391 409 410 1
0 415 434 418 391 410 394 1
0 418 434 419 394 410 395 1
0 434 435 419 410 411 395 1
0 419 435 436 395 411 412 1
0 419 436 422 395 412 398 1
0 422 436 423 398 412 399 1
0 436 437 423 412 413 399 1
0 425 376 426 401 352 402 1
0 376 375 426 352 351 402 1
0 426 375 378 402 351 354 1
0 426 378 427 402 354 403 1
0 427 378 428 403 354 404 1
0 378 380 428 354 356 404 1
0 428 380 382 404 356 358 1
0 428 382 429 404 358 405 1
0 429 382 430 405 358 406 1
0 382 384 430 358 360 406 1
0 430 384 386 406 360 362 1
0 430 386 431 406 362 407 1
0 431 386 432 407 362 408 1
0 386 388 432 362 364 408 1
0 432 388 390 408 364 366 1
0 432 390 433 408 366 409 1
0 433 390 434 409 366 410 1
0 390 392 434 366 368 410 1
0 434 392 394 410 368 370 1
0 434 394 435 410 370 411 1
0 435 394 436 411 370 412 1
0 394 396 436 370 372 412 1
0 436 396 398 412 372 374 1
0 436 398 437 412 374 413 1

Materials: 1
"Material01"
0.200000 0.200000 0.200000 1.000000
0.800000 0.800000 0.800000 1.000000
0.000000 0.000000 0.000000 1.000000
0.000000 0.000000 0.000000 1.000000
0.000000
1.000000
".\green.bmp"
""

Bones: 0
