// MilkShape 3D ASCII

Frames: 30
Frame: 1

Meshes: 11
"step" 0 0
20
0 19.684893 2.390099 5.115098 0.000000 0.000000 -1
0 19.684893 -1.135879 5.115098 0.000000 1.000000 -1
0 23.386206 2.390099 5.115098 1.000000 0.000000 -1
0 23.386206 -1.135879 5.115098 1.000000 1.000000 -1
0 23.386206 2.390099 5.115098 0.000000 0.000000 -1
0 23.386206 -1.135879 5.115098 0.000000 1.000000 -1
0 23.386206 2.390099 -5.229188 1.000000 0.000000 -1
0 23.386206 -1.135879 -5.229188 1.000000 1.000000 -1
0 23.386206 2.390099 -5.229188 0.000000 0.000000 -1
0 23.386206 -1.135879 -5.229188 0.000000 1.000000 -1
0 19.684893 2.390099 -5.229188 1.000000 0.000000 -1
0 19.684893 -1.135879 -5.229188 1.000000 1.000000 -1
0 19.684893 2.390099 -5.229188 0.000000 0.000000 -1
0 19.684893 -1.135879 -5.229188 0.000000 1.000000 -1
0 19.684893 2.390099 5.115098 1.000000 0.000000 -1
0 19.684893 -1.135879 5.115098 1.000000 1.000000 -1
0 19.684893 2.390099 5.115098 0.000000 1.000000 -1
0 23.386206 2.390099 5.115098 1.000000 1.000000 -1
0 19.684893 -1.135879 5.115098 0.000000 0.000000 -1
0 23.386206 -1.135879 5.115098 1.000000 0.000000 -1
6
0.000000 0.000000 1.000000
1.000000 0.000000 0.000000
0.000000 0.000000 -1.000000
-1.000000 0.000000 0.000000
0.000000 1.000000 0.000000
0.000000 -1.000000 0.000000
12
0 0 1 2 0 0 0 1
0 1 3 2 0 0 0 1
0 4 5 6 1 1 1 2
0 5 7 6 1 1 1 2
0 8 9 10 2 2 2 1
0 9 11 10 2 2 2 1
0 12 13 14 3 3 3 2
0 13 15 14 3 3 3 2
0 12 16 6 4 4 4 3
0 16 17 6 4 4 4 3
0 18 13 19 5 5 5 3
0 13 7 19 5 5 5 3
"door" 0 1
20
0 28.162991 -0.077381 4.552338 0.000000 0.000000 -1
0 19.500959 4.631930 -3.246989 0.000000 1.000000 -1
0 27.888126 -0.992835 4.304851 1.000000 0.000000 -1
0 19.226088 3.716475 -3.494484 1.000000 1.000000 -1
0 27.888126 -0.992835 4.304851 0.000000 0.000000 -1
0 19.226088 3.716475 -3.494484 0.000000 1.000000 -1
0 32.336338 -0.992835 -0.635380 1.000000 0.000000 -1
0 23.674290 3.716475 -8.434717 1.000000 1.000000 -1
0 32.336338 -0.992835 -0.635380 0.000000 0.000000 -1
0 23.674290 3.716475 -8.434717 0.000000 1.000000 -1
0 32.611183 -0.077381 -0.387898 1.000000 0.000000 -1
0 23.949173 4.631930 -8.187220 1.000000 1.000000 -1
0 32.611183 -0.077381 -0.387898 0.000000 0.000000 -1
0 23.949173 4.631930 -8.187220 0.000000 1.000000 -1
0 28.162991 -0.077381 4.552338 1.000000 0.000000 -1
0 19.500959 4.631930 -3.246989 1.000000 1.000000 -1
0 28.162991 -0.077381 4.552338 0.000000 1.000000 -1
0 27.888126 -0.992835 4.304851 1.000000 1.000000 -1
0 19.500959 4.631930 -3.246989 0.000000 0.000000 -1
0 19.226088 3.716475 -3.494484 1.000000 0.000000 -1
18
-0.669130 0.000001 0.743145
-0.669130 0.000000 0.743145
-0.669131 0.000000 0.743145
-0.278387 -0.927184 -0.250662
-0.278387 -0.927184 -0.250661
-0.278387 -0.927184 -0.250661
0.669132 0.000007 -0.743143
0.669131 0.000001 -0.743145
0.669129 -0.000006 -0.743146
0.278389 0.927183 0.250661
0.278388 0.927183 0.250662
0.278388 0.927183 0.250662
0.689038 -0.374590 0.620411
0.689035 -0.374597 0.620409
0.689032 -0.374605 0.620408
-0.689029 0.374614 -0.620406
-0.689028 0.374619 -0.620404
-0.689027 0.374623 -0.620402
12
0 0 1 2 0 1 1 1
0 1 3 2 1 2 1 1
0 4 5 6 3 4 4 2
0 5 7 6 4 5 4 2
0 8 9 10 6 7 7 1
0 9 11 10 7 8 7 1
0 12 13 14 9 10 10 2
0 13 15 14 10 11 10 2
0 12 16 6 12 13 13 3
0 16 17 6 13 14 13 3
0 18 13 19 15 16 16 3
0 13 7 19 16 17 16 3
"windows" 0 3
20
0 -7.709992 10.825315 15.330187 0.000000 0.000000 -1
0 -8.925559 2.905344 14.444704 0.000000 1.000000 -1
0 -8.408566 10.379225 20.643509 1.000000 0.000000 -1
0 -9.621216 2.566257 19.885551 1.000000 1.000000 -1
0 -8.408566 10.379225 20.643509 0.000000 0.000000 -1
0 -9.621216 2.566257 19.885551 0.000000 1.000000 -1
0 -0.075630 8.989535 21.636391 1.000000 0.000000 -1
0 -1.288282 1.176582 20.878418 1.000000 1.000000 -1
0 -0.075630 8.989535 21.636391 0.000000 0.000000 -1
0 -1.288282 1.176582 20.878418 0.000000 1.000000 -1
0 0.756277 9.435640 16.044788 1.000000 0.000000 -1
0 -0.592632 1.515661 15.437580 1.000000 1.000000 -1
0 0.756277 9.435640 16.044788 0.000000 0.000000 -1
0 -0.592632 1.515661 15.437580 0.000000 1.000000 -1
0 -7.709992 10.825315 15.330187 1.000000 0.000000 -1
0 -8.925559 2.905344 14.444704 1.000000 1.000000 -1
0 -7.709992 10.825315 15.330187 0.000000 1.000000 -1
0 -8.408566 10.379225 20.643509 1.000000 1.000000 -1
0 -8.925559 2.905344 14.444704 0.000000 0.000000 -1
0 -9.621216 2.566257 19.885551 1.000000 0.000000 -1
18
-0.979844 0.163258 -0.115119
-0.979845 0.163254 -0.115113
-0.979847 0.163249 -0.115107
-0.130408 -0.075663 0.988569
-0.130407 -0.075664 0.988569
-0.130406 -0.075665 0.988569
0.977457 -0.164546 0.132296
0.977723 -0.169932 0.123207
0.977881 -0.175298 0.114104
0.093765 0.060221 -0.993771
0.113227 0.075135 -0.990724
0.132620 0.090004 -0.987072
0.152823 0.983062 0.101167
0.152281 0.983078 0.101827
0.151740 0.983093 0.102488
-0.154544 -0.984650 -0.081126
-0.154544 -0.984650 -0.081125
-0.154543 -0.984650 -0.081124
12
0 0 1 2 0 1 1 1
0 1 3 2 1 2 1 1
0 4 5 6 3 4 4 2
0 5 7 6 4 5 4 2
0 8 9 10 6 7 7 1
0 9 11 10 7 8 7 1
0 12 13 14 9 10 10 2
0 13 15 14 10 11 10 2
0 12 16 6 12 13 13 3
0 16 17 6 13 14 13 3
0 18 13 19 15 16 16 3
0 13 7 19 16 17 16 3
"Duplicate01" 0 4
77
0 -12.168031 0.275953 -0.631219 0.166667 0.833333 -1
0 -14.976374 -1.344667 0.862002 0.166667 0.666667 -1
0 -12.872334 1.467536 -0.662579 0.250000 0.833333 -1
0 -15.680660 -0.153077 0.830636 0.250000 0.666667 -1
0 -9.016974 0.841867 2.929271 0.166667 0.333333 -1
0 -8.001945 1.427612 2.389569 0.166667 0.166667 -1
0 -8.369789 2.619193 2.991003 0.250000 0.166667 -1
0 -9.384815 2.033451 3.530704 0.250000 0.333333 -1
0 -12.342751 2.012999 -1.946866 0.000000 0.000000 -1
0 -12.832349 3.599012 -1.146364 0.000000 0.000000 -1
0 -10.671414 2.012999 1.196458 0.000000 0.000000 -1
0 -6.870725 3.244411 3.196633 0.000000 0.000000 -1
0 -8.542055 3.244411 0.053309 0.000000 0.000000 -1
0 -7.808159 4.830423 3.154894 0.000000 0.000000 -1
0 -12.342751 2.012999 -1.946866 0.250000 1.000000 -1
0 -12.832349 3.599012 -1.146364 0.333333 1.000000 -1
0 -16.048523 1.038508 1.432076 0.333333 0.666667 -1
0 -10.089124 3.225043 3.499344 0.333333 0.333333 -1
0 -9.074102 3.810786 2.959646 0.333333 0.166667 -1
0 -6.870725 3.244411 3.196633 0.250000 0.000000 -1
0 -7.808159 4.830423 3.154894 0.333333 0.000000 -1
0 -12.742948 4.760035 0.281906 0.000000 0.000000 -1
0 -8.942240 5.991453 2.282083 0.000000 0.000000 -1
0 -9.926154 4.683087 2.303893 0.416667 0.166667 -1
0 -10.941175 4.097343 2.843588 0.416667 0.333333 -1
0 -8.942240 5.991453 2.282083 0.416667 0.000000 -1
0 -12.098451 5.185008 1.955228 0.000000 0.000000 -1
0 -9.969095 6.416425 0.812081 0.000000 0.000000 -1
0 -11.712672 4.416628 1.739158 0.500000 0.333333 -1
0 -10.697639 5.002372 1.199456 0.500000 0.166667 -1
0 -9.969095 6.416425 0.812081 0.500000 0.000000 -1
0 -11.071593 4.760039 3.425249 0.000000 0.000000 -1
0 -10.613567 5.991453 -0.861229 0.000000 0.000000 -1
0 -11.181849 4.683087 -0.057727 0.583333 0.166667 -1
0 -12.196873 4.097343 0.481972 0.583333 0.333333 -1
0 -10.613567 5.991453 -0.861229 0.583333 0.000000 -1
0 -9.937527 3.599005 4.298039 0.000000 0.000000 -1
0 -10.702991 4.830423 -2.289494 0.000000 0.000000 -1
0 -12.264052 3.225043 -0.591101 0.666667 0.333333 -1
0 -11.249031 3.810786 -1.130803 0.666667 0.166667 -1
0 -10.702991 4.830423 -2.289494 0.666667 0.000000 -1
0 -9.000080 2.012999 4.339782 0.000000 0.000000 -1
0 -10.213387 3.244411 -3.090004 0.000000 0.000000 -1
0 -9.937527 3.599005 4.298039 0.666667 1.000000 -1
0 -10.360962 1.467527 4.060669 0.750000 0.833333 -1
0 -9.000080 2.012999 4.339782 0.750000 1.000000 -1
0 -13.873587 1.038516 5.522525 0.666667 0.666667 -1
0 -13.169283 -0.153079 5.553882 0.750000 0.666667 -1
0 -10.881178 2.619193 -1.732234 0.750000 0.166667 -1
0 -11.896205 2.033451 -1.192535 0.750000 0.333333 -1
0 -10.213387 3.244411 -3.090004 0.750000 0.000000 -1
0 -12.801433 -1.344660 4.952451 0.833333 0.666667 -1
0 -9.993102 0.275948 3.459241 0.833333 0.833333 -1
0 -11.191903 0.841867 -1.161175 0.833333 0.333333 -1
0 -10.176874 1.427612 -1.700878 0.833333 0.166667 -1
0 -10.206002 3.248678 -3.093941 0.000000 0.000000 -1
0 -8.534676 3.248675 0.049384 0.000000 0.000000 -1
0 -10.695604 4.834689 -2.293431 0.000000 0.000000 -1
0 -8.706938 3.873898 -2.888315 0.250000 0.166667 -1
0 -10.206002 3.248678 -3.093941 0.250000 0.000000 -1
0 -10.695604 4.834689 -2.293431 0.333333 0.000000 -1
0 -9.074789 5.065483 -2.286873 0.333333 0.166667 -1
0 -10.606180 5.995720 -0.865151 0.000000 0.000000 -1
0 -9.007602 5.937782 -1.213792 0.416667 0.166667 -1
0 -10.606180 5.995720 -0.865151 0.416667 0.000000 -1
0 -9.961717 6.420685 0.808159 0.000000 0.000000 -1
0 -9.961717 6.420685 0.808159 0.500000 0.000000 -1
0 -8.523380 6.257078 0.043384 0.500000 0.166667 -1
0 -8.934864 5.995718 2.278161 0.000000 0.000000 -1
0 -7.751897 5.937783 1.147832 0.583333 0.166667 -1
0 -8.934864 5.995718 2.278161 0.583333 0.000000 -1
0 -7.800786 4.834676 3.150969 0.000000 0.000000 -1
0 -7.800786 4.834676 3.150969 0.666667 0.000000 -1
0 -6.899859 5.065483 1.803576 0.666667 0.166667 -1
0 -6.863332 3.248678 3.192717 0.000000 0.000000 -1
0 -6.195541 3.873898 1.834940 0.750000 0.166667 -1
0 -6.863332 3.248678 3.192717 0.750000 0.000000 -1
75
-0.349727 -0.230609 -0.908026
-0.349728 -0.230608 -0.908026
-0.580864 -0.082026 -0.809857
-0.469472 -0.000001 -0.882948
0.557223 -0.230611 0.797697
0.557223 -0.230611 0.797697
0.280684 -0.015504 0.959675
0.469473 -0.000001 0.882947
0.786714 0.453985 -0.418304
0.786713 0.453992 -0.418298
0.786712 0.453992 -0.418301
0.786713 0.453989 -0.418302
0.786712 0.453990 -0.418302
0.786713 0.453990 -0.418302
-0.910166 -0.075377 -0.407327
-0.557222 0.230606 -0.797700
0.206149 0.445504 0.871223
-0.025082 0.298698 0.954018
-0.117907 -0.043582 0.992068
-0.252016 0.129247 0.959053
0.786710 0.453994 -0.418301
0.786712 0.453991 -0.418302
-0.330602 0.611479 0.718885
-0.112412 0.771634 0.626055
-0.519979 0.403582 0.752823
0.786711 0.453990 -0.418305
0.786712 0.453991 -0.418302
-0.400849 0.891007 0.213135
-0.607233 0.725963 0.322871
-0.762609 0.503993 0.405486
0.786713 0.453990 -0.418300
0.786712 0.453990 -0.418302
-0.780853 0.611479 -0.127915
-0.581883 0.771634 -0.256894
-0.914887 0.403583 0.010107
0.786712 0.453992 -0.418300
0.786712 0.453990 -0.418303
-0.607000 0.445501 -0.658087
-0.804943 0.298696 -0.512687
-0.936016 0.129247 -0.327367
0.786710 0.453995 -0.418301
0.786712 0.453990 -0.418303
-0.171262 -0.075374 0.982338
0.346588 -0.082023 0.934424
0.349730 0.230606 0.908025
0.469472 -0.000001 0.882947
-0.638650 -0.015505 -0.769341
-0.469472 -0.000000 -0.882948
-0.888395 -0.043582 -0.457007
0.557220 -0.230605 0.797701
0.557219 -0.230604 0.797702
-0.349729 -0.230608 -0.908025
-0.349730 -0.230608 -0.908025
-0.786714 -0.453989 0.418301
-0.786713 -0.453992 0.418300
-0.786714 -0.453989 0.418300
-0.058368 0.435407 -0.898340
-0.058370 0.435403 -0.898341
-0.085167 0.620251 -0.779766
-0.085165 0.620252 -0.779765
-0.786714 -0.453991 0.418298
-0.064041 0.894581 -0.442293
-0.064038 0.894583 -0.442291
-0.786713 -0.453992 0.418299
0.088237 0.994994 -0.046917
0.088233 0.994994 -0.046916
-0.786713 -0.453991 0.418300
0.330866 0.894579 0.300425
0.330866 0.894580 0.300423
-0.786711 -0.453994 0.418300
0.598828 0.620249 0.506652
0.598829 0.620248 0.506652
-0.786708 -0.453998 0.418301
0.712114 0.435412 0.550736
0.712114 0.435414 0.550734
66
0 0 1 2 0 1 2 1
0 1 3 2 1 3 2 1
0 4 5 6 4 5 6 1
0 4 6 7 4 6 7 1
0 8 9 10 8 9 10 2
0 11 12 13 11 12 13 2
0 14 2 15 14 2 14 1
0 2 3 16 2 3 15 1
0 7 6 17 7 6 16 1
0 6 18 17 6 17 16 1
0 6 19 20 6 18 19 1
0 6 20 18 6 19 17 1
0 9 21 10 9 20 10 2
0 13 12 22 13 12 21 2
0 17 18 23 16 17 22 1
0 17 23 24 16 22 23 1
0 18 20 23 17 19 22 1
0 20 25 23 19 24 22 1
0 21 26 10 20 25 10 2
0 22 12 27 21 12 26 2
0 24 23 28 23 22 27 1
0 23 29 28 22 28 27 1
0 23 25 30 22 24 29 1
0 23 30 29 22 29 28 1
0 26 31 10 25 30 10 2
0 27 12 32 26 12 31 2
0 28 29 33 27 28 32 1
0 28 33 34 27 32 33 1
0 29 30 33 28 29 32 1
0 30 35 33 29 34 32 1
0 31 36 10 30 35 10 2
0 32 12 37 31 12 36 2
0 34 33 38 33 32 37 1
0 33 39 38 32 38 37 1
0 33 35 40 32 34 39 1
0 33 40 39 32 39 38 1
0 36 41 10 35 40 10 2
0 37 12 42 36 12 41 2
0 43 44 45 42 43 42 1
0 46 47 44 44 45 43 1
0 38 39 48 37 38 46 1
0 38 48 49 37 46 47 1
0 39 40 48 38 39 46 1
0 40 50 48 39 48 46 1
0 44 47 51 43 45 49 1
0 44 51 52 43 49 50 1
0 49 48 53 47 46 51 1
0 48 54 53 46 52 51 1
0 55 56 57 53 54 55 2
0 58 59 60 56 57 58 1
0 58 60 61 56 58 59 1
0 57 56 62 55 54 60 2
0 61 60 63 59 58 61 1
0 60 64 63 58 62 61 1
0 62 56 65 60 54 63 2
0 63 64 66 61 62 64 1
0 63 66 67 61 64 65 1
0 65 56 68 63 54 66 2
0 67 66 69 65 64 67 1
0 66 70 69 64 68 67 1
0 68 56 71 66 54 69 2
0 69 70 72 67 68 70 1
0 69 72 73 67 70 71 1
0 71 56 74 69 54 72 2
0 73 72 75 71 70 73 1
0 72 76 75 70 74 73 1
"Box01" 0 6
20
0 23.963755 5.713309 18.796013 0.000000 0.000000 -1
0 23.963758 2.397167 21.032780 0.000000 1.000000 -1
0 -1.612024 0.605543 -1.823139 1.000000 0.000000 -1
0 -1.612024 -2.710606 0.413631 1.000000 1.000000 -1
0 -1.612024 0.605543 -1.823139 0.000000 0.000000 -1
0 -1.612024 -2.710606 0.413631 0.000000 1.000000 -1
0 -5.165043 1.945675 0.163687 1.000000 0.000000 -1
0 -5.165043 -1.370473 2.400460 1.000000 1.000000 -1
0 -5.165043 1.945675 0.163687 0.000000 0.000000 -1
0 -5.165043 -1.370473 2.400460 0.000000 1.000000 -1
0 20.410730 7.053452 20.782833 1.000000 0.000000 -1
0 20.410723 3.737301 23.019609 1.000000 1.000000 -1
0 20.410730 7.053452 20.782833 0.000000 0.000000 -1
0 20.410723 3.737301 23.019609 0.000000 1.000000 -1
0 23.963755 5.713309 18.796013 1.000000 0.000000 -1
0 23.963758 2.397167 21.032780 1.000000 1.000000 -1
0 23.963755 5.713309 18.796013 0.000000 1.000000 -1
0 -1.612024 0.605543 -1.823139 1.000000 1.000000 -1
0 23.963758 2.397167 21.032780 0.000000 0.000000 -1
0 -1.612024 -2.710606 0.413631 1.000000 0.000000 -1
18
0.615054 -0.440915 -0.653684
0.615054 -0.440915 -0.653684
0.615054 -0.440915 -0.653684
-0.559194 -0.463592 -0.687303
-0.559194 -0.463592 -0.687303
-0.559194 -0.463592 -0.687302
-0.615054 0.440915 0.653683
-0.615054 0.440916 0.653683
-0.615054 0.440917 0.653683
0.559193 0.463592 0.687303
0.559193 0.463592 0.687303
0.559192 0.463593 0.687303
0.128727 0.913490 -0.385961
0.128726 0.913490 -0.385960
0.128726 0.913491 -0.385959
-0.128725 -0.913491 0.385959
-0.128725 -0.913491 0.385959
-0.128725 -0.913491 0.385959
12
0 0 1 2 0 1 1 1
0 1 3 2 1 2 1 1
0 4 5 6 3 4 4 2
0 5 7 6 4 5 4 2
0 8 9 10 6 7 7 1
0 9 11 10 7 8 7 1
0 12 13 14 9 10 10 2
0 13 15 14 10 11 10 2
0 12 16 6 12 13 13 3
0 16 17 6 13 14 13 3
0 18 13 19 15 16 16 3
0 13 7 19 16 17 16 3
"Duplicate02" 0 6
20
0 -23.876579 13.526978 18.796013 0.000000 0.000000 -1
0 -21.034086 15.234917 21.032780 0.000000 1.000000 -1
0 -3.315105 6.310358 -1.823140 1.000000 0.000000 -1
0 -0.472607 8.018302 0.413631 1.000000 1.000000 -1
0 -3.315105 6.310358 -1.823140 0.000000 0.000000 -1
0 -0.472607 8.018302 0.413631 0.000000 1.000000 -1
0 -2.633874 2.574595 0.163688 1.000000 0.000000 -1
0 0.208619 4.282539 2.400460 1.000000 1.000000 -1
0 -2.633874 2.574595 0.163688 0.000000 0.000000 -1
0 0.208619 4.282539 2.400460 0.000000 1.000000 -1
0 -23.195354 9.791222 20.782833 1.000000 0.000000 -1
0 -20.352848 11.499157 23.019609 1.000000 1.000000 -1
0 -23.195354 9.791222 20.782833 0.000000 0.000000 -1
0 -20.352848 11.499157 23.019609 0.000000 1.000000 -1
0 -23.876579 13.526978 18.796013 1.000000 0.000000 -1
0 -21.034086 15.234917 21.032780 1.000000 1.000000 -1
0 -23.876579 13.526978 18.796013 0.000000 1.000000 -1
0 -3.315105 6.310358 -1.823140 1.000000 1.000000 -1
0 -21.034086 15.234917 21.032780 0.000000 0.000000 -1
0 -0.472607 8.018302 0.413631 1.000000 0.000000 -1
18
-0.158953 0.871675 -0.463591
-0.158953 0.871675 -0.463591
-0.158953 0.871675 -0.463591
0.685381 -0.240554 -0.687304
0.685381 -0.240554 -0.687304
0.685382 -0.240554 -0.687303
0.158953 -0.871675 0.463592
0.158952 -0.871675 0.463591
0.158951 -0.871676 0.463590
-0.685380 0.240554 0.687305
-0.685380 0.240554 0.687304
-0.685381 0.240553 0.687304
-0.710624 -0.426985 -0.559193
-0.710624 -0.426985 -0.559193
-0.710624 -0.426986 -0.559193
0.710624 0.426988 0.559192
0.710624 0.426986 0.559193
0.710624 0.426985 0.559193
12
0 0 1 2 0 1 1 1
0 1 3 2 1 2 1 1
0 4 5 6 3 4 4 2
0 5 7 6 4 5 4 2
0 8 9 10 6 7 7 1
0 9 11 10 7 8 7 1
0 12 13 14 9 10 10 2
0 13 15 14 10 11 10 2
0 12 16 6 12 13 13 3
0 16 17 6 13 14 13 3
0 18 13 19 15 16 16 3
0 13 7 19 16 17 16 3
"Duplicate03" 0 6
20
0 -19.832951 -1.168542 -18.161968 0.000000 0.000000 -1
0 -19.744539 -1.117233 -15.183769 0.000000 1.000000 -1
0 -19.891230 16.965801 -18.399742 1.000000 0.000000 -1
0 -19.802818 17.017105 -15.421540 1.000000 1.000000 -1
0 -19.891230 16.965801 -18.399742 0.000000 0.000000 -1
0 -19.802818 17.017105 -15.421540 0.000000 1.000000 -1
0 -16.955708 16.957521 -18.357586 1.000000 0.000000 -1
0 -16.867306 17.008820 -15.379386 1.000000 1.000000 -1
0 -16.955708 16.957521 -18.357586 0.000000 0.000000 -1
0 -16.867306 17.008820 -15.379386 0.000000 1.000000 -1
0 -16.897427 -1.176811 -18.119816 1.000000 0.000000 -1
0 -16.809011 -1.125510 -15.141603 1.000000 1.000000 -1
0 -16.897427 -1.176811 -18.119816 0.000000 0.000000 -1
0 -16.809011 -1.125510 -15.141603 0.000000 1.000000 -1
0 -19.832951 -1.168542 -18.161968 1.000000 0.000000 -1
0 -19.744539 -1.117233 -15.183769 1.000000 1.000000 -1
0 -19.832951 -1.168542 -18.161968 0.000000 1.000000 -1
0 -19.891230 16.965801 -18.399742 1.000000 1.000000 -1
0 -19.744539 -1.117233 -15.183769 0.000000 0.000000 -1
0 -19.802818 17.017105 -15.421540 1.000000 0.000000 -1
18
-0.999554 -0.002823 0.029722
-0.999554 -0.002823 0.029722
-0.999554 -0.002823 0.029722
0.003069 0.999845 -0.017315
0.003070 0.999845 -0.017314
0.003071 0.999845 -0.017313
0.999554 0.002823 -0.029718
0.999554 0.002823 -0.029721
0.999554 0.002823 -0.029723
-0.003065 -0.999845 0.017314
-0.003066 -0.999845 0.017315
-0.003068 -0.999845 0.017317
0.014320 -0.013063 -0.999812
0.014321 -0.013063 -0.999812
0.014321 -0.013063 -0.999812
-0.014324 0.013063 0.999812
-0.014322 0.013063 0.999812
-0.014321 0.013064 0.999812
12
0 0 1 2 0 1 1 1
0 1 3 2 1 2 1 1
0 4 5 6 3 4 4 2
0 5 7 6 4 5 4 2
0 8 9 10 6 7 7 1
0 9 11 10 7 8 7 1
0 12 13 14 9 10 10 2
0 13 15 14 10 11 10 2
0 12 16 6 12 13 13 3
0 16 17 6 13 14 13 3
0 18 13 19 15 16 16 3
0 13 7 19 16 17 16 3
"Duplicate04" 0 6
20
0 -0.690090 -1.168542 -18.733397 0.000000 0.000000 -1
0 -0.601678 -1.117233 -15.755198 0.000000 1.000000 -1
0 -0.748369 16.965801 -18.971170 1.000000 0.000000 -1
0 -0.659958 17.017105 -15.992968 1.000000 1.000000 -1
0 -0.748369 16.965801 -18.971170 0.000000 0.000000 -1
0 -0.659958 17.017105 -15.992968 0.000000 1.000000 -1
0 2.187151 16.957521 -18.929012 1.000000 0.000000 -1
0 2.275554 17.008820 -15.950813 1.000000 1.000000 -1
0 2.187151 16.957521 -18.929012 0.000000 0.000000 -1
0 2.275554 17.008820 -15.950813 0.000000 1.000000 -1
0 2.245433 -1.176811 -18.691244 1.000000 0.000000 -1
0 2.333848 -1.125510 -15.713032 1.000000 1.000000 -1
0 2.245433 -1.176811 -18.691244 0.000000 0.000000 -1
0 2.333848 -1.125510 -15.713032 0.000000 1.000000 -1
0 -0.690090 -1.168542 -18.733397 1.000000 0.000000 -1
0 -0.601678 -1.117233 -15.755198 1.000000 1.000000 -1
0 -0.690090 -1.168542 -18.733397 0.000000 1.000000 -1
0 -0.748369 16.965801 -18.971170 1.000000 1.000000 -1
0 -0.601678 -1.117233 -15.755198 0.000000 0.000000 -1
0 -0.659958 17.017105 -15.992968 1.000000 0.000000 -1
18
-0.999554 -0.002823 0.029722
-0.999554 -0.002823 0.029722
-0.999554 -0.002823 0.029722
0.003069 0.999845 -0.017315
0.003070 0.999845 -0.017314
0.003071 0.999845 -0.017313
0.999554 0.002823 -0.029719
0.999554 0.002823 -0.029721
0.999554 0.002823 -0.029723
-0.003065 -0.999845 0.017314
-0.003066 -0.999845 0.017315
-0.003068 -0.999845 0.017317
0.014320 -0.013063 -0.999812
0.014321 -0.013063 -0.999812
0.014322 -0.013063 -0.999812
-0.014324 0.013063 0.999812
-0.014322 0.013063 0.999812
-0.014321 0.013064 0.999812
12
0 0 1 2 0 1 1 1
0 1 3 2 1 2 1 1
0 4 5 6 3 4 4 2
0 5 7 6 4 5 4 2
0 8 9 10 6 7 7 1
0 9 11 10 7 8 7 1
0 12 13 14 9 10 10 2
0 13 15 14 10 11 10 2
0 12 16 6 12 13 13 3
0 16 17 6 13 14 13 3
0 18 13 19 15 16 16 3
0 13 7 19 16 17 16 3
"Duplicate05" 0 6
20
0 20.375578 9.563408 -10.090843 0.000000 0.000000 -1
0 18.801754 9.593065 -7.560562 0.000000 1.000000 -1
0 7.976433 -1.580160 -16.908205 1.000000 0.000000 -1
0 6.402616 -1.550487 -14.377916 1.000000 1.000000 -1
0 7.976433 -1.580160 -16.908205 0.000000 0.000000 -1
0 6.402616 -1.550487 -14.377916 0.000000 1.000000 -1
0 6.226785 0.572388 -17.869682 1.000000 0.000000 -1
0 4.652984 0.602062 -15.339395 1.000000 1.000000 -1
0 6.226785 0.572388 -17.869682 0.000000 0.000000 -1
0 4.652984 0.602062 -15.339395 0.000000 1.000000 -1
0 18.625933 11.715940 -11.052329 1.000000 0.000000 -1
0 17.052105 11.745623 -8.522029 1.000000 1.000000 -1
0 18.625933 11.715940 -11.052329 0.000000 0.000000 -1
0 17.052105 11.745623 -8.522029 0.000000 1.000000 -1
0 20.375578 9.563408 -10.090843 1.000000 0.000000 -1
0 18.801754 9.593065 -7.560562 1.000000 1.000000 -1
0 20.375578 9.563408 -10.090843 0.000000 1.000000 -1
0 7.976433 -1.580160 -16.908205 1.000000 1.000000 -1
0 18.801754 9.593065 -7.560562 0.000000 0.000000 -1
0 6.402616 -1.550487 -14.377916 1.000000 0.000000 -1
18
0.521920 -0.784956 0.333832
0.521919 -0.784956 0.333833
0.521918 -0.784956 0.333834
-0.626425 -0.679652 -0.381661
-0.626427 -0.679650 -0.381660
-0.626429 -0.679649 -0.381659
-0.521919 0.784956 -0.333832
-0.521918 0.784956 -0.333834
-0.521917 0.784956 -0.333837
0.626424 0.679655 0.381658
0.626424 0.679652 0.381663
0.626424 0.679649 0.381667
0.481717 0.000120 -0.876327
0.481717 0.000122 -0.876327
0.481716 0.000123 -0.876327
-0.481714 -0.000126 0.876328
-0.481716 -0.000123 0.876327
-0.481718 -0.000121 0.876326
12
0 0 1 2 0 1 1 1
0 1 3 2 1 2 1 1
0 4 5 6 3 4 4 2
0 5 7 6 4 5 4 2
0 8 9 10 6 7 7 1
0 9 11 10 7 8 7 1
0 12 13 14 9 10 10 2
0 13 15 14 10 11 10 2
0 12 16 6 12 13 13 3
0 16 17 6 13 14 13 3
0 18 13 19 15 16 16 3
0 13 7 19 16 17 16 3
"redbrick" 0 2
359
0 -18.135014 15.007065 18.076923 0.000000 0.000000 -1
0 -18.135012 -1.046781 18.076923 0.000000 1.000000 -1
0 10.211119 9.338150 23.103949 1.000000 0.000000 -1
0 18.018833 -1.046781 18.076923 1.000000 1.000000 -1
0 10.211119 9.338150 23.103949 0.000000 0.000000 -1
0 18.018833 -1.046781 18.076923 0.000000 1.000000 -1
0 10.211119 9.338150 21.203163 1.000000 0.000000 -1
0 18.018833 -1.046781 16.176136 1.000000 1.000000 -1
0 10.211119 9.338150 21.203163 0.000000 0.000000 -1
0 18.018833 -1.046781 16.176136 0.000000 1.000000 -1
0 -18.135014 15.007065 16.176136 1.000000 0.000000 -1
0 -18.135012 -1.046781 16.176136 1.000000 1.000000 -1
0 -18.135014 15.007065 16.176136 0.000000 0.000000 -1
0 -18.135012 -1.046781 16.176136 0.000000 1.000000 -1
0 -18.135014 15.007065 18.076923 1.000000 0.000000 -1
0 -18.135012 -1.046781 18.076923 1.000000 1.000000 -1
0 -18.135014 15.007065 18.076923 0.000000 1.000000 -1
0 10.211119 9.338150 23.103949 1.000000 1.000000 -1
0 -18.135012 -1.046781 18.076923 0.000000 0.000000 -1
0 18.018833 -1.046781 18.076923 1.000000 0.000000 -1
0 -18.546659 4.246617 -16.168066 0.000000 0.000000 -1
0 -18.162317 -1.152449 -16.168066 0.000000 1.000000 -1
0 0.838007 7.401872 -15.950594 1.000000 0.000000 -1
0 17.994907 -1.037064 -15.950594 1.000000 1.000000 -1
0 0.838007 7.401872 -15.950594 0.000000 0.000000 -1
0 17.994907 -1.037064 -15.950594 0.000000 1.000000 -1
0 6.986858 7.824432 -18.068851 1.000000 0.000000 -1
0 17.991528 -1.152449 -18.068851 1.000000 1.000000 -1
0 6.986858 7.824432 -18.068851 0.000000 0.000000 -1
0 17.991528 -1.152449 -18.068851 0.000000 1.000000 -1
0 -18.546659 4.246617 -18.068851 1.000000 0.000000 -1
0 -18.162317 -1.152449 -18.068851 1.000000 1.000000 -1
0 -18.546659 4.246617 -18.068851 0.000000 0.000000 -1
0 -18.162317 -1.152449 -18.068851 0.000000 1.000000 -1
0 -18.546659 4.246617 -16.168066 1.000000 0.000000 -1
0 -18.162317 -1.152449 -16.168066 1.000000 1.000000 -1
0 -18.546659 4.246617 -16.168066 0.000000 1.000000 -1
0 0.838007 7.401872 -15.950594 1.000000 1.000000 -1
0 -18.162317 -1.152449 -16.168066 0.000000 0.000000 -1
0 17.994907 -1.037064 -15.950594 1.000000 0.000000 -1
0 19.934151 9.264580 11.253405 0.000000 0.000000 -1
0 19.894194 -1.152449 18.092587 0.000000 1.000000 -1
0 19.894201 9.255312 -16.315680 1.000000 0.000000 -1
0 19.894201 -1.152449 -18.061337 1.000000 1.000000 -1
0 19.894201 9.255312 -16.315680 0.000000 0.000000 -1
0 19.894201 -1.152449 -18.061337 0.000000 1.000000 -1
0 17.993423 9.255312 -16.315685 1.000000 0.000000 -1
0 17.993423 -1.152449 -18.061342 1.000000 1.000000 -1
0 17.993423 9.255312 -16.315685 0.000000 0.000000 -1
0 17.993423 -1.152449 -18.061342 0.000000 1.000000 -1
0 18.033367 9.264580 11.253395 1.000000 0.000000 -1
0 17.993412 -1.152449 18.092577 1.000000 1.000000 -1
0 18.033367 9.264580 11.253395 0.000000 0.000000 -1
0 17.993412 -1.152449 18.092577 0.000000 1.000000 -1
0 19.934151 9.264580 11.253405 1.000000 0.000000 -1
0 19.894194 -1.152449 18.092587 1.000000 1.000000 -1
0 19.934151 9.264580 11.253405 0.000000 1.000000 -1
0 19.894201 9.255312 -16.315680 1.000000 1.000000 -1
0 19.894194 -1.152449 18.092587 0.000000 0.000000 -1
0 19.894201 -1.152449 -18.061337 1.000000 0.000000 -1
0 -16.627535 12.381264 -18.051218 1.000000 0.000000 -1
0 -19.894194 -1.152449 18.092587 0.000000 1.000000 -1
0 -19.894194 17.001398 18.092587 0.000000 0.000000 -1
0 -14.101218 0.275621 -18.061337 1.000000 1.000000 -1
0 -17.993423 10.581274 -18.051224 1.000000 0.000000 -1
0 -14.101218 0.275621 -18.061337 0.000000 1.000000 -1
0 -16.627535 12.381264 -18.051218 0.000000 0.000000 -1
0 -15.467106 -1.524378 -18.061342 1.000000 1.000000 -1
0 -17.993412 17.001398 18.092577 1.000000 0.000000 -1
0 -15.467106 -1.524378 -18.061342 0.000000 1.000000 -1
0 -17.993423 10.581274 -18.051224 0.000000 0.000000 -1
0 -17.993412 -1.152449 18.092577 1.000000 1.000000 -1
0 -19.894194 17.001398 18.092587 1.000000 0.000000 -1
0 -17.993412 -1.152449 18.092577 0.000000 1.000000 -1
0 -17.993412 17.001398 18.092577 0.000000 0.000000 -1
0 -19.894194 -1.152449 18.092587 1.000000 1.000000 -1
0 -19.894194 17.001398 18.092587 0.000000 1.000000 -1
0 -16.627535 12.381264 -18.051218 1.000000 1.000000 -1
0 -14.101218 0.275621 -18.061337 1.000000 0.000000 -1
0 -19.894194 -1.152449 18.092587 0.000000 0.000000 -1
0 -19.889357 17.007046 -18.159626 0.000000 0.000000 -1
0 -19.889357 17.015844 18.080151 0.000000 0.000000 -1
0 -19.889357 27.510643 -0.064755 0.000000 0.000000 -1
0 -25.907276 23.067760 6.008387 0.000000 0.000000 -1
0 -23.335848 12.613379 1.568387 0.000000 1.000000 -1
0 -17.997295 23.067760 6.008387 1.000000 0.000000 -1
0 -17.997295 -1.049471 6.008387 1.000000 1.000000 -1
0 -17.997295 23.067760 6.008387 0.000000 0.000000 -1
0 -17.997295 -1.049471 6.008387 0.000000 1.000000 -1
0 -17.997295 23.067760 -6.059489 1.000000 0.000000 -1
0 -17.997295 -1.049471 -6.059489 1.000000 1.000000 -1
0 -17.997295 23.067760 -6.059489 0.000000 0.000000 -1
0 -17.997295 -1.049471 -6.059489 0.000000 1.000000 -1
0 -23.651945 23.025206 -6.059489 1.000000 0.000000 -1
0 -23.651945 -1.092025 -1.019490 1.000000 1.000000 -1
0 -23.651945 23.025206 -6.059489 0.000000 0.000000 -1
0 -23.651945 -1.092025 -1.019490 0.000000 1.000000 -1
0 -25.907276 23.067760 6.008387 1.000000 0.000000 -1
0 -23.335848 12.613379 1.568387 1.000000 1.000000 -1
0 -25.907276 23.067760 6.008387 0.000000 1.000000 -1
0 -17.997295 23.067760 6.008387 1.000000 1.000000 -1
0 -23.335848 12.613379 1.568387 0.000000 0.000000 -1
0 -17.997295 -1.049471 6.008387 1.000000 0.000000 -1
0 -24.966099 25.364475 3.703612 0.000000 0.000000 -1
0 -18.870697 28.393330 3.703612 1.000000 0.000000 -1
0 -18.870697 28.393330 3.703612 0.000000 0.000000 -1
0 -17.997295 23.067760 6.008387 0.000000 1.000000 -1
0 -18.854317 28.426907 -3.937888 1.000000 0.000000 -1
0 -17.997295 23.067760 -6.059489 1.000000 1.000000 -1
0 -18.854317 28.426907 -3.937888 0.000000 0.000000 -1
0 -17.997295 23.067760 -6.059489 0.000000 1.000000 -1
0 -21.997196 29.828901 -3.937888 1.000000 0.000000 -1
0 -23.651945 23.025206 -6.059489 1.000000 1.000000 -1
0 -21.997196 29.828901 -3.937888 0.000000 0.000000 -1
0 -23.651945 23.025206 -6.059489 0.000000 1.000000 -1
0 -24.966099 25.364475 3.703612 1.000000 0.000000 -1
0 -25.907276 23.067760 6.008387 1.000000 1.000000 -1
0 -24.966099 25.364475 3.703612 0.000000 1.000000 -1
0 -18.870697 28.393330 3.703612 1.000000 1.000000 -1
0 -23.134079 1.661685 11.487734 0.000000 0.000000 -1
0 -23.134079 -1.047993 11.487734 0.000000 1.000000 -1
0 -24.209240 1.661685 7.970997 1.000000 0.000000 -1
0 -24.209240 -1.047993 7.970997 1.000000 1.000000 -1
0 -24.209240 1.661685 7.970997 0.000000 0.000000 -1
0 -24.209240 -1.047993 7.970997 0.000000 1.000000 -1
0 -27.725990 1.661685 9.046169 1.000000 0.000000 -1
0 -27.725990 -1.047993 9.046169 1.000000 1.000000 -1
0 -27.725990 1.661685 9.046169 0.000000 0.000000 -1
0 -27.725990 -1.047993 9.046169 0.000000 1.000000 -1
0 -26.650812 1.661685 12.562903 1.000000 0.000000 -1
0 -26.650812 -1.047993 12.562903 1.000000 1.000000 -1
0 -26.650812 1.661685 12.562903 0.000000 0.000000 -1
0 -26.650812 -1.047993 12.562903 0.000000 1.000000 -1
0 -23.134079 1.661685 11.487734 1.000000 0.000000 -1
0 -23.134079 -1.047993 11.487734 1.000000 1.000000 -1
0 -23.134079 1.661685 11.487734 0.000000 1.000000 -1
0 -24.209240 1.661685 7.970997 1.000000 1.000000 -1
0 -23.134079 -1.047993 11.487734 0.000000 0.000000 -1
0 -24.209240 -1.047993 7.970997 1.000000 0.000000 -1
0 -21.137512 1.465270 14.479939 0.000000 0.000000 -1
0 -21.603176 -0.726908 12.956833 0.000000 1.000000 -1
0 -22.007351 3.626808 11.634832 1.000000 0.000000 -1
0 -22.473007 1.434627 10.111726 1.000000 1.000000 -1
0 -22.007351 3.626808 11.634832 0.000000 0.000000 -1
0 -22.473007 1.434627 10.111726 0.000000 1.000000 -1
0 -25.524078 3.626808 12.709999 1.000000 0.000000 -1
0 -25.989750 1.434627 11.186911 1.000000 1.000000 -1
0 -25.524078 3.626808 12.709999 0.000000 0.000000 -1
0 -25.989750 1.434627 11.186911 0.000000 1.000000 -1
0 -24.654247 1.465270 15.555110 1.000000 0.000000 -1
0 -25.119907 -0.726908 14.031999 1.000000 1.000000 -1
0 -24.654247 1.465270 15.555110 0.000000 0.000000 -1
0 -25.119907 -0.726908 14.031999 0.000000 1.000000 -1
0 -21.137512 1.465270 14.479939 1.000000 0.000000 -1
0 -21.603176 -0.726908 12.956833 1.000000 1.000000 -1
0 -21.137512 1.465270 14.479939 0.000000 1.000000 -1
0 -22.007351 3.626808 11.634832 1.000000 1.000000 -1
0 -21.603176 -0.726908 12.956833 0.000000 0.000000 -1
0 -22.473007 1.434627 10.111726 1.000000 0.000000 -1
0 -24.045650 1.661685 -4.938984 0.000000 0.000000 -1
0 -24.045650 -1.047993 -4.938984 0.000000 1.000000 -1
0 -21.445309 1.661685 -7.539299 1.000000 0.000000 -1
0 -21.445309 -1.047993 -7.539299 1.000000 1.000000 -1
0 -21.445309 1.661685 -7.539299 0.000000 0.000000 -1
0 -21.445309 -1.047993 -7.539299 0.000000 1.000000 -1
0 -24.045645 1.661685 -10.139648 1.000000 0.000000 -1
0 -24.045645 -1.047993 -10.139648 1.000000 1.000000 -1
0 -24.045645 1.661685 -10.139648 0.000000 0.000000 -1
0 -24.045645 -1.047993 -10.139648 0.000000 1.000000 -1
0 -26.645969 1.661685 -7.539313 1.000000 0.000000 -1
0 -26.645969 -1.047993 -7.539313 1.000000 1.000000 -1
0 -26.645969 1.661685 -7.539313 0.000000 0.000000 -1
0 -26.645969 -1.047993 -7.539313 0.000000 1.000000 -1
0 -24.045650 1.661685 -4.938984 1.000000 0.000000 -1
0 -24.045650 -1.047993 -4.938984 1.000000 1.000000 -1
0 -24.045650 1.661685 -4.938984 0.000000 1.000000 -1
0 -21.445309 1.661685 -7.539299 1.000000 1.000000 -1
0 -24.045650 -1.047993 -4.938984 0.000000 0.000000 -1
0 -21.445309 -1.047993 -7.539299 1.000000 0.000000 -1
0 -25.750275 1.465270 -1.771353 0.000000 0.000000 -1
0 -24.624065 -0.726908 -2.897566 0.000000 1.000000 -1
0 -23.646557 3.626808 -3.875074 1.000000 0.000000 -1
0 -22.520353 1.434627 -5.001286 1.000000 1.000000 -1
0 -23.646557 3.626808 -3.875074 0.000000 0.000000 -1
0 -22.520353 1.434627 -5.001286 0.000000 1.000000 -1
0 -26.246891 3.626808 -6.475410 1.000000 0.000000 -1
0 -25.120701 1.434627 -7.601626 1.000000 1.000000 -1
0 -26.246891 3.626808 -6.475410 0.000000 0.000000 -1
0 -25.120701 1.434627 -7.601626 0.000000 1.000000 -1
0 -28.350601 1.465270 -4.371687 1.000000 0.000000 -1
0 -27.224380 -0.726908 -5.497900 1.000000 1.000000 -1
0 -28.350601 1.465270 -4.371687 0.000000 0.000000 -1
0 -27.224380 -0.726908 -5.497900 0.000000 1.000000 -1
0 -25.750275 1.465270 -1.771353 1.000000 0.000000 -1
0 -24.624065 -0.726908 -2.897566 1.000000 1.000000 -1
0 -25.750275 1.465270 -1.771353 0.000000 1.000000 -1
0 -23.646557 3.626808 -3.875074 1.000000 1.000000 -1
0 -24.624065 -0.726908 -2.897566 0.000000 0.000000 -1
0 -22.520353 1.434627 -5.001286 1.000000 0.000000 -1
0 -23.600073 1.454788 -10.192224 0.000000 0.000000 -1
0 -23.600073 -1.254890 -10.192224 0.000000 1.000000 -1
0 -20.702221 1.454788 -7.928163 1.000000 0.000000 -1
0 -20.702221 -1.254890 -7.928163 1.000000 1.000000 -1
0 -20.702221 1.454788 -7.928163 0.000000 0.000000 -1
0 -20.702221 -1.254890 -7.928163 0.000000 1.000000 -1
0 -18.438158 1.454788 -10.826022 1.000000 0.000000 -1
0 -18.438158 -1.254890 -10.826022 1.000000 1.000000 -1
0 -18.438158 1.454788 -10.826022 0.000000 0.000000 -1
0 -18.438158 -1.254890 -10.826022 0.000000 1.000000 -1
0 -21.336018 1.454788 -13.090069 1.000000 0.000000 -1
0 -21.336018 -1.254890 -13.090069 1.000000 1.000000 -1
0 -21.336018 1.454788 -13.090069 0.000000 0.000000 -1
0 -21.336018 -1.254890 -13.090069 0.000000 1.000000 -1
0 -23.600073 1.454788 -10.192224 1.000000 0.000000 -1
0 -23.600073 -1.254890 -10.192224 1.000000 1.000000 -1
0 -23.600073 1.454788 -10.192224 0.000000 1.000000 -1
0 -20.702221 1.454788 -7.928163 1.000000 1.000000 -1
0 -23.600073 -1.254890 -10.192224 0.000000 0.000000 -1
0 -20.702221 -1.254890 -7.928163 1.000000 0.000000 -1
0 -26.951832 1.258373 -11.498111 0.000000 0.000000 -1
0 -25.696770 -0.933804 -10.517538 0.000000 1.000000 -1
0 -24.607418 3.419912 -9.666449 1.000000 0.000000 -1
0 -23.352348 1.227730 -8.685892 1.000000 1.000000 -1
0 -24.607418 3.419912 -9.666449 0.000000 0.000000 -1
0 -23.352348 1.227730 -8.685892 0.000000 1.000000 -1
0 -22.343361 3.419912 -12.564316 1.000000 0.000000 -1
0 -21.088295 1.227730 -11.583767 1.000000 1.000000 -1
0 -22.343361 3.419912 -12.564316 0.000000 0.000000 -1
0 -21.088295 1.227730 -11.583767 0.000000 1.000000 -1
0 -24.687796 1.258373 -14.395969 1.000000 0.000000 -1
0 -23.432714 -0.933804 -13.415388 1.000000 1.000000 -1
0 -24.687796 1.258373 -14.395969 0.000000 0.000000 -1
0 -23.432714 -0.933804 -13.415388 0.000000 1.000000 -1
0 -26.951832 1.258373 -11.498111 1.000000 0.000000 -1
0 -25.696770 -0.933804 -10.517538 1.000000 1.000000 -1
0 -26.951832 1.258373 -11.498111 0.000000 1.000000 -1
0 -24.607418 3.419912 -9.666449 1.000000 1.000000 -1
0 -25.696770 -0.933804 -10.517538 0.000000 0.000000 -1
0 -23.352348 1.227730 -8.685892 1.000000 0.000000 -1
0 -10.635809 1.454788 -11.894718 0.000000 0.000000 -1
0 -10.635809 -1.254890 -11.894718 0.000000 1.000000 -1
0 -8.422665 1.454788 -14.831650 1.000000 0.000000 -1
0 -8.422665 -1.254890 -14.831650 1.000000 1.000000 -1
0 -8.422665 1.454788 -14.831650 0.000000 0.000000 -1
0 -8.422665 -1.254890 -14.831650 0.000000 1.000000 -1
0 -11.359599 1.454788 -17.044804 1.000000 0.000000 -1
0 -11.359599 -1.254890 -17.044804 1.000000 1.000000 -1
0 -11.359599 1.454788 -17.044804 0.000000 0.000000 -1
0 -11.359599 -1.254890 -17.044804 0.000000 1.000000 -1
0 -13.572733 1.454788 -14.107857 1.000000 0.000000 -1
0 -13.572733 -1.254890 -14.107857 1.000000 1.000000 -1
0 -13.572733 1.454788 -14.107857 0.000000 0.000000 -1
0 -13.572733 -1.254890 -14.107857 0.000000 1.000000 -1
0 -10.635809 1.454788 -11.894718 1.000000 0.000000 -1
0 -10.635809 -1.254890 -11.894718 1.000000 1.000000 -1
0 -10.635809 1.454788 -11.894718 0.000000 1.000000 -1
0 -8.422665 1.454788 -14.831650 1.000000 1.000000 -1
0 -10.635809 -1.254890 -11.894718 0.000000 0.000000 -1
0 -8.422665 -1.254890 -14.831650 1.000000 0.000000 -1
0 -11.882994 1.258373 -8.520678 0.000000 0.000000 -1
0 -10.924475 -0.933805 -9.792665 0.000000 1.000000 -1
0 -10.092527 3.419912 -10.896702 1.000000 0.000000 -1
0 -9.134026 1.227730 -12.168692 1.000000 1.000000 -1
0 -10.092527 3.419912 -10.896702 0.000000 0.000000 -1
0 -9.134026 1.227730 -12.168692 0.000000 1.000000 -1
0 -13.029472 3.419912 -13.109839 1.000000 0.000000 -1
0 -12.070972 1.227730 -14.381838 1.000000 1.000000 -1
0 -13.029472 3.419912 -13.109839 0.000000 0.000000 -1
0 -12.070972 1.227730 -14.381838 0.000000 1.000000 -1
0 -14.819937 1.258373 -10.733798 1.000000 0.000000 -1
0 -13.861407 -0.933805 -12.005804 1.000000 1.000000 -1
0 -14.819937 1.258373 -10.733798 0.000000 0.000000 -1
0 -13.861407 -0.933805 -12.005804 0.000000 1.000000 -1
0 -11.882994 1.258373 -8.520678 1.000000 0.000000 -1
0 -10.924475 -0.933805 -9.792665 1.000000 1.000000 -1
0 -11.882994 1.258373 -8.520678 0.000000 1.000000 -1
0 -10.092527 3.419912 -10.896702 1.000000 1.000000 -1
0 -10.924475 -0.933805 -9.792665 0.000000 0.000000 -1
0 -9.134026 1.227730 -12.168692 1.000000 0.000000 -1
0 -3.353550 1.811685 32.681480 0.000000 0.000000 -1
0 -3.353550 -0.897993 32.681480 0.000000 1.000000 -1
0 -1.140407 1.811685 29.744541 1.000000 0.000000 -1
0 -1.140407 -0.897993 29.744541 1.000000 1.000000 -1
0 -1.140407 1.811685 29.744541 0.000000 0.000000 -1
0 -1.140407 -0.897993 29.744541 0.000000 1.000000 -1
0 -4.077341 1.811685 27.531387 1.000000 0.000000 -1
0 -4.077341 -0.897993 27.531387 1.000000 1.000000 -1
0 -4.077341 1.811685 27.531387 0.000000 0.000000 -1
0 -4.077341 -0.897993 27.531387 0.000000 1.000000 -1
0 -6.290475 1.811685 30.468334 1.000000 0.000000 -1
0 -6.290475 -0.897993 30.468334 1.000000 1.000000 -1
0 -6.290475 1.811685 30.468334 0.000000 0.000000 -1
0 -6.290475 -0.897993 30.468334 0.000000 1.000000 -1
0 -3.353550 1.811685 32.681480 1.000000 0.000000 -1
0 -3.353550 -0.897993 32.681480 1.000000 1.000000 -1
0 -3.353550 1.811685 32.681480 0.000000 1.000000 -1
0 -1.140407 1.811685 29.744541 1.000000 1.000000 -1
0 -3.353550 -0.897993 32.681480 0.000000 0.000000 -1
0 -1.140407 -0.897993 29.744541 1.000000 0.000000 -1
0 -4.600736 1.615270 36.055523 0.000000 0.000000 -1
0 -3.642216 -0.576908 34.783535 0.000000 1.000000 -1
0 -2.810269 3.776810 33.679501 1.000000 0.000000 -1
0 -1.851768 1.584627 32.407509 1.000000 1.000000 -1
0 -2.810269 3.776810 33.679501 0.000000 0.000000 -1
0 -1.851768 1.584627 32.407509 0.000000 1.000000 -1
0 -5.747214 3.776810 31.466358 1.000000 0.000000 -1
0 -4.788713 1.584627 30.194355 1.000000 1.000000 -1
0 -5.747214 3.776810 31.466358 0.000000 0.000000 -1
0 -4.788713 1.584627 30.194355 0.000000 1.000000 -1
0 -7.537678 1.615270 33.842407 1.000000 0.000000 -1
0 -6.579148 -0.576908 32.570396 1.000000 1.000000 -1
0 -7.537678 1.615270 33.842407 0.000000 0.000000 -1
0 -6.579148 -0.576908 32.570396 0.000000 1.000000 -1
0 -4.600736 1.615270 36.055523 1.000000 0.000000 -1
0 -3.642216 -0.576908 34.783535 1.000000 1.000000 -1
0 -4.600736 1.615270 36.055523 0.000000 1.000000 -1
0 -2.810269 3.776810 33.679501 1.000000 1.000000 -1
0 -3.642216 -0.576908 34.783535 0.000000 0.000000 -1
0 -1.851768 1.584627 32.407509 1.000000 0.000000 -1
0 -3.080570 0.693723 -25.222778 0.000000 0.000000 -1
0 -4.394248 -1.518807 -26.072090 0.000000 1.000000 -1
0 -1.144908 0.744539 -28.349161 1.000000 0.000000 -1
0 -2.458587 -1.467994 -29.198467 1.000000 1.000000 -1
0 -1.144908 0.744539 -28.349161 0.000000 0.000000 -1
0 -2.458587 -1.467994 -29.198467 0.000000 1.000000 -1
0 -3.713612 2.866946 -29.905054 1.000000 0.000000 -1
0 -5.027291 0.654418 -30.754377 1.000000 1.000000 -1
0 -3.713612 2.866946 -29.905054 0.000000 0.000000 -1
0 -5.027291 0.654418 -30.754377 0.000000 1.000000 -1
0 -5.649264 2.816125 -26.778667 1.000000 0.000000 -1
0 -6.962941 0.603590 -27.627972 1.000000 1.000000 -1
0 -5.649264 2.816125 -26.778667 0.000000 0.000000 -1
0 -6.962941 0.603590 -27.627972 0.000000 1.000000 -1
0 -3.080570 0.693723 -25.222778 1.000000 0.000000 -1
0 -4.394248 -1.518807 -26.072090 1.000000 1.000000 -1
0 -3.080570 0.693723 -25.222778 0.000000 1.000000 -1
0 -1.144908 0.744539 -28.349161 1.000000 1.000000 -1
0 -4.394248 -1.518807 -26.072090 0.000000 0.000000 -1
0 -2.458587 -1.467994 -29.198467 1.000000 0.000000 -1
0 -4.266607 -0.111317 -21.917711 0.000000 0.000000 -1
0 -4.491056 -1.879290 -23.958855 0.000000 1.000000 -1
0 -1.652693 1.694749 -23.769487 1.000000 0.000000 -1
0 -1.877160 -0.073214 -25.810646 1.000000 1.000000 -1
0 -1.652693 1.694749 -23.769487 0.000000 0.000000 -1
0 -1.877160 -0.073214 -25.810646 0.000000 1.000000 -1
0 -4.221403 3.817159 -25.325380 1.000000 0.000000 -1
0 -4.445872 2.049200 -27.366539 1.000000 1.000000 -1
0 -4.221403 3.817159 -25.325380 0.000000 0.000000 -1
0 -4.445872 2.049200 -27.366539 0.000000 1.000000 -1
0 -6.835317 2.011081 -23.473568 1.000000 0.000000 -1
0 -7.059758 0.243113 -25.514740 1.000000 1.000000 -1
0 -6.835317 2.011081 -23.473568 0.000000 0.000000 -1
0 -7.059758 0.243113 -25.514740 0.000000 1.000000 -1
0 -4.266607 -0.111317 -21.917711 1.000000 0.000000 -1
0 -4.491056 -1.879290 -23.958855 1.000000 1.000000 -1
0 -4.266607 -0.111317 -21.917711 0.000000 1.000000 -1
0 -1.652693 1.694749 -23.769487 1.000000 1.000000 -1
0 -4.491056 -1.879290 -23.958855 0.000000 0.000000 -1
0 -1.877160 -0.073214 -25.810646 1.000000 0.000000 -1
233
-0.174620 -0.000000 0.984636
-0.089904 -0.224325 0.970359
0.000000 -0.435705 0.900089
0.799297 0.600936 0.000000
0.799297 0.600936 0.000000
0.252567 0.568790 -0.782744
0.133757 0.301226 -0.944125
0.000000 0.000000 -1.000000
-1.000000 -0.000000 0.000000
0.196106 0.980583 0.000000
0.000000 -1.000000 0.000000
-0.011090 -0.000789 0.999938
-0.008533 -0.006469 0.999943
-0.005975 -0.012148 0.999908
0.249389 0.507023 0.825065
0.506166 0.736172 0.449274
0.631511 0.774163 -0.043178
-0.997476 -0.071007 0.000000
-0.138767 0.990325 0.000000
-0.146928 0.980915 -0.127349
-0.152684 0.955444 -0.252613
0.003191 -0.999995 0.000000
0.001596 -0.999629 0.027206
0.000000 -0.998520 0.054391
0.999987 -0.004786 -0.001447
0.999997 -0.002393 -0.000724
1.000000 -0.000000 0.000000
0.000003 0.165416 -0.986224
-0.999999 -0.000243 0.001449
-0.999998 0.001796 0.000724
-0.999993 0.003835 -0.000000
-0.000004 0.548825 0.835937
-0.000004 0.548825 0.835937
-0.000004 0.548825 0.835937
0.000000 1.000000 -0.000336
0.000000 1.000000 -0.000336
0.000000 1.000000 -0.000336
-0.986701 -0.101311 -0.127113
-0.995941 0.000000 -0.090013
-0.965891 -0.201435 -0.162722
0.000861 -0.000656 0.999999
0.000861 -0.000656 0.999999
0.000861 -0.000656 0.999999
0.994562 0.102778 0.016831
0.978261 0.204183 -0.036269
0.997568 0.000000 0.069706
0.000005 0.000000 1.000000
0.897262 0.440407 -0.031042
-0.000001 0.984588 -0.174890
0.787881 -0.597869 0.147632
-0.889416 -0.442849 -0.113244
-0.000000 -0.999221 -0.039469
-0.795091 0.603337 -0.061765
-1.000000 0.000000 0.000000
0.000000 -0.390909 0.920430
-0.346004 -0.211524 0.914078
-0.639437 0.000000 0.768844
1.000000 0.000000 0.000000
-0.352246 -0.082735 -0.932243
-0.656758 -0.154259 -0.738155
-0.982283 -0.038335 -0.183441
-0.488093 -0.285486 0.824781
0.651267 -0.155276 0.742793
-0.007525 0.999960 -0.004933
-0.003763 0.999990 -0.002466
0.000000 1.000000 0.000000
-0.774918 -0.099972 0.624106
-0.518760 -0.743566 0.421898
0.007525 -0.999972 0.000000
-0.362726 0.729967 0.579291
-0.190039 0.590530 0.784322
0.000000 0.397176 0.917742
0.986617 0.163032 0.002831
0.987039 0.160472 0.001416
0.987453 0.157911 0.000000
0.172316 0.386283 -0.906142
0.085470 0.343985 -0.935077
-0.002244 0.298189 -0.954504
-0.937223 0.288867 -0.195367
-0.949569 0.250983 -0.187952
-0.960355 0.212686 -0.180228
0.335027 0.751037 0.568947
-0.062964 0.942763 0.327465
-0.444995 0.895528 0.002981
0.000000 -0.999994 0.003526
0.003763 -0.999991 0.001763
0.007525 -0.999972 0.000000
0.956306 0.000000 -0.292368
-0.292370 0.000000 -0.956305
-0.956304 0.000000 0.292373
0.292371 0.000000 0.956305
0.956304 -0.000001 -0.292373
0.956305 -0.000000 -0.292371
0.956305 0.000000 -0.292370
-0.236533 0.587782 -0.773669
-0.236535 0.587780 -0.773670
-0.236537 0.587779 -0.773671
-0.956304 0.000006 0.292374
-0.956304 0.000002 0.292374
-0.956304 -0.000002 0.292374
0.236533 -0.587784 0.773668
0.236533 -0.587783 0.773668
0.236533 -0.587783 0.773669
0.171851 0.809017 0.562101
0.171851 0.809017 0.562102
0.171851 0.809017 0.562102
-0.171851 -0.809018 -0.562101
-0.171852 -0.809017 -0.562102
-0.171853 -0.809016 -0.562102
0.707103 0.000000 0.707110
0.707109 0.000000 -0.707105
-0.707108 0.000000 -0.707105
-0.707108 0.000000 0.707105
0.707107 -0.000000 0.707106
0.707108 -0.000001 0.707106
0.707108 -0.000001 0.707105
0.572064 0.587782 -0.572063
0.572063 0.587781 -0.572064
0.572063 0.587780 -0.572065
-0.707111 0.000004 -0.707103
-0.707111 -0.000001 -0.707103
-0.707111 -0.000007 -0.707102
-0.572062 -0.587786 0.572060
-0.572063 -0.587785 0.572060
-0.572064 -0.587784 0.572060
-0.415627 0.809017 0.415626
-0.415627 0.809017 0.415626
-0.415627 0.809018 0.415626
0.415628 -0.809018 -0.415625
0.415628 -0.809017 -0.415627
0.415627 -0.809016 -0.415629
-0.615663 0.000000 0.788009
0.788010 0.000000 0.615663
0.615660 0.000000 -0.788012
-0.788009 0.000000 -0.615663
-0.615664 0.000002 0.788009
-0.615661 0.000001 0.788011
-0.615658 -0.000001 0.788014
0.637516 0.587782 0.498081
0.637518 0.587781 0.498081
0.637519 0.587780 0.498081
0.615657 0.000001 -0.788015
0.615657 -0.000002 -0.788015
0.615657 -0.000006 -0.788015
-0.637514 -0.587788 -0.498077
-0.637514 -0.587786 -0.498079
-0.637514 -0.587784 -0.498082
-0.463181 0.809018 -0.361874
-0.463181 0.809018 -0.361875
-0.463181 0.809017 -0.361876
0.463180 -0.809018 0.361877
0.463182 -0.809017 0.361877
0.463183 -0.809016 0.361876
0.798635 0.000000 0.601816
0.601818 0.000000 -0.798634
-0.798637 0.000000 -0.601812
-0.601816 0.000000 0.798635
0.798634 0.000001 0.601817
0.798636 0.000000 0.601814
0.798638 -0.000001 0.601811
0.486879 0.587781 -0.646113
0.486879 0.587782 -0.646112
0.486879 0.587783 -0.646111
-0.798639 0.000003 -0.601811
-0.798639 -0.000001 -0.601811
-0.798639 -0.000005 -0.601811
-0.486873 -0.587789 0.646110
-0.486876 -0.587787 0.646110
-0.486879 -0.587784 0.646110
-0.353734 0.809019 0.469426
-0.353735 0.809018 0.469426
-0.353737 0.809017 0.469426
0.353738 -0.809017 -0.469426
0.353738 -0.809017 -0.469426
0.353738 -0.809017 -0.469427
0.798635 0.000000 0.601815
0.601818 0.000000 -0.798634
-0.798637 0.000000 -0.601813
-0.601817 0.000000 0.798634
0.798634 0.000001 0.601817
0.798636 0.000000 0.601814
0.798639 -0.000001 0.601811
0.486880 0.587782 -0.646112
0.486880 0.587783 -0.646111
0.486880 0.587784 -0.646110
-0.798640 0.000003 -0.601810
-0.798640 -0.000001 -0.601810
-0.798640 -0.000005 -0.601809
-0.486872 -0.587790 0.646110
-0.486876 -0.587787 0.646110
-0.486879 -0.587784 0.646110
-0.353733 0.809019 0.469426
-0.353735 0.809018 0.469426
-0.353737 0.809017 0.469426
0.353738 -0.809017 -0.469426
0.353738 -0.809017 -0.469426
0.353738 -0.809017 -0.469425
0.698502 -0.577141 0.423088
0.698502 -0.577140 0.423089
0.698502 -0.577139 0.423090
0.526361 0.013816 -0.850149
0.526363 0.013817 -0.850148
0.526366 0.013818 -0.850146
-0.698502 0.577143 -0.423085
-0.698505 0.577141 -0.423084
-0.698507 0.577139 -0.423083
-0.526361 -0.013815 0.850149
-0.526361 -0.013817 0.850149
-0.526361 -0.013818 0.850149
0.484810 0.816528 0.313436
0.484810 0.816528 0.313436
0.484810 0.816528 0.313436
-0.484810 -0.816528 -0.313436
-0.484810 -0.816528 -0.313435
-0.484810 -0.816528 -0.313435
0.698501 -0.577140 0.423091
0.698503 -0.577141 0.423086
0.698505 -0.577142 0.423081
0.710798 0.491120 -0.503554
0.710798 0.491120 -0.503554
0.710798 0.491121 -0.503554
-0.698505 0.577144 -0.423080
-0.698507 0.577140 -0.423081
-0.698509 0.577136 -0.423083
-0.710794 -0.491130 0.503550
-0.710796 -0.491125 0.503552
-0.710798 -0.491121 0.503554
0.082839 0.652463 0.753280
0.082835 0.652463 0.753280
0.082832 0.652463 0.753280
-0.082833 -0.652464 -0.753279
-0.082833 -0.652463 -0.753280
-0.082833 -0.652463 -0.753280
217
0 0 1 2 0 1 1 1
0 1 3 2 1 2 1 1
0 4 5 6 3 3 3 2
0 5 7 6 3 4 3 2
0 8 9 10 5 6 6 1
0 9 11 10 6 7 6 1
0 12 13 14 8 8 8 2
0 13 15 14 8 8 8 2
0 12 16 6 9 9 9 3
0 16 17 6 9 9 9 3
0 18 13 19 10 10 10 3
0 13 7 19 10 10 10 3
0 20 21 22 11 12 12 1
0 21 23 22 12 13 12 1
0 24 25 26 14 15 15 2
0 25 27 26 15 16 15 2
0 28 29 30 7 7 7 1
0 29 31 30 7 7 7 1
0 32 33 34 17 17 17 2
0 33 35 34 17 17 17 2
0 32 36 26 18 19 19 3
0 36 37 26 19 20 19 3
0 38 33 39 21 22 22 3
0 33 27 39 22 23 22 3
0 40 41 42 24 25 25 1
0 41 43 42 25 26 25 1
0 44 45 46 27 27 27 2
0 45 47 46 27 27 27 2
0 48 49 50 28 29 29 1
0 49 51 50 29 30 29 1
0 52 53 54 31 32 32 2
0 53 55 54 32 33 32 2
0 52 56 46 34 35 35 3
0 56 57 46 35 36 35 3
0 58 53 59 10 10 10 3
0 53 47 59 10 10 10 3
0 60 61 62 37 37 38 1
0 60 63 61 37 39 37 1
0 64 65 66 40 40 41 2
0 64 67 65 40 42 40 2
0 68 69 70 43 43 44 1
0 68 71 69 43 45 43 1
0 72 73 74 46 46 46 2
0 72 75 73 46 46 46 2
0 64 76 74 47 47 48 3
0 64 77 76 47 49 47 3
0 78 73 79 50 50 51 3
0 78 67 73 50 52 50 3
0 80 81 82 53 53 53 1
0 83 84 85 54 55 55 1
0 84 86 85 55 56 55 1
0 87 88 89 57 57 57 2
0 88 90 89 57 57 57 2
0 91 92 93 7 58 58 1
0 92 94 93 58 59 58 1
0 95 96 97 60 61 61 2
0 96 98 97 61 62 61 2
0 95 99 89 63 64 64 3
0 99 100 89 64 65 64 3
0 101 96 102 66 67 67 3
0 96 90 102 67 68 67 3
0 103 99 104 69 70 70 1
0 99 100 104 70 71 70 1
0 105 106 107 72 73 73 2
0 106 108 107 73 74 73 2
0 109 110 111 75 76 76 1
0 110 112 111 76 77 76 1
0 113 114 115 78 79 79 2
0 114 116 115 79 80 79 2
0 113 117 107 81 82 82 3
0 117 118 107 82 83 82 3
0 83 114 85 84 85 85 3
0 114 108 85 85 86 85 3
0 119 120 121 87 87 87 1
0 120 122 121 87 87 87 1
0 123 124 125 88 88 88 2
0 124 126 125 88 88 88 2
0 127 128 129 89 89 89 1
0 128 130 129 89 89 89 1
0 131 132 133 90 90 90 2
0 132 134 133 90 90 90 2
0 131 135 125 65 65 65 3
0 135 136 125 65 65 65 3
0 137 132 138 10 10 10 3
0 132 126 138 10 10 10 3
0 139 140 141 91 92 92 1
0 140 142 141 92 93 92 1
0 143 144 145 94 95 95 2
0 144 146 145 95 96 95 2
0 147 148 149 97 98 98 1
0 148 150 149 98 99 98 1
0 151 152 153 100 101 101 2
0 152 154 153 101 102 101 2
0 151 155 145 103 104 104 3
0 155 156 145 104 105 104 3
0 157 152 158 106 107 107 3
0 152 146 158 107 108 107 3
0 159 160 161 109 109 109 1
0 160 162 161 109 109 109 1
0 163 164 165 110 110 110 2
0 164 166 165 110 110 110 2
0 167 168 169 111 111 111 1
0 168 170 169 111 111 111 1
0 171 172 173 112 112 112 2
0 172 174 173 112 112 112 2
0 171 175 165 65 65 65 3
0 175 176 165 65 65 65 3
0 177 172 178 10 10 10 3
0 172 166 178 10 10 10 3
0 179 180 181 113 114 114 1
0 180 182 181 114 115 114 1
0 183 184 185 116 117 117 2
0 184 186 185 117 118 117 2
0 187 188 189 119 120 120 1
0 188 190 189 120 121 120 1
0 191 192 193 122 123 123 2
0 192 194 193 123 124 123 2
0 191 195 185 125 126 126 3
0 195 196 185 126 127 126 3
0 197 192 198 128 129 129 3
0 192 186 198 129 130 129 3
0 199 200 201 131 131 131 1
0 200 202 201 131 131 131 1
0 203 204 205 132 132 132 2
0 204 206 205 132 132 132 2
0 207 208 209 133 133 133 1
0 208 210 209 133 133 133 1
0 211 212 213 134 134 134 2
0 212 214 213 134 134 134 2
0 211 215 205 65 65 65 3
0 215 216 205 65 65 65 3
0 217 212 218 10 10 10 3
0 212 206 218 10 10 10 3
0 219 220 221 135 136 136 1
0 220 222 221 136 137 136 1
0 223 224 225 138 139 139 2
0 224 226 225 139 140 139 2
0 227 228 229 141 142 142 1
0 228 230 229 142 143 142 1
0 231 232 233 144 145 145 2
0 232 234 233 145 146 145 2
0 231 235 225 147 148 148 3
0 235 236 225 148 149 148 3
0 237 232 238 150 151 151 3
0 232 226 238 151 152 151 3
0 239 240 241 153 153 153 1
0 240 242 241 153 153 153 1
0 243 244 245 154 154 154 2
0 244 246 245 154 154 154 2
0 247 248 249 155 155 155 1
0 248 250 249 155 155 155 1
0 251 252 253 156 156 156 2
0 252 254 253 156 156 156 2
0 251 255 245 65 65 65 3
0 255 256 245 65 65 65 3
0 257 252 258 10 10 10 3
0 252 246 258 10 10 10 3
0 259 260 261 157 158 158 1
0 260 262 261 158 159 158 1
0 263 264 265 160 161 161 2
0 264 266 265 161 162 161 2
0 267 268 269 163 164 164 1
0 268 270 269 164 165 164 1
0 271 272 273 166 167 167 2
0 272 274 273 167 168 167 2
0 271 275 265 169 170 170 3
0 275 276 265 170 171 170 3
0 277 272 278 172 173 173 3
0 272 266 278 173 174 173 3
0 279 280 281 175 175 175 1
0 280 282 281 175 175 175 1
0 283 284 285 176 176 176 2
0 284 286 285 176 176 176 2
0 287 288 289 177 177 177 1
0 288 290 289 177 177 177 1
0 291 292 293 178 178 178 2
0 292 294 293 178 178 178 2
0 291 295 285 65 65 65 3
0 295 296 285 65 65 65 3
0 297 292 298 10 10 10 3
0 292 286 298 10 10 10 3
0 299 300 301 179 180 180 1
0 300 302 301 180 181 180 1
0 303 304 305 182 183 183 2
0 304 306 305 183 184 183 2
0 307 308 309 185 186 186 1
0 308 310 309 186 187 186 1
0 311 312 313 188 189 189 2
0 312 314 313 189 190 189 2
0 311 315 305 191 192 192 3
0 315 316 305 192 193 192 3
0 317 312 318 194 195 195 3
0 312 306 318 195 196 195 3
0 319 320 321 197 198 198 1
0 320 322 321 198 199 198 1
0 323 324 325 200 201 201 2
0 324 326 325 201 202 201 2
0 327 328 329 203 204 204 1
0 328 330 329 204 205 204 1
0 331 332 333 206 207 207 2
0 332 334 333 207 208 207 2
0 331 335 325 209 210 210 3
0 335 336 325 210 211 210 3
0 337 332 338 212 213 213 3
0 332 326 338 213 214 213 3
0 339 340 341 215 216 216 1
0 340 342 341 216 217 216 1
0 343 344 345 218 219 219 2
0 344 346 345 219 220 219 2
0 347 348 349 221 222 222 1
0 348 350 349 222 223 222 1
0 351 352 353 224 225 225 2
0 352 354 353 225 226 225 2
0 351 355 345 227 228 228 3
0 355 356 345 228 229 228 3
0 357 352 358 230 231 231 3
0 352 346 358 231 232 231 3
"deadman" 0 4
211
0 2.169565 0.194341 -9.857811 0.000000 0.000000 -1
0 2.859927 0.187385 -10.256330 0.083333 0.166667 -1
0 2.966727 0.194342 -9.857809 0.000000 0.166667 -1
0 2.169565 0.194341 -9.857811 0.083333 0.000000 -1
0 2.568146 0.182293 -10.548067 0.166667 0.166667 -1
0 2.169565 0.194341 -9.857811 0.166667 0.000000 -1
0 2.169565 0.180429 -10.654852 0.250000 0.166667 -1
0 2.169565 0.194341 -9.857811 0.250000 0.000000 -1
0 1.770984 0.182293 -10.548067 0.333333 0.166667 -1
0 2.169565 0.194341 -9.857811 0.333333 0.000000 -1
0 1.479203 0.187385 -10.256330 0.416667 0.166667 -1
0 2.169565 0.194341 -9.857811 0.416667 0.000000 -1
0 1.372404 0.194342 -9.857809 0.500000 0.166667 -1
0 2.169565 0.194341 -9.857811 0.500000 0.000000 -1
0 1.479203 0.201298 -9.459290 0.583333 0.166667 -1
0 2.169565 0.194341 -9.857811 0.583333 0.000000 -1
0 1.770984 0.206390 -9.167551 0.666667 0.166667 -1
0 2.169565 0.194341 -9.857811 0.666667 0.000000 -1
0 2.169565 0.208254 -9.060770 0.750000 0.166667 -1
0 2.169565 0.194341 -9.857811 0.750000 0.000000 -1
0 2.568146 0.206390 -9.167551 0.833333 0.166667 -1
0 2.169565 0.194341 -9.857811 0.833333 0.000000 -1
0 2.859927 0.201298 -9.459290 0.916667 0.166667 -1
0 2.169565 0.194341 -9.857811 0.916667 0.000000 -1
0 2.966727 0.194342 -9.857809 1.000000 0.166667 -1
0 3.763888 0.194342 -9.857809 0.000000 0.500000 -1
0 3.550291 0.194341 -9.857812 0.000000 0.333333 -1
0 3.365308 0.182293 -10.548068 0.083333 0.333333 -1
0 3.550291 0.180429 -10.654848 0.083333 0.500000 -1
0 2.966727 0.170244 -11.238323 0.166667 0.500000 -1
0 2.859927 0.173473 -11.053371 0.166667 0.333333 -1
0 2.169565 0.170244 -11.238329 0.250000 0.333333 -1
0 2.169565 0.166517 -11.451891 0.250000 0.500000 -1
0 1.372404 0.170244 -11.238323 0.333333 0.500000 -1
0 1.479203 0.173473 -11.053371 0.333333 0.333333 -1
0 0.973823 0.182293 -10.548068 0.416667 0.333333 -1
0 0.788841 0.180429 -10.654848 0.416667 0.500000 -1
0 0.575243 0.194342 -9.857809 0.500000 0.500000 -1
0 0.788841 0.194341 -9.857812 0.500000 0.333333 -1
0 0.973823 0.206390 -9.167551 0.583333 0.333333 -1
0 0.788841 0.208254 -9.060766 0.583333 0.500000 -1
0 1.372404 0.218438 -8.477294 0.666667 0.500000 -1
0 1.479203 0.215210 -8.662248 0.666667 0.333333 -1
0 2.169565 0.218438 -8.477297 0.750000 0.333333 -1
0 2.169565 0.222166 -8.263727 0.750000 0.500000 -1
0 2.966727 0.218438 -8.477294 0.833333 0.500000 -1
0 2.859927 0.215210 -8.662248 0.833333 0.333333 -1
0 3.365308 0.206390 -9.167551 0.916667 0.333333 -1
0 3.550291 0.208254 -9.060766 0.916667 0.500000 -1
0 3.763888 0.194342 -9.857809 1.000000 0.500000 -1
0 3.550291 0.194341 -9.857812 1.000000 0.333333 -1
0 4.869387 0.063963 -9.059269 1.000000 0.000000 -1
0 6.824064 0.070347 -3.818603 0.000000 1.000000 -1
0 2.691003 0.392669 -7.234889 0.000000 0.000000 -1
0 8.153388 -0.243064 -4.832523 1.000000 1.000000 -1
0 4.870435 0.051726 -9.105322 1.000000 0.000000 -1
0 8.153388 -0.243064 -4.832523 0.000000 1.000000 -1
0 4.869387 0.063963 -9.059269 0.000000 0.000000 -1
0 8.155922 -0.255301 -4.836277 1.000000 1.000000 -1
0 2.616235 0.179328 -7.279468 1.000000 0.000000 -1
0 8.155922 -0.255301 -4.836277 0.000000 1.000000 -1
0 4.870435 0.051726 -9.105322 0.000000 0.000000 -1
0 6.785767 0.058111 -3.778578 1.000000 1.000000 -1
0 2.691003 0.392669 -7.234889 1.000000 0.000000 -1
0 6.785767 0.058111 -3.778578 0.000000 1.000000 -1
0 2.616235 0.179328 -7.279468 0.000000 0.000000 -1
0 6.824064 0.070347 -3.818603 1.000000 1.000000 -1
0 2.691003 0.392669 -7.234889 0.000000 1.000000 -1
0 4.869387 0.063963 -9.059269 1.000000 1.000000 -1
0 8.153388 -0.243064 -4.832523 1.000000 0.000000 -1
0 6.824064 0.070347 -3.818603 0.000000 0.000000 -1
0 4.318529 0.217532 -8.180277 0.000000 0.000000 -1
0 3.594443 0.217531 -7.489174 0.000000 1.000000 -1
0 4.322517 0.218685 -8.178310 1.000000 0.000000 -1
0 3.577839 0.218686 -7.507795 1.000000 1.000000 -1
0 4.322517 0.218685 -8.178310 0.000000 0.000000 -1
0 3.577839 0.218686 -7.507795 0.000000 1.000000 -1
0 3.753121 0.216830 -8.810692 1.000000 0.000000 -1
0 3.008441 0.216829 -8.140180 1.000000 1.000000 -1
0 3.753121 0.216830 -8.810692 0.000000 0.000000 -1
0 3.008441 0.216829 -8.140180 0.000000 1.000000 -1
0 3.399045 0.215677 -9.203930 1.000000 0.000000 -1
0 2.654366 0.215677 -8.533417 1.000000 1.000000 -1
0 3.399045 0.215677 -9.203930 0.000000 0.000000 -1
0 2.654366 0.215677 -8.533417 0.000000 1.000000 -1
0 4.318529 0.217532 -8.180277 1.000000 0.000000 -1
0 3.594443 0.217531 -7.489174 1.000000 1.000000 -1
0 4.318529 0.217532 -8.180277 0.000000 1.000000 -1
0 4.322517 0.218685 -8.178310 1.000000 1.000000 -1
0 3.594443 0.217531 -7.489174 0.000000 0.000000 -1
0 3.577839 0.218686 -7.507795 1.000000 0.000000 -1
0 8.841576 0.217532 -10.245890 0.000000 0.000000 -1
0 5.692330 0.217531 -7.912017 0.000000 1.000000 -1
0 8.845529 0.218685 -10.243855 1.000000 0.000000 -1
0 5.675726 0.218686 -7.930638 1.000000 1.000000 -1
0 8.845529 0.218685 -10.243855 0.000000 0.000000 -1
0 5.675726 0.218686 -7.930638 0.000000 1.000000 -1
0 8.435142 0.216830 -10.607944 1.000000 0.000000 -1
0 5.106329 0.216829 -8.563023 1.000000 1.000000 -1
0 8.435142 0.216830 -10.607944 0.000000 0.000000 -1
0 5.106329 0.216829 -8.563023 0.000000 1.000000 -1
0 8.087982 0.215677 -11.007305 1.000000 0.000000 -1
0 4.797254 0.215677 -9.091261 1.000000 1.000000 -1
0 8.087982 0.215677 -11.007305 0.000000 0.000000 -1
0 4.797254 0.215677 -9.091261 0.000000 1.000000 -1
0 8.841576 0.217532 -10.245890 1.000000 0.000000 -1
0 5.692330 0.217531 -7.912017 1.000000 1.000000 -1
0 8.841576 0.217532 -10.245890 0.000000 1.000000 -1
0 8.845529 0.218685 -10.243855 1.000000 1.000000 -1
0 5.692330 0.217531 -7.912017 0.000000 0.000000 -1
0 5.675726 0.218686 -7.930638 1.000000 0.000000 -1
0 2.690223 0.217532 -4.615482 0.000000 0.000000 -1
0 2.716539 0.217531 -7.361452 0.000000 1.000000 -1
0 2.685833 0.218685 -4.616199 1.000000 0.000000 -1
0 2.737861 0.218686 -7.348496 1.000000 1.000000 -1
0 2.685833 0.218685 -4.616199 0.000000 0.000000 -1
0 2.737861 0.218686 -7.348496 0.000000 1.000000 -1
0 3.415245 0.216830 -4.177926 1.000000 0.000000 -1
0 3.467272 0.216829 -6.910222 1.000000 1.000000 -1
0 3.415245 0.216830 -4.177926 0.000000 0.000000 -1
0 3.467272 0.216829 -6.910222 0.000000 1.000000 -1
0 3.868820 0.215677 -3.905390 1.000000 0.000000 -1
0 3.920850 0.215677 -6.637685 1.000000 1.000000 -1
0 3.868820 0.215677 -3.905390 0.000000 0.000000 -1
0 3.920850 0.215677 -6.637685 0.000000 1.000000 -1
0 2.690223 0.217532 -4.615482 1.000000 0.000000 -1
0 2.716539 0.217531 -7.361452 1.000000 1.000000 -1
0 2.690223 0.217532 -4.615482 0.000000 1.000000 -1
0 2.685833 0.218685 -4.616199 1.000000 1.000000 -1
0 2.716539 0.217531 -7.361452 0.000000 0.000000 -1
0 2.737861 0.218686 -7.348496 1.000000 0.000000 -1
0 3.855475 0.217532 -3.892523 0.000000 0.000000 -1
0 0.220551 0.217531 -4.753325 0.000000 1.000000 -1
0 3.853719 0.218685 -3.888437 1.000000 0.000000 -1
0 0.238278 0.218686 -4.770878 1.000000 1.000000 -1
0 3.853719 0.218685 -3.888437 0.000000 0.000000 -1
0 0.238278 0.218686 -4.770878 0.000000 1.000000 -1
0 2.770306 0.216830 -4.758797 1.000000 0.000000 -1
0 0.131754 0.216829 -5.470284 1.000000 1.000000 -1
0 2.770306 0.216830 -4.758797 0.000000 0.000000 -1
0 0.131754 0.216829 -5.470284 0.000000 1.000000 -1
0 3.144478 0.215677 -5.132972 1.000000 0.000000 -1
0 0.505927 0.215677 -5.844455 1.000000 1.000000 -1
0 3.144478 0.215677 -5.132972 0.000000 0.000000 -1
0 0.505927 0.215677 -5.844455 0.000000 1.000000 -1
0 3.855475 0.217532 -3.892523 1.000000 0.000000 -1
0 0.220551 0.217531 -4.753325 1.000000 1.000000 -1
0 3.855475 0.217532 -3.892523 0.000000 1.000000 -1
0 3.853719 0.218685 -3.888437 1.000000 1.000000 -1
0 0.220551 0.217531 -4.753325 0.000000 0.000000 -1
0 0.238278 0.218686 -4.770878 1.000000 0.000000 -1
0 6.891934 0.217532 -0.923082 0.000000 0.000000 -1
0 6.512151 0.217531 -3.961419 0.000000 1.000000 -1
0 6.890465 0.218685 -0.918887 1.000000 0.000000 -1
0 6.533372 0.218686 -3.974538 1.000000 1.000000 -1
0 6.890465 0.218685 -0.918887 0.000000 0.000000 -1
0 6.533372 0.218686 -3.974538 0.000000 1.000000 -1
0 7.448743 0.216830 -1.561106 1.000000 0.000000 -1
0 7.255025 0.216829 -4.425475 1.000000 1.000000 -1
0 7.448743 0.216830 -1.561106 0.000000 0.000000 -1
0 7.255025 0.216829 -4.425475 0.000000 1.000000 -1
0 7.934756 0.215677 -1.571668 1.000000 0.000000 -1
0 7.703777 0.215677 -4.705886 1.000000 1.000000 -1
0 7.934756 0.215677 -1.571668 0.000000 0.000000 -1
0 7.703777 0.215677 -4.705886 0.000000 1.000000 -1
0 6.891934 0.217532 -0.923082 1.000000 0.000000 -1
0 6.512151 0.217531 -3.961419 1.000000 1.000000 -1
0 6.891934 0.217532 -0.923082 0.000000 1.000000 -1
0 6.890465 0.218685 -0.918887 1.000000 1.000000 -1
0 6.512151 0.217531 -3.961419 0.000000 0.000000 -1
0 6.533372 0.218686 -3.974538 1.000000 0.000000 -1
0 6.775873 0.217532 -2.028939 0.000000 0.000000 -1
0 10.452890 0.217531 -0.634894 0.000000 1.000000 -1
0 6.773273 0.218685 -2.032548 1.000000 0.000000 -1
0 10.451468 0.218686 -0.609984 1.000000 1.000000 -1
0 6.773273 0.218685 -2.032548 0.000000 0.000000 -1
0 10.451468 0.218686 -0.609984 0.000000 1.000000 -1
0 6.756968 0.216830 -1.401271 1.000000 0.000000 -1
0 10.406926 0.216829 0.239803 1.000000 1.000000 -1
0 6.756968 0.216830 -1.401271 0.000000 0.000000 -1
0 10.406926 0.216829 0.239803 0.000000 1.000000 -1
0 6.884984 0.215677 -0.887830 1.000000 0.000000 -1
0 10.379228 0.215677 0.768236 1.000000 1.000000 -1
0 6.884984 0.215677 -0.887830 0.000000 0.000000 -1
0 10.379228 0.215677 0.768236 0.000000 1.000000 -1
0 6.775873 0.217532 -2.028939 1.000000 0.000000 -1
0 10.452890 0.217531 -0.634894 1.000000 1.000000 -1
0 6.775873 0.217532 -2.028939 0.000000 1.000000 -1
0 6.773273 0.218685 -2.032548 1.000000 1.000000 -1
0 10.452890 0.217531 -0.634894 0.000000 0.000000 -1
0 10.451468 0.218686 -0.609984 1.000000 0.000000 -1
0 13.127060 0.217532 -3.012162 0.000000 0.000000 -1
0 7.853918 0.217531 -3.749815 0.000000 1.000000 -1
0 13.126577 0.218685 -3.007740 1.000000 0.000000 -1
0 7.852299 0.218686 -3.774711 1.000000 1.000000 -1
0 13.126577 0.218685 -3.007740 0.000000 0.000000 -1
0 7.852299 0.218686 -3.774711 0.000000 1.000000 -1
0 13.526083 0.216830 -3.759084 1.000000 0.000000 -1
0 7.792943 0.216829 -4.623594 1.000000 1.000000 -1
0 13.526083 0.216830 -3.759084 0.000000 0.000000 -1
0 7.792943 0.216829 -4.623594 0.000000 1.000000 -1
0 13.774502 0.215677 -4.226302 1.000000 0.000000 -1
0 7.756029 0.215677 -5.151462 1.000000 1.000000 -1
0 13.774502 0.215677 -4.226302 0.000000 0.000000 -1
0 7.756029 0.215677 -5.151462 0.000000 1.000000 -1
0 13.127060 0.217532 -3.012162 1.000000 0.000000 -1
0 7.853918 0.217531 -3.749815 1.000000 1.000000 -1
0 13.127060 0.217532 -3.012162 0.000000 1.000000 -1
0 13.126577 0.218685 -3.007740 1.000000 1.000000 -1
0 7.853918 0.217531 -3.749815 0.000000 0.000000 -1
0 7.852299 0.218686 -3.774711 1.000000 0.000000 -1
195
0.000000 -0.999848 0.017452
0.000000 -0.999848 0.017452
0.000000 -0.999848 0.017452
0.000000 -0.999848 0.017452
0.000000 -0.999848 0.017453
0.000000 -0.999848 0.017452
-0.000000 -0.999848 0.017453
-0.000000 -0.999848 0.017452
-0.000000 -0.999848 0.017453
-0.000000 -0.999848 0.017452
-0.000000 -0.999848 0.017452
-0.000000 -0.999848 0.017452
-0.000000 -0.999848 0.017452
-0.000000 -0.999848 0.017452
-0.000000 -0.999848 0.017452
0.000000 -0.999848 0.017452
0.000000 -0.999848 0.017452
0.000000 -0.999848 0.017452
0.000000 -0.999848 0.017452
-0.000000 -0.999848 0.017452
-0.000000 -0.999848 0.017452
-0.000000 -0.999848 0.017452
0.000000 -0.999848 0.017452
0.000000 -0.999848 0.017452
0.000000 -0.999848 0.017452
-0.000000 -0.999848 0.017453
0.000000 -0.999848 0.017452
-0.000000 -0.999848 0.017453
-0.000001 -0.999848 0.017453
0.000000 -0.999848 0.017452
0.000000 -0.999848 0.017452
-0.000000 -0.999848 0.017452
-0.000000 -0.999848 0.017452
-0.000000 -0.999848 0.017452
-0.000000 -0.999848 0.017452
0.000000 -0.999848 0.017453
0.000001 -0.999848 0.017453
0.000000 -0.999848 0.017452
-0.000000 -0.999848 0.017452
-0.000000 -0.999848 0.017452
-0.000000 -0.999848 0.017452
-0.000000 -0.999848 0.017452
-0.000000 -0.999848 0.017452
0.000000 -0.999848 0.017452
0.000000 -0.999848 0.017451
0.000000 -0.999848 0.017452
0.000000 -0.999848 0.017452
0.000000 -0.999848 0.017452
0.000000 -0.999848 0.017452
0.000000 -0.999848 0.017452
0.000000 -0.999848 0.017452
-0.146485 -0.987636 0.055840
-0.113356 -0.992602 0.043489
-0.179428 -0.981410 0.068119
-0.615442 -0.662389 0.427168
-0.379263 -0.896360 0.229560
-0.759568 -0.329343 0.560883
0.101054 0.993501 -0.052391
0.070567 0.997355 0.017421
0.130953 0.983866 -0.121898
0.459374 -0.648480 -0.607000
0.640583 -0.064615 -0.765166
0.094990 -0.973763 -0.206793
0.364447 -0.743846 0.560243
0.576017 -0.355666 0.736007
0.070388 -0.963665 0.257674
-0.622458 -0.120178 -0.773372
-0.618322 -0.356253 -0.700544
-0.588591 0.123233 -0.798983
-0.183769 0.963928 -0.192539
-0.683052 -0.111350 -0.721832
-0.030943 -0.998930 -0.034364
0.001458 -0.999998 0.001620
0.001459 -0.999998 0.001621
0.001461 -0.999998 0.001621
0.001459 -0.999998 0.001619
0.001458 -0.999998 0.001618
0.001457 -0.999998 0.001618
-0.000902 0.999999 -0.001002
-0.000907 0.999999 -0.000978
-0.000912 0.999999 -0.000954
-0.423864 0.822505 0.379241
-0.424414 0.821995 0.379734
-0.424963 0.821483 0.380227
0.739626 -0.099175 -0.665671
0.328150 -0.898091 -0.292832
-0.393949 -0.846885 0.357197
-0.165373 0.960654 -0.223148
-0.590465 -0.117215 -0.798506
-0.027390 -0.998920 -0.037532
0.002040 -0.999994 0.002795
0.001601 -0.999996 0.002343
0.001161 -0.999998 0.001890
0.001156 -0.999998 0.001882
0.001052 -0.999998 0.001754
0.000947 -0.999998 0.001627
-0.000900 0.999998 -0.001545
-0.000823 0.999999 -0.001276
-0.000746 0.999999 -0.001006
-0.003747 -0.999974 0.006144
-0.612914 -0.387170 0.688793
-0.478847 0.695126 0.536195
0.410568 0.856433 -0.312978
0.211874 0.963631 -0.162865
-0.002394 0.999997 -0.000780
0.253676 0.967286 0.002431
0.994791 -0.101321 0.011169
0.053467 -0.998569 0.001018
-0.002514 -0.999997 -0.000048
-0.002515 -0.999997 -0.000048
-0.002517 -0.999997 -0.000048
-0.002513 -0.999997 -0.000048
-0.002512 -0.999997 -0.000048
-0.002511 -0.999997 -0.000048
0.001556 0.999999 0.000030
0.001543 0.999999 0.000022
0.001531 0.999999 0.000014
0.295474 0.821146 -0.488277
0.295485 0.821131 -0.488296
0.295496 0.821116 -0.488314
-0.512555 -0.101749 0.852604
0.021044 -0.999008 -0.039252
0.514971 -0.012929 -0.857110
0.058657 0.967061 -0.247695
0.230420 -0.101374 -0.967797
0.012864 -0.998527 -0.052707
-0.000747 -0.999995 0.003062
-0.000747 -0.999995 0.002915
-0.000746 -0.999996 0.002768
-0.000654 -0.999997 0.002427
-0.000654 -0.999997 0.002426
-0.000654 -0.999997 0.002425
0.000477 0.999998 -0.001768
0.000428 0.999999 -0.001684
0.000379 0.999999 -0.001600
-0.001008 -0.999997 0.002073
-0.081954 -0.991251 0.103465
-0.161513 -0.965744 0.203108
0.089793 -0.995642 0.025176
0.969268 0.046807 0.241513
0.000368 0.999996 -0.002711
0.499766 0.863905 -0.062470
0.964306 -0.236133 -0.119814
0.050689 -0.998697 -0.005924
-0.002929 -0.999996 0.000342
-0.002699 -0.999996 0.000255
-0.002468 -0.999997 0.000167
-0.002369 -0.999997 0.000161
-0.002412 -0.999997 0.000171
-0.002454 -0.999997 0.000181
0.001701 0.999999 -0.000125
0.001572 0.999999 -0.000153
0.001443 0.999999 -0.000181
-0.002394 -0.999997 -0.000989
-0.719300 -0.298269 -0.627410
-0.430064 0.820671 -0.376223
0.527166 -0.098366 0.844050
0.109541 -0.977673 0.179324
-0.460286 -0.498551 -0.734563
-0.150794 0.905020 0.397744
-0.348381 -0.194145 0.917027
-0.017523 -0.998819 0.045308
0.001125 -0.999995 -0.002909
0.001042 -0.999996 -0.002522
0.000959 -0.999997 -0.002134
0.001137 -0.999996 -0.002529
0.001073 -0.999997 -0.002328
0.001008 -0.999997 -0.002127
-0.000807 0.999998 0.001702
-0.000649 0.999999 0.001499
-0.000491 0.999999 0.001295
0.004035 0.999991 0.001239
0.201260 0.979512 0.007157
0.390564 0.920487 0.012793
-0.994047 -0.095567 -0.052313
-0.097484 0.995233 -0.002935
0.993669 0.099427 0.052301
0.034785 0.967966 -0.248660
0.138646 -0.103071 -0.984964
0.006802 -0.998882 -0.046779
-0.000333 -0.999997 0.002292
-0.000333 -0.999997 0.002251
-0.000333 -0.999997 0.002210
-0.000344 -0.999997 0.002285
-0.000342 -0.999997 0.002245
-0.000339 -0.999997 0.002206
0.000217 0.999999 -0.001412
0.000202 0.999999 -0.001374
0.000187 0.999999 -0.001336
-0.499077 0.824271 -0.267393
-0.500711 0.822996 -0.268265
-0.502343 0.821716 -0.269135
0.992564 -0.100153 -0.069187
0.462735 -0.885974 -0.030421
-0.483433 -0.874653 0.035716
156
0 0 1 2 0 1 2 1
0 3 4 1 3 4 1 1
0 5 6 4 5 6 4 1
0 7 8 6 7 8 6 1
0 9 10 8 9 10 8 1
0 11 12 10 11 12 10 1
0 13 14 12 13 14 12 1
0 15 16 14 15 16 14 1
0 17 18 16 17 18 16 1
0 19 20 18 19 20 18 1
0 21 22 20 21 22 20 1
0 23 24 22 23 24 22 1
0 25 26 27 25 26 27 1
0 25 27 28 25 27 28 1
0 28 27 29 28 27 29 1
0 27 30 29 27 30 29 1
0 29 30 31 29 30 31 1
0 29 31 32 29 31 32 1
0 32 31 33 32 31 33 1
0 31 34 33 31 34 33 1
0 33 34 35 33 34 35 1
0 33 35 36 33 35 36 1
0 36 35 37 36 35 37 1
0 35 38 37 35 38 37 1
0 37 38 39 37 38 39 1
0 37 39 40 37 39 40 1
0 40 39 41 40 39 41 1
0 39 42 41 39 42 41 1
0 41 42 43 41 42 43 1
0 41 43 44 41 43 44 1
0 44 43 45 44 43 45 1
0 43 46 45 43 46 45 1
0 45 46 47 45 46 47 1
0 45 47 48 45 47 48 1
0 48 47 49 48 47 49 1
0 47 50 49 47 50 49 1
0 26 2 27 26 2 27 1
0 2 1 27 2 1 27 1
0 27 1 4 27 1 4 1
0 27 4 30 27 4 30 1
0 30 4 31 30 4 31 1
0 4 6 31 4 6 31 1
0 31 6 8 31 6 8 1
0 31 8 34 31 8 34 1
0 34 8 35 34 8 35 1
0 8 10 35 8 10 35 1
0 35 10 12 35 10 12 1
0 35 12 38 35 12 38 1
0 38 12 39 38 12 39 1
0 12 14 39 12 14 39 1
0 39 14 16 39 14 16 1
0 39 16 42 39 16 42 1
0 42 16 43 42 16 43 1
0 16 18 43 16 18 43 1
0 43 18 20 43 18 20 1
0 43 20 46 43 20 46 1
0 46 20 47 46 20 47 1
0 20 22 47 20 22 47 1
0 47 22 24 47 22 24 1
0 47 24 50 47 24 50 1
0 51 52 53 51 51 52 1
0 51 54 52 51 53 51 1
0 55 56 57 54 54 55 2
0 55 58 56 54 56 54 2
0 59 60 61 57 57 58 1
0 59 62 60 57 59 57 1
0 63 64 65 60 60 61 2
0 63 66 64 60 62 60 2
0 55 67 65 63 63 64 3
0 55 68 67 63 65 63 3
0 69 64 70 66 66 67 3
0 69 58 64 66 68 66 3
0 71 72 73 69 70 70 1
0 72 74 73 70 71 70 1
0 75 76 77 72 73 73 2
0 76 78 77 73 74 73 2
0 79 80 81 75 76 76 1
0 80 82 81 76 77 76 1
0 83 84 85 78 79 79 2
0 84 86 85 79 80 79 2
0 83 87 77 81 82 82 3
0 87 88 77 82 83 82 3
0 89 84 90 84 85 85 3
0 84 78 90 85 86 85 3
0 91 92 93 87 88 88 1
0 92 94 93 88 89 88 1
0 95 96 97 90 91 91 2
0 96 98 97 91 92 91 2
0 99 100 101 93 94 94 1
0 100 102 101 94 95 94 1
0 103 104 105 96 97 97 2
0 104 106 105 97 98 97 2
0 103 107 97 99 100 100 3
0 107 108 97 100 101 100 3
0 109 104 110 102 103 103 3
0 104 98 110 103 104 103 3
0 111 112 113 105 106 106 1
0 112 114 113 106 107 106 1
0 115 116 117 108 109 109 2
0 116 118 117 109 110 109 2
0 119 120 121 111 112 112 1
0 120 122 121 112 113 112 1
0 123 124 125 114 115 115 2
0 124 126 125 115 116 115 2
0 123 127 117 117 118 118 3
0 127 128 117 118 119 118 3
0 129 124 130 120 121 121 3
0 124 118 130 121 122 121 3
0 131 132 133 123 124 124 1
0 132 134 133 124 125 124 1
0 135 136 137 126 127 127 2
0 136 138 137 127 128 127 2
0 139 140 141 129 130 130 1
0 140 142 141 130 131 130 1
0 143 144 145 132 133 133 2
0 144 146 145 133 134 133 2
0 143 147 137 135 136 136 3
0 147 148 137 136 137 136 3
0 149 144 150 138 139 139 3
0 144 138 150 139 140 139 3
0 151 152 153 141 142 142 1
0 152 154 153 142 143 142 1
0 155 156 157 144 145 145 2
0 156 158 157 145 146 145 2
0 159 160 161 147 148 148 1
0 160 162 161 148 149 148 1
0 163 164 165 150 151 151 2
0 164 166 165 151 152 151 2
0 163 167 157 153 154 154 3
0 167 168 157 154 155 154 3
0 169 164 170 156 157 157 3
0 164 158 170 157 158 157 3
0 171 172 173 159 160 160 1
0 172 174 173 160 161 160 1
0 175 176 177 162 163 163 2
0 176 178 177 163 164 163 2
0 179 180 181 165 166 166 1
0 180 182 181 166 167 166 1
0 183 184 185 168 169 169 2
0 184 186 185 169 170 169 2
0 183 187 177 171 172 172 3
0 187 188 177 172 173 172 3
0 189 184 190 174 175 175 3
0 184 178 190 175 176 175 3
0 191 192 193 177 178 178 1
0 192 194 193 178 179 178 1
0 195 196 197 180 181 181 2
0 196 198 197 181 182 181 2
0 199 200 201 183 184 184 1
0 200 202 201 184 185 184 1
0 203 204 205 186 187 187 2
0 204 206 205 187 188 187 2
0 203 207 197 189 190 190 3
0 207 208 197 190 191 190 3
0 209 204 210 192 193 193 3
0 204 198 210 193 194 193 3

Materials: 6
"step"
0.200000 0.200000 0.200000 1.000000
0.800000 0.800000 0.800000 1.000000
0.000000 0.000000 0.000000 1.000000
0.000000 0.000000 0.000000 1.000000
0.000000
1.000000
"..\common\concrete-cracked.bmp"
""
"door"
0.200000 0.200000 0.200000 1.000000
0.800000 0.800000 0.800000 1.000000
0.000000 0.000000 0.000000 1.000000
0.000000 0.000000 0.000000 1.000000
0.000000
1.000000
".\door.bmp"
""
"whitepanel"
0.200000 0.200000 0.200000 1.000000
0.800000 0.800000 0.800000 1.000000
0.000000 0.000000 0.000000 1.000000
0.000000 0.000000 0.000000 1.000000
0.000000
1.000000
"..\common\whitepanel-burnt.bmp"
""
"windows"
0.200000 0.200000 0.200000 1.000000
0.800000 0.800000 0.800000 1.000000
0.000000 0.000000 0.000000 1.000000
0.000000 0.000000 0.000000 1.000000
0.000000
1.000000
"..\common\window-white.bmp"
""
"roof"
0.200000 0.200000 0.200000 1.000000
0.800000 0.800000 0.800000 1.000000
0.000000 0.000000 0.000000 1.000000
0.000000 0.000000 0.000000 1.000000
0.000000
1.000000
"..\common\black-shingles.bmp"
""
"beams"
0.200000 0.200000 0.200000 1.000000
0.800000 0.800000 0.800000 1.000000
0.000000 0.000000 0.000000 1.000000
0.000000 0.000000 0.000000 1.000000
0.000000
1.000000
".\woodbeam.bmp"
""

Bones: 0
