// MilkShape 3D ASCII

Frames: 30
Frame: 1

Meshes: 12
"step" 0 0
20
0 19.684893 2.390099 5.115098 0.000000 0.000000 -1
0 19.684893 -1.135879 5.115098 0.000000 1.000000 -1
0 23.386206 2.390099 5.115098 1.000000 0.000000 -1
0 23.386206 -1.135879 5.115098 1.000000 1.000000 -1
0 23.386206 2.390099 5.115098 0.000000 0.000000 -1
0 23.386206 -1.135879 5.115098 0.000000 1.000000 -1
0 23.386206 2.390099 -5.229188 1.000000 0.000000 -1
0 23.386206 -1.135879 -5.229188 1.000000 1.000000 -1
0 23.386206 2.390099 -5.229188 0.000000 0.000000 -1
0 23.386206 -1.135879 -5.229188 0.000000 1.000000 -1
0 19.684893 2.390099 -5.229188 1.000000 0.000000 -1
0 19.684893 -1.135879 -5.229188 1.000000 1.000000 -1
0 19.684893 2.390099 -5.229188 0.000000 0.000000 -1
0 19.684893 -1.135879 -5.229188 0.000000 1.000000 -1
0 19.684893 2.390099 5.115098 1.000000 0.000000 -1
0 19.684893 -1.135879 5.115098 1.000000 1.000000 -1
0 19.684893 2.390099 5.115098 0.000000 1.000000 -1
0 23.386206 2.390099 5.115098 1.000000 1.000000 -1
0 19.684893 -1.135879 5.115098 0.000000 0.000000 -1
0 23.386206 -1.135879 5.115098 1.000000 0.000000 -1
6
0.000000 0.000000 1.000000
1.000000 0.000000 0.000000
0.000000 0.000000 -1.000000
-1.000000 0.000000 0.000000
0.000000 1.000000 0.000000
0.000000 -1.000000 0.000000
12
0 0 1 2 0 0 0 1
0 1 3 2 0 0 0 1
0 4 5 6 1 1 1 2
0 5 7 6 1 1 1 2
0 8 9 10 2 2 2 1
0 9 11 10 2 2 2 1
0 12 13 14 3 3 3 2
0 13 15 14 3 3 3 2
0 12 16 6 4 4 4 3
0 16 17 6 4 4 4 3
0 18 13 19 5 5 5 3
0 13 7 19 5 5 5 3
"door" 0 1
20
0 19.676094 15.059752 3.280896 0.000000 0.000000 -1
0 19.676094 2.488437 3.280896 0.000000 1.000000 -1
0 20.663435 15.059752 3.280896 1.000000 0.000000 -1
0 20.663435 2.488437 3.280896 1.000000 1.000000 -1
0 20.663435 15.059752 3.280896 0.000000 0.000000 -1
0 20.663435 2.488437 3.280896 0.000000 1.000000 -1
0 20.663435 15.059752 -3.366840 1.000000 0.000000 -1
0 20.663435 2.488437 -3.366840 1.000000 1.000000 -1
0 20.663435 15.059752 -3.366840 0.000000 0.000000 -1
0 20.663435 2.488437 -3.366840 0.000000 1.000000 -1
0 19.676094 15.059752 -3.366840 1.000000 0.000000 -1
0 19.676094 2.488437 -3.366840 1.000000 1.000000 -1
0 19.676094 15.059752 -3.366840 0.000000 0.000000 -1
0 19.676094 2.488437 -3.366840 0.000000 1.000000 -1
0 19.676094 15.059752 3.280896 1.000000 0.000000 -1
0 19.676094 2.488437 3.280896 1.000000 1.000000 -1
0 19.676094 15.059752 3.280896 0.000000 1.000000 -1
0 20.663435 15.059752 3.280896 1.000000 1.000000 -1
0 19.676094 2.488437 3.280896 0.000000 0.000000 -1
0 20.663435 2.488437 3.280896 1.000000 0.000000 -1
6
0.000000 0.000000 1.000000
1.000000 0.000000 0.000000
0.000000 0.000000 -1.000000
-1.000000 0.000000 0.000000
0.000000 1.000000 0.000000
0.000000 -1.000000 0.000000
12
0 0 1 2 0 0 0 1
0 1 3 2 0 0 0 1
0 4 5 6 1 1 1 2
0 5 7 6 1 1 1 2
0 8 9 10 2 2 2 1
0 9 11 10 2 2 2 1
0 12 13 14 3 3 3 2
0 13 15 14 3 3 3 2
0 12 16 6 4 4 4 3
0 16 17 6 4 4 4 3
0 18 13 19 5 5 5 3
0 13 7 19 5 5 5 3
"windows" 0 3
60
0 19.669718 15.059752 14.910373 0.000000 0.000000 -1
0 19.669718 7.117002 14.910373 0.000000 1.000000 -1
0 20.657059 15.059752 14.910373 1.000000 0.000000 -1
0 20.657059 7.117002 14.910373 1.000000 1.000000 -1
0 20.657059 15.059752 14.910373 0.000000 0.000000 -1
0 20.657059 7.117002 14.910373 0.000000 1.000000 -1
0 20.657059 15.059752 6.404240 1.000000 0.000000 -1
0 20.657059 7.117002 6.404240 1.000000 1.000000 -1
0 20.657059 15.059752 6.404240 0.000000 0.000000 -1
0 20.657059 7.117002 6.404240 0.000000 1.000000 -1
0 19.669718 15.059752 6.404240 1.000000 0.000000 -1
0 19.669718 7.117002 6.404240 1.000000 1.000000 -1
0 19.669718 15.059752 6.404240 0.000000 0.000000 -1
0 19.669718 7.117002 6.404240 0.000000 1.000000 -1
0 19.669718 15.059752 14.910373 1.000000 0.000000 -1
0 19.669718 7.117002 14.910373 1.000000 1.000000 -1
0 19.669718 15.059752 14.910373 0.000000 1.000000 -1
0 20.657059 15.059752 14.910373 1.000000 1.000000 -1
0 19.669718 7.117002 14.910373 0.000000 0.000000 -1
0 20.657059 7.117002 14.910373 1.000000 0.000000 -1
0 -4.286870 13.668447 17.887939 0.000000 0.000000 -1
0 -4.286870 5.725697 17.887939 0.000000 1.000000 -1
0 -4.286868 13.668447 18.875286 1.000000 0.000000 -1
0 -4.286868 5.725697 18.875286 1.000000 1.000000 -1
0 -4.286868 13.668447 18.875286 0.000000 0.000000 -1
0 -4.286868 5.725697 18.875286 0.000000 1.000000 -1
0 4.219275 13.668447 18.875286 1.000000 0.000000 -1
0 4.219275 5.725697 18.875286 1.000000 1.000000 -1
0 4.219275 13.668447 18.875286 0.000000 0.000000 -1
0 4.219275 5.725697 18.875286 0.000000 1.000000 -1
0 4.219275 13.668447 17.887943 1.000000 0.000000 -1
0 4.219275 5.725697 17.887943 1.000000 1.000000 -1
0 4.219275 13.668447 17.887943 0.000000 0.000000 -1
0 4.219275 5.725697 17.887943 0.000000 1.000000 -1
0 -4.286870 13.668447 17.887939 1.000000 0.000000 -1
0 -4.286870 5.725697 17.887939 1.000000 1.000000 -1
0 -4.286870 13.668447 17.887939 0.000000 1.000000 -1
0 -4.286868 13.668447 18.875286 1.000000 1.000000 -1
0 -4.286870 5.725697 17.887939 0.000000 0.000000 -1
0 -4.286868 5.725697 18.875286 1.000000 0.000000 -1
0 -4.286868 13.668447 -18.875286 1.000000 0.000000 -1
0 -4.286870 5.725697 -17.887939 0.000000 1.000000 -1
0 -4.286870 13.668447 -17.887939 0.000000 0.000000 -1
0 -4.286868 5.725697 -18.875286 1.000000 1.000000 -1
0 4.219275 13.668447 -18.875286 1.000000 0.000000 -1
0 -4.286868 5.725697 -18.875286 0.000000 1.000000 -1
0 -4.286868 13.668447 -18.875286 0.000000 0.000000 -1
0 4.219275 5.725697 -18.875286 1.000000 1.000000 -1
0 4.219275 13.668447 -17.887943 1.000000 0.000000 -1
0 4.219275 5.725697 -18.875286 0.000000 1.000000 -1
0 4.219275 13.668447 -18.875286 0.000000 0.000000 -1
0 4.219275 5.725697 -17.887943 1.000000 1.000000 -1
0 -4.286870 13.668447 -17.887939 1.000000 0.000000 -1
0 4.219275 5.725697 -17.887943 0.000000 1.000000 -1
0 4.219275 13.668447 -17.887943 0.000000 0.000000 -1
0 -4.286870 5.725697 -17.887939 1.000000 1.000000 -1
0 -4.286870 13.668447 -17.887939 0.000000 1.000000 -1
0 -4.286868 13.668447 -18.875286 1.000000 1.000000 -1
0 -4.286868 5.725697 -18.875286 1.000000 0.000000 -1
0 -4.286870 5.725697 -17.887939 0.000000 0.000000 -1
10
0.000000 0.000000 1.000000
1.000000 0.000000 0.000000
0.000000 0.000000 -1.000000
-1.000000 0.000000 0.000000
0.000000 1.000000 0.000000
0.000000 -1.000000 0.000000
-1.000000 0.000000 0.000003
0.000000 0.000000 -1.000000
-1.000000 0.000000 -0.000003
0.000000 0.000000 1.000000
36
0 0 1 2 0 0 0 1
0 1 3 2 0 0 0 1
0 4 5 6 1 1 1 2
0 5 7 6 1 1 1 2
0 8 9 10 2 2 2 1
0 9 11 10 2 2 2 1
0 12 13 14 3 3 3 2
0 13 15 14 3 3 3 2
0 12 16 6 4 4 4 3
0 16 17 6 4 4 4 3
0 18 13 19 5 5 5 3
0 13 7 19 5 5 5 3
0 20 21 22 6 6 6 1
0 21 23 22 6 6 6 1
0 24 25 26 0 0 0 2
0 25 27 26 0 0 0 2
0 28 29 30 1 1 1 1
0 29 31 30 1 1 1 1
0 32 33 34 7 7 7 2
0 33 35 34 7 7 7 2
0 32 36 26 4 4 4 3
0 36 37 26 4 4 4 3
0 38 33 39 5 5 5 3
0 33 27 39 5 5 5 3
0 40 41 42 8 8 8 1
0 40 43 41 8 8 8 1
0 44 45 46 2 2 2 2
0 44 47 45 2 2 2 2
0 48 49 50 1 1 1 1
0 48 51 49 1 1 1 1
0 52 53 54 9 9 9 2
0 52 55 53 9 9 9 2
0 44 56 54 4 4 4 3
0 44 57 56 4 4 4 3
0 58 53 59 5 5 5 3
0 58 47 53 5 5 5 3
"redbrick" 0 2
67
0 18.018833 17.107065 18.076923 0.000000 0.000000 -1
0 18.018833 -1.046781 18.076923 0.000000 1.000000 -1
0 18.018833 17.107065 16.176136 1.000000 0.000000 -1
0 18.018833 -1.046781 16.176136 1.000000 1.000000 -1
0 18.018833 17.107065 16.176136 0.000000 0.000000 -1
0 18.018833 -1.046781 16.176136 0.000000 1.000000 -1
0 -18.135012 17.107065 16.176136 1.000000 0.000000 -1
0 -18.135012 -1.046781 16.176136 1.000000 1.000000 -1
0 -18.135012 17.107065 16.176136 0.000000 0.000000 -1
0 -18.135012 -1.046781 16.176136 0.000000 1.000000 -1
0 -18.135012 17.107065 18.076923 1.000000 0.000000 -1
0 -18.135012 -1.046781 18.076923 1.000000 1.000000 -1
0 -18.135012 17.107065 18.076923 0.000000 1.000000 -1
0 18.018833 17.107065 18.076923 1.000000 1.000000 -1
0 -18.135012 -1.046781 18.076923 0.000000 0.000000 -1
0 18.018833 -1.046781 18.076923 1.000000 0.000000 -1
0 -18.162317 17.001398 -16.168066 0.000000 0.000000 -1
0 -18.162317 -1.152449 -16.168066 0.000000 1.000000 -1
0 17.991528 17.001398 -16.168066 1.000000 0.000000 -1
0 17.991528 -1.152449 -16.168066 1.000000 1.000000 -1
0 17.991528 17.001398 -16.168066 0.000000 0.000000 -1
0 17.991528 -1.152449 -16.168066 0.000000 1.000000 -1
0 17.991528 17.001398 -18.068851 1.000000 0.000000 -1
0 17.991528 -1.152449 -18.068851 1.000000 1.000000 -1
0 -18.162317 17.001398 -18.068851 0.000000 0.000000 -1
0 -18.162317 -1.152449 -18.068851 0.000000 1.000000 -1
0 -18.162317 17.001398 -16.168066 1.000000 0.000000 -1
0 -18.162317 -1.152449 -16.168066 1.000000 1.000000 -1
0 -18.162317 17.001398 -16.168066 0.000000 1.000000 -1
0 17.991528 17.001398 -16.168066 1.000000 1.000000 -1
0 -18.162317 -1.152449 -16.168066 0.000000 0.000000 -1
0 17.991528 -1.152449 -16.168066 1.000000 0.000000 -1
0 17.993423 17.001398 -18.061342 0.000000 0.000000 -1
0 17.993423 -1.152449 -18.061342 0.000000 1.000000 -1
0 17.993412 17.001398 18.092577 1.000000 0.000000 -1
0 17.993412 -1.152449 18.092577 1.000000 1.000000 -1
0 17.993412 17.001398 18.092577 0.000000 0.000000 -1
0 19.894194 17.001398 18.092587 0.000000 1.000000 -1
0 17.993423 17.001398 -18.061342 1.000000 0.000000 -1
0 19.894201 17.001398 -18.061337 1.000000 1.000000 -1
0 19.894194 -1.152449 18.092587 0.000000 0.000000 -1
0 17.993412 -1.152449 18.092577 0.000000 1.000000 -1
0 19.894201 -1.152449 -18.061337 1.000000 0.000000 -1
0 17.993423 -1.152449 -18.061342 1.000000 1.000000 -1
0 -17.993412 17.001398 18.092577 1.000000 0.000000 -1
0 -17.993423 -1.152449 -18.061342 0.000000 1.000000 -1
0 -17.993423 17.001398 -18.061342 0.000000 0.000000 -1
0 -17.993412 -1.152449 18.092577 1.000000 1.000000 -1
0 -17.993423 17.001398 -18.061342 1.000000 0.000000 -1
0 -19.894194 17.001398 18.092587 0.000000 1.000000 -1
0 -17.993412 17.001398 18.092577 0.000000 0.000000 -1
0 -19.894201 17.001398 -18.061337 1.000000 1.000000 -1
0 -19.894201 -1.152449 -18.061337 1.000000 0.000000 -1
0 -17.993412 -1.152449 18.092577 0.000000 1.000000 -1
0 -19.894194 -1.152449 18.092587 0.000000 0.000000 -1
0 -17.993423 -1.152449 -18.061342 1.000000 1.000000 -1
0 -25.907276 -1.049471 6.008387 0.000000 0.000000 -1
0 -25.907276 -1.049471 -6.059489 0.000000 1.000000 -1
0 -17.997295 -1.049471 6.008387 1.000000 0.000000 -1
0 -17.997295 -1.049471 -6.059489 1.000000 1.000000 -1
0 -17.997295 28.893883 3.703612 0.000000 0.000000 -1
0 -17.997295 23.067760 6.008387 0.000000 1.000000 -1
0 -17.997295 28.931248 -3.937888 1.000000 0.000000 -1
0 -17.997295 23.067760 -6.059489 1.000000 1.000000 -1
0 -25.907276 28.931248 -3.937888 0.000000 0.000000 -1
0 -25.907276 28.893883 3.703612 0.000000 1.000000 -1
0 -17.997295 28.893883 3.703612 1.000000 1.000000 -1
9
1.000000 0.000000 0.000000
0.000000 0.000000 -1.000000
-1.000000 0.000000 0.000000
0.000000 1.000000 0.000000
0.000000 -1.000000 0.000000
0.000000 0.000000 1.000000
-1.000000 0.000000 -0.000000
1.000000 0.000000 -0.000000
0.000000 0.999988 0.004890
38
0 0 1 2 0 0 0 2
0 1 3 2 0 0 0 2
0 4 5 6 1 1 1 1
0 5 7 6 1 1 1 1
0 8 9 10 2 2 2 2
0 9 11 10 2 2 2 2
0 8 12 2 3 3 3 3
0 12 13 2 3 3 3 3
0 14 9 15 4 4 4 3
0 9 3 15 4 4 4 3
0 16 17 18 5 5 5 1
0 17 19 18 5 5 5 1
0 20 21 22 0 0 0 2
0 21 23 22 0 0 0 2
0 24 25 26 2 2 2 2
0 25 27 26 2 2 2 2
0 24 28 22 3 3 3 3
0 28 29 22 3 3 3 3
0 30 25 31 4 4 4 3
0 25 23 31 4 4 4 3
0 32 33 34 6 6 6 1
0 33 35 34 6 6 6 1
0 36 37 38 3 3 3 3
0 37 39 38 3 3 3 3
0 40 41 42 4 4 4 3
0 41 43 42 4 4 4 3
0 44 45 46 7 7 7 1
0 44 47 45 7 7 7 1
0 48 49 50 3 3 3 3
0 48 51 49 3 3 3 3
0 52 53 54 4 4 4 3
0 52 55 53 4 4 4 3
0 56 57 58 4 4 4 3
0 57 59 58 4 4 4 3
0 60 61 62 0 0 0 2
0 61 63 62 0 0 0 2
0 64 65 62 8 8 8 3
0 65 66 62 8 8 8 3
"roof" 0 4
12
0 -22.869701 16.487419 21.308582 0.007144 1.998486 -1
0 -22.869701 15.475664 20.747755 0.007144 1.972244 -1
0 22.580303 16.487419 21.308582 0.998910 1.998486 -1
0 22.580303 15.475664 20.747755 0.998910 1.972244 -1
0 22.580303 28.669041 -0.064100 0.998910 0.998503 -1
0 22.580303 27.512268 -0.064102 0.998910 0.998503 -1
0 -22.869701 28.669041 -0.064100 0.007144 0.998503 -1
0 -22.869701 27.512268 -0.064102 0.007144 0.998503 -1
0 22.580303 16.487419 -21.434109 0.998910 -0.001356 -1
0 -22.869701 15.475664 -20.873283 0.007144 0.024884 -1
0 -22.869701 16.487419 -21.434109 0.007144 -0.001356 -1
0 22.580303 15.475664 -20.873283 0.998910 0.024884 -1
11
0.000000 -0.484811 0.874619
1.000000 0.000000 0.000000
0.000000 0.000000 0.000000
-1.000000 0.000000 0.000000
0.000000 1.000000 -0.000027
0.000000 0.868791 0.495178
0.000000 -0.865649 -0.500651
0.000000 -1.000000 0.000028
0.000000 -0.484810 -0.874620
0.000000 0.868765 -0.495225
0.000000 -0.865621 0.500699
24
0 0 1 2 0 0 0 1
0 1 3 2 0 0 0 1
0 2 3 4 1 1 1 2
0 3 5 4 1 1 1 2
0 4 5 6 2 2 2 1
0 5 7 6 2 2 2 1
0 6 7 0 3 3 3 2
0 7 1 0 3 3 3 2
0 6 0 4 4 5 4 3
0 0 2 4 5 5 4 3
0 1 7 3 6 7 6 3
0 7 5 3 7 7 6 3
0 8 9 10 8 8 8 1
0 8 11 9 8 8 8 1
0 4 11 8 1 1 1 2
0 4 5 11 1 1 1 2
0 6 5 4 2 2 2 1
0 6 7 5 2 2 2 1
0 10 7 6 3 3 3 2
0 10 9 7 3 3 3 2
0 4 10 6 4 9 4 3
0 4 8 10 4 9 9 3
0 11 7 9 10 7 10 3
0 11 5 7 10 7 7 3
"wall-front" 0 2
12
0 -18.135012 17.107065 18.076923 -0.758381 -0.072802 -1
0 -18.135012 -1.046781 18.076923 -0.758381 1.246226 -1
0 18.018833 17.107065 18.076923 1.107646 -0.072802 -1
0 18.018833 -1.046781 18.076923 1.107646 1.246226 -1
0 17.993412 17.001398 18.092577 1.106333 -0.065124 -1
0 17.993412 -1.152449 18.092577 1.106333 1.253903 -1
0 19.894194 17.001398 18.092587 1.204440 -0.065124 -1
0 19.894194 -1.152449 18.092587 1.204440 1.253903 -1
0 -19.894194 17.001398 18.092587 -0.849178 -0.065124 -1
0 -17.993412 -1.152449 18.092577 -0.751072 1.253903 -1
0 -17.993412 17.001398 18.092577 -0.751072 -0.065124 -1
0 -19.894194 -1.152449 18.092587 -0.849178 1.253903 -1
3
0.000000 0.000000 1.000000
-0.000005 0.000000 1.000000
0.000005 0.000000 1.000000
6
0 0 1 2 0 0 0 1
0 1 3 2 0 0 0 1
0 4 5 6 1 1 1 2
0 5 7 6 1 1 1 2
0 8 9 10 2 2 2 2
0 8 11 9 2 2 2 2
"wall-rear" 0 2
12
0 17.991528 17.001398 -18.068851 -0.348289 -0.063634 -1
0 17.991528 -1.152449 -18.068851 -0.348289 1.255000 -1
0 -18.162317 17.001398 -18.068851 1.328873 -0.063634 -1
0 -18.162317 -1.152449 -18.068851 1.328873 1.255000 -1
0 19.894201 17.001398 -18.061337 -0.436553 -0.063634 -1
0 19.894201 -1.152449 -18.061337 -0.436553 1.255000 -1
0 17.993423 17.001398 -18.061342 -0.348377 -0.063634 -1
0 17.993423 -1.152449 -18.061342 -0.348377 1.255000 -1
0 -17.993423 17.001398 -18.061342 1.321038 -0.063634 -1
0 -19.894201 -1.152449 -18.061337 1.409215 1.255000 -1
0 -19.894201 17.001398 -18.061337 1.409215 -0.063634 -1
0 -17.993423 -1.152449 -18.061342 1.321038 1.255000 -1
3
0.000000 0.000000 -1.000000
0.000003 0.000000 -1.000000
-0.000003 0.000000 -1.000000
6
0 0 1 2 0 0 0 1
0 1 3 2 0 0 0 1
0 4 5 6 1 1 1 2
0 5 7 6 1 1 1 2
0 8 9 10 2 2 2 2
0 8 11 9 2 2 2 2
"wall-left" 0 2
7
0 -19.894201 17.001398 -18.061337 0.110174 0.186630 -1
0 -19.894194 -1.152449 18.092587 1.486326 1.504713 -1
0 -19.894194 17.001398 18.092587 1.486326 0.186630 -1
0 -19.894201 -1.152449 -18.061337 0.110174 1.504713 -1
0 -19.889357 17.007046 -18.159626 0.106433 0.186219 -1
0 -19.889357 17.015844 18.080151 1.485852 0.185580 -1
0 -19.889357 27.510643 -0.064755 0.795190 -0.576409 -1
2
-1.000000 0.000000 0.000000
-1.000000 0.000000 0.000000
3
0 0 1 2 0 0 0 1
0 0 3 1 0 0 0 1
0 4 5 6 1 1 1 1
"wall-right" 0 2
7
0 19.894194 17.001398 18.092587 0.143914 0.435918 -1
0 19.894194 -1.152449 18.092587 0.143914 1.752637 -1
0 19.894201 17.001398 -18.061337 1.532890 0.435918 -1
0 19.894201 -1.152449 -18.061337 1.532890 1.752637 -1
0 19.889357 27.510643 -0.064755 0.841490 -0.326331 -1
0 19.889357 17.015844 18.080151 0.144392 0.434869 -1
0 19.889357 17.007046 -18.159626 1.536666 0.435508 -1
2
1.000000 0.000000 0.000000
1.000000 0.000000 0.000000
3
0 0 1 2 0 0 0 1
0 1 3 2 0 0 0 1
0 4 5 6 1 1 1 1
"chimney-front" 0 2
6
0 -17.997295 23.067760 -6.059489 0.866544 0.247037 -1
0 -17.997295 -1.049471 -6.059489 0.866544 1.993583 -1
0 -25.907276 23.067760 -6.059489 0.630261 0.247037 -1
0 -25.907276 -1.049471 -6.059489 0.630261 1.993583 -1
0 -17.997295 28.931248 -3.937888 0.866544 -0.177591 -1
0 -25.907276 28.931248 -3.937888 0.630261 -0.177591 -1
4
0.000000 0.229898 -0.973215
0.000000 0.000000 -1.000000
0.000000 0.114949 -0.993371
0.000000 0.340245 -0.940337
4
0 0 1 2 0 1 2 1
0 1 3 2 1 1 2 1
0 4 0 5 3 0 3 1
0 0 2 5 0 2 3 1
"chimney-left" 0 2
6
0 -25.907276 23.067760 -6.059489 0.411907 -0.255751 -1
0 -25.907276 -1.049471 -6.059489 0.411907 1.494705 -1
0 -25.907276 23.067760 6.008387 0.966051 -0.255751 -1
0 -25.907276 -1.049471 6.008387 0.966051 1.494705 -1
0 -25.907276 28.931248 -3.937888 0.509328 -0.681330 -1
0 -25.907276 28.893883 3.703612 0.860218 -0.678618 -1
1
-1.000000 0.000000 0.000000
4
0 0 1 2 0 0 0 2
0 1 3 2 0 0 0 2
0 4 0 5 0 0 0 2
0 0 2 5 0 0 0 2
"chimney-rear" 0 2
6
0 -25.907276 23.067760 6.008387 0.868187 -0.007187 -1
0 -25.907276 -1.049471 6.008387 0.868187 1.743793 -1
0 -17.997295 23.067760 6.008387 0.603988 -0.007187 -1
0 -17.997295 -1.049471 6.008387 0.603988 1.743793 -1
0 -25.907276 28.893883 3.703612 0.868187 -0.430180 -1
0 -17.997295 28.893883 3.703612 0.603988 -0.430180 -1
4
0.000000 0.249150 0.968465
0.000000 0.000000 1.000000
0.000000 0.124575 0.992210
0.000000 0.367855 0.929883
4
0 0 1 2 0 1 2 1
0 1 3 2 1 1 2 1
0 4 0 5 3 0 3 1
0 0 2 5 0 2 3 1

Materials: 5
"step"
0.200000 0.200000 0.200000 1.000000
0.800000 0.800000 0.800000 1.000000
0.000000 0.000000 0.000000 1.000000
0.000000 0.000000 0.000000 1.000000
0.000000
1.000000
"..\common\concrete.bmp"
""
"door"
0.200000 0.200000 0.200000 1.000000
0.800000 0.800000 0.800000 1.000000
0.000000 0.000000 0.000000 1.000000
0.000000 0.000000 0.000000 1.000000
0.000000
1.000000
".\door.bmp"
""
"greenpanel"
0.200000 0.200000 0.200000 1.000000
0.800000 0.800000 0.800000 1.000000
0.000000 0.000000 0.000000 1.000000
0.000000 0.000000 0.000000 1.000000
0.000000
1.000000
".\greenpanel.bmp"
""
"windows"
0.200000 0.200000 0.200000 1.000000
0.800000 0.800000 0.800000 1.000000
0.000000 0.000000 0.000000 1.000000
0.000000 0.000000 0.000000 1.000000
0.000000
1.000000
"..\common\window-tan.bmp"
""
"roof"
0.200000 0.200000 0.200000 1.000000
0.800000 0.800000 0.800000 1.000000
0.000000 0.000000 0.000000 1.000000
0.000000 0.000000 0.000000 1.000000
0.000000
1.000000
"..\common\black-shingles.bmp"
""

Bones: 0
GroupComments: 0
MaterialComments: 0
BoneComments: 0
ModelComment: 0
