// MilkShape 3D ASCII

Frames: 30
Frame: 1

Meshes: 12
"frontwall1" 0 0
13
0 -20.004414 0.000000 40.009197 0.249892 1.000000 -1
0 -20.004414 20.480465 40.009197 0.249892 0.487988 -1
0 -40.008842 20.465971 40.013283 0.000000 0.488351 -1
0 -40.008842 -0.000000 40.029335 0.000000 1.000000 -1
0 -12.682927 0.000000 30.009192 0.341351 1.000000 -1
0 -12.682927 20.480465 30.009192 0.341351 0.487988 -1
0 30.035709 0.001098 29.998571 0.874984 0.999973 -1
0 30.007721 20.480467 29.979954 0.874635 0.487988 -1
0 -12.682927 26.090225 40.009197 0.341351 0.347744 -1
0 40.007732 26.090225 39.983662 0.999553 0.347744 -1
0 -40.007778 40.000000 40.007359 0.000013 -0.000000 -1
0 -12.645192 40.000000 40.009197 0.341822 -0.000000 -1
0 40.043514 40.000000 40.049694 1.000000 -0.000000 -1
13
0.297760 0.000289 0.954641
0.423198 -0.141369 0.894940
0.000472 0.000363 1.000000
0.001007 0.000784 0.999999
0.594765 0.000000 0.803900
0.335061 -0.392219 0.856679
0.000467 0.000455 1.000000
0.000477 -0.661216 0.750195
0.109921 -0.487742 0.866040
-0.000018 -0.332357 0.943154
0.000032 0.000119 1.000000
-0.000117 -0.001582 0.999999
-0.000769 -0.004745 0.999988
14
0 0 1 2 0 1 2 1
0 0 2 3 0 2 3 1
0 4 5 1 4 5 1 1
0 4 1 0 4 1 0 1
0 6 7 5 6 7 5 1
0 6 5 4 6 5 4 1
0 5 8 1 5 8 1 1
0 7 9 8 7 9 8 1
0 7 8 5 7 8 5 1
0 1 10 2 1 10 2 1
0 8 11 10 8 11 10 1
0 8 10 1 8 10 1 1
0 9 12 11 9 12 11 1
0 9 11 8 9 11 8 1
"frontwall2" 0 1
13
0 30.008820 -0.000000 -12.682927 0.658673 0.999565 -1
0 30.008820 20.480465 -12.682927 0.658673 0.487776 -1
0 30.007721 20.480467 29.979954 0.125779 0.487776 -1
0 30.035709 0.001098 29.998571 0.125547 0.999537 -1
0 40.008842 26.090225 -12.682927 0.658673 0.347593 -1
0 40.007732 26.090225 39.983662 0.000825 0.347593 -1
0 40.008842 40.000000 -12.746620 0.659468 0.000000 -1
0 40.043514 40.000000 40.049694 0.000000 0.000000 -1
0 40.008842 -0.017421 -20.004597 0.750126 1.000000 -1
0 40.008842 20.435417 -20.004597 0.750126 0.488902 -1
0 40.022457 40.000000 -39.971020 0.999523 0.000000 -1
0 40.047276 -0.017421 -40.009197 1.000000 1.000000 -1
0 40.008842 20.503088 -40.009197 1.000000 0.487211 -1
13
0.954832 0.000503 0.297147
0.735197 -0.508782 0.447914
0.943912 -0.330198 -0.000224
0.999999 0.001366 -0.000630
0.917138 -0.376287 0.131399
0.749624 -0.661864 0.000017
1.000000 -0.000063 -0.000052
0.999999 -0.001288 -0.000318
0.803609 0.000000 0.595157
0.968298 -0.116644 0.220892
1.000000 -0.000442 0.000249
0.999999 0.000936 0.000964
1.000000 0.000587 0.000002
14
0 0 1 2 0 1 2 1
0 0 2 3 0 2 3 1
0 1 4 5 1 4 5 1
0 1 5 2 1 5 2 1
0 4 6 7 4 6 7 1
0 4 7 5 4 7 5 1
0 8 9 1 8 9 1 1
0 8 1 0 8 1 0 1
0 9 4 1 9 4 1 1
0 9 10 6 9 10 6 1
0 9 6 4 9 6 4 1
0 11 12 9 11 12 9 1
0 11 9 8 11 9 8 1
0 12 10 9 12 10 9 1
"rearwall1" 0 2
9
0 -40.023277 -0.004478 -40.007885 1.000000 0.999677 -1
0 -40.016430 20.496988 -39.995419 0.999915 0.487363 -1
0 -0.000000 20.503088 -40.009197 0.500150 0.487211 -1
0 -0.000000 -0.017422 -40.009197 0.500150 1.000000 -1
0 40.040531 20.503088 -40.009197 0.000084 0.487211 -1
0 40.047276 -0.017421 -40.009197 0.000000 1.000000 -1
0 -40.006874 40.000000 -40.007359 0.999795 0.000000 -1
0 -0.000000 40.000000 -40.009197 0.500150 0.000000 -1
0 40.022457 40.000000 -39.971020 0.000310 0.000000 -1
9
-0.000189 0.000304 -1.000000
-0.000245 -0.000001 -1.000000
0.000039 0.000428 -1.000000
-0.000011 0.000000 -1.000000
0.000000 0.000653 -1.000000
0.000000 0.000000 -1.000000
-0.000046 -0.000612 -1.000000
0.000188 -0.000204 -1.000000
0.000477 0.000979 -0.999999
8
0 0 1 2 0 1 2 1
0 0 2 3 0 2 3 1
0 3 2 4 3 2 4 1
0 3 4 5 3 4 5 1
0 1 6 7 1 6 7 1
0 1 7 2 1 7 2 1
0 2 7 8 2 7 8 1
0 2 8 4 2 8 4 1
"rearwall2" 0 2
9
0 -40.008842 -0.000000 40.029335 0.000000 0.999888 -1
0 -40.008842 20.465971 40.013283 0.000201 0.488296 -1
0 -40.008842 20.436987 0.000000 0.500134 0.489021 -1
0 -40.008842 0.000000 0.000000 0.500134 0.999888 -1
0 -40.007778 40.000000 40.007359 0.000275 -0.000000 -1
0 -40.008842 40.000000 0.000000 0.500134 -0.000000 -1
0 -40.016430 20.496988 -39.995419 0.999844 0.487521 -1
0 -40.023277 -0.004478 -40.007885 1.000000 1.000000 -1
0 -40.006874 40.000000 -40.007359 0.999993 -0.000000 -1
9
-1.000000 0.000000 0.000000
-1.000000 0.000018 0.000009
-1.000000 0.000082 0.000055
-1.000000 0.000111 0.000183
-1.000000 0.000054 0.000027
-1.000000 0.000018 -0.000008
-1.000000 0.000275 0.000247
-1.000000 0.000334 0.000361
-1.000000 0.000245 0.000071
8
0 0 1 2 0 1 2 1
0 0 2 3 0 2 3 1
0 1 4 5 1 4 5 1
0 1 5 2 1 5 2 1
0 3 2 6 3 2 6 1
0 3 6 7 3 6 7 1
0 2 5 8 2 5 8 1
0 2 8 6 2 8 6 1
"floor" 0 3
11
0 -40.008842 -0.000000 40.029335 0.000180 0.000000 -1
0 -12.666494 0.000000 29.991148 0.341658 0.125417 -1
0 -20.004414 0.000000 40.009197 0.250015 0.000252 -1
0 -40.008842 0.000000 0.000000 0.000180 0.500126 -1
0 0.015555 0.000000 0.015464 0.500044 0.499933 -1
0 29.979841 -0.000000 -12.645006 0.874268 0.658112 -1
0 30.035709 0.001098 29.998571 0.874966 0.125324 -1
0 -40.023277 -0.004478 -40.007885 0.000000 0.999984 -1
0 -0.000000 -0.017422 -40.009197 0.499850 1.000000 -1
0 40.047276 -0.017421 -40.009197 1.000000 1.000000 -1
0 40.008842 -0.017421 -20.004597 0.999520 0.750063 -1
11
0.000000 -1.000000 0.000000
0.000006 -1.000000 0.000006
0.000000 -1.000000 0.000000
-0.000000 -1.000000 0.000056
-0.000001 -1.000000 0.000248
-0.000349 -1.000000 0.000194
0.000026 -1.000000 0.000026
-0.000162 -1.000000 0.000274
-0.000162 -1.000000 0.000435
-0.000474 -1.000000 0.000395
-0.001740 -0.999999 -0.000003
10
0 0 1 2 0 1 2 1
0 0 3 4 0 3 4 1
0 0 4 1 0 4 1 1
0 1 4 5 1 4 5 1
0 1 5 6 1 5 6 1
0 3 7 4 3 7 4 1
0 4 7 8 4 7 8 1
0 4 8 9 4 8 9 1
0 4 9 5 4 9 5 1
0 5 9 10 5 9 10 1
"roof-top1" 0 3
16
0 -12.645192 40.000000 40.009197 0.341822 0.999494 -1
0 -0.000000 40.000000 30.005188 0.499783 0.874536 -1
0 -30.005005 40.000000 30.005194 0.124966 0.874536 -1
0 -40.007778 40.000000 40.007359 0.000013 0.999471 -1
0 40.043514 40.000000 40.049694 1.000000 1.000000 -1
0 30.005005 40.000000 30.005194 0.874601 0.874536 -1
0 -30.005005 40.000000 -0.000000 0.124966 0.499747 -1
0 -40.008842 40.000000 0.000000 0.000000 0.499747 -1
0 40.008842 40.000000 -12.746620 0.999567 0.340532 -1
0 30.005005 40.000000 0.000000 0.874601 0.499747 -1
0 -30.005005 40.000000 -30.005194 0.124966 0.124958 -1
0 -40.006874 40.000000 -40.007359 0.000025 0.000023 -1
0 40.022457 40.000000 -39.971020 0.999737 0.000477 -1
0 30.005005 40.000000 -30.005194 0.874601 0.124958 -1
0 0.000000 40.000000 -30.005188 0.499783 0.124958 -1
0 -0.000000 40.000000 -40.009197 0.499783 0.000000 -1
1
0.000000 1.000000 0.000000
16
0 0 1 2 0 0 0 1
0 0 2 3 0 0 0 1
0 4 5 1 0 0 0 1
0 4 1 0 0 0 0 1
0 2 6 7 0 0 0 1
0 2 7 3 0 0 0 1
0 4 8 9 0 0 0 1
0 4 9 5 0 0 0 1
0 6 10 11 0 0 0 1
0 6 11 7 0 0 0 1
0 8 12 13 0 0 0 1
0 8 13 9 0 0 0 1
0 14 15 11 0 0 0 1
0 14 11 10 0 0 0 1
0 13 12 15 0 0 0 1
0 13 15 14 0 0 0 1
"roof-sides1" 0 3
12
0 30.005005 34.000000 0.000000 0.500000 1.000000 -1
0 30.005005 40.000000 0.000000 0.500000 0.000000 -1
0 30.005005 40.000000 -30.005194 1.000000 0.000000 -1
0 30.005005 34.000000 -30.005194 1.000000 1.000000 -1
0 -30.022131 34.000000 -29.979364 0.999570 1.000000 -1
0 -30.005005 40.000000 -30.005194 1.000000 0.000000 -1
0 -30.005005 40.000000 -0.000000 0.500000 0.000000 -1
0 -30.005005 34.000000 -0.000000 0.500000 1.000000 -1
0 30.005005 34.000000 30.005194 0.000000 1.000000 -1
0 30.005005 40.000000 30.005194 0.000000 0.000000 -1
0 -30.005005 40.000000 30.005194 0.000000 0.000000 -1
0 -30.005005 34.000000 30.005194 0.000000 1.000000 -1
6
-1.000000 0.000000 0.000000
0.999999 -0.001427 -0.000286
0.999996 -0.002854 0.000000
1.000000 -0.000951 -0.000190
1.000000 0.000000 -0.000190
1.000000 0.000000 0.000000
8
0 0 1 2 0 0 0 1
0 0 2 3 0 0 0 1
0 4 5 6 1 2 3 1
0 4 6 7 1 3 4 1
0 8 9 1 0 0 0 1
0 8 1 0 0 0 0 1
0 7 6 10 4 3 5 1
0 7 10 11 4 5 5 1
"roof-sides2" 0 3
12
0 30.005005 34.000000 -30.005194 1.000000 1.000000 -1
0 30.005005 40.000000 -30.005194 1.000000 0.000000 -1
0 0.000000 40.000000 -30.005188 0.500143 0.000000 -1
0 0.000000 34.000000 -30.005188 0.500143 1.000000 -1
0 -30.005005 40.000000 -30.005194 0.000285 0.000000 -1
0 -30.022131 34.000000 -29.979364 0.000000 1.000000 -1
0 -0.000000 34.000000 30.005188 0.500143 1.000000 -1
0 -0.000000 40.000000 30.005188 0.500143 0.000000 -1
0 30.005005 40.000000 30.005194 1.000000 0.000000 -1
0 30.005005 34.000000 30.005194 1.000000 1.000000 -1
0 -30.005005 34.000000 30.005194 0.000285 1.000000 -1
0 -30.005005 40.000000 30.005194 0.000285 0.000000 -1
9
0.000000 0.000000 1.000000
0.000000 0.000000 1.000000
0.000287 0.001434 0.999999
0.000430 0.002151 0.999998
0.000860 0.004302 0.999990
0.000000 0.000000 -1.000000
-0.000000 0.000000 -1.000000
0.000000 0.000000 -1.000000
-0.000000 0.000000 -1.000000
8
0 0 1 2 0 0 1 1
0 0 2 3 0 1 2 1
0 3 2 4 2 1 3 1
0 3 4 5 2 3 4 1
0 6 7 8 5 6 7 1
0 6 8 9 5 7 7 1
0 10 11 7 8 8 6 1
0 10 7 6 8 6 5 1
"roof-top2" 0 4
12
0 30.005005 34.000000 30.005194 1.000000 1.000000 -1
0 30.005005 34.000000 0.000000 1.000000 0.500000 -1
0 0.000000 34.000000 0.000000 0.500143 0.500000 -1
0 -0.000000 34.000000 30.005188 0.500143 1.000000 -1
0 30.005005 34.000000 -30.005194 1.000000 0.000000 -1
0 0.000000 34.000000 -30.005188 0.500143 0.000000 -1
0 -0.000000 34.000000 -12.917717 0.500143 0.284742 -1
0 -13.002504 34.000000 0.000000 0.283532 0.500000 -1
0 -30.005005 34.000000 -0.000000 0.000285 0.500000 -1
0 -30.005005 34.000000 30.005194 0.000285 1.000000 -1
0 -30.022131 34.000000 -29.979364 0.000000 0.000430 -1
0 -13.001657 34.000000 -12.949512 0.283546 0.284212 -1
1
0.000000 1.000000 0.000000
12
0 0 1 2 0 0 0 1
0 0 2 3 0 0 0 1
0 1 4 5 0 0 0 1
0 1 5 6 0 0 0 1
0 1 6 2 0 0 0 1
0 3 2 7 0 0 0 1
0 3 7 8 0 0 0 1
0 3 8 9 0 0 0 1
0 10 8 7 0 0 0 1
0 10 7 11 0 0 0 1
0 11 6 10 0 0 0 1
0 5 10 6 0 0 0 1
"AC-sides1" 0 5
8
0 -13.002504 41.999996 -0.000000 0.000000 0.000000 -1
0 -13.002504 34.000000 0.000000 0.000000 1.000000 -1
0 0.000000 34.000000 0.000000 1.000000 1.000000 -1
0 0.000000 41.999996 -0.000000 1.000000 0.000000 -1
0 0.000000 41.999996 -12.917717 1.000000 0.000000 -1
0 -0.000000 34.000000 -12.917717 1.000000 1.000000 -1
0 -13.001657 34.000000 -12.949512 0.000065 1.000000 -1
0 -13.001657 41.999996 -12.949512 0.000065 0.000000 -1
6
0.000000 0.000000 1.000000
0.000000 0.000000 1.000000
0.000000 0.000000 1.000000
0.002445 -0.000000 -0.999997
0.002445 -0.000000 -0.999997
0.002445 0.000000 -0.999997
4
0 0 1 2 0 1 0 1
0 0 2 3 0 0 2 1
0 4 5 6 3 4 3 1
0 4 6 7 3 3 5 1
"AC-sides2" 0 5
8
0 0.000000 41.999996 -0.000000 0.000000 0.000000 -1
0 0.000000 34.000000 0.000000 0.000000 1.000000 -1
0 -0.000000 34.000000 -12.917717 0.997545 1.000000 -1
0 0.000000 41.999996 -12.917717 0.997545 0.000000 -1
0 -13.001657 41.999996 -12.949512 1.000000 0.000000 -1
0 -13.001657 34.000000 -12.949512 1.000000 1.000000 -1
0 -13.002504 34.000000 0.000000 0.000000 1.000000 -1
0 -13.002504 41.999996 -0.000000 0.000000 0.000000 -1
6
1.000000 -0.000000 -0.000000
1.000000 -0.000000 -0.000000
1.000000 -0.000000 -0.000000
-1.000000 -0.000000 -0.000065
-1.000000 0.000000 -0.000065
-1.000000 -0.000000 -0.000065
4
0 0 1 2 0 1 0 1
0 0 2 3 0 0 2 1
0 4 5 6 3 4 3 1
0 4 6 7 3 3 5 1
"AC-top" 0 6
4
1 -13.001657 41.999996 -12.949512 0.000065 0.000000 -1
1 -13.002504 41.999996 -0.000000 0.000000 1.000000 -1
1 0.000000 41.999996 -0.000000 1.000000 1.000000 -1
1 0.000000 41.999996 -12.917717 1.000000 0.002455 -1
1
0.000000 1.000000 0.000000
2
1 0 1 2 0 0 0 1
1 0 2 3 0 0 0 1

Materials: 7
"frontwall1"
0.200000 0.200000 0.200000 1.000000
0.800000 0.800000 0.800000 1.000000
0.000000 0.000000 0.000000 1.000000
0.000000 0.000000 0.000000 1.000000
0.000000
1.000000
".\frontwall1.bmp"
""
"frontwall2"
0.200000 0.200000 0.200000 1.000000
0.800000 0.800000 0.800000 1.000000
0.000000 0.000000 0.000000 1.000000
0.000000 0.000000 0.000000 1.000000
0.000000
1.000000
".\frontwall2.bmp"
""
"rearwall"
0.200000 0.200000 0.200000 1.000000
0.800000 0.800000 0.800000 1.000000
0.000000 0.000000 0.000000 1.000000
0.000000 0.000000 0.000000 1.000000
0.000000
1.000000
".\rearwall.bmp"
""
"concrete"
0.200000 0.200000 0.200000 1.000000
0.800000 0.800000 0.800000 1.000000
0.000000 0.000000 0.000000 1.000000
0.000000 0.000000 0.000000 1.000000
0.000000
1.000000
"..\common\concrete.bmp"
""
"tar"
0.200000 0.200000 0.200000 1.000000
0.800000 0.800000 0.800000 1.000000
0.000000 0.000000 0.000000 1.000000
0.000000 0.000000 0.000000 1.000000
0.000000
1.000000
"..\common\tar.bmp"
""
"AC-sides"
0.200000 0.200000 0.200000 1.000000
0.800000 0.800000 0.800000 1.000000
0.000000 0.000000 0.000000 1.000000
0.000000 0.000000 0.000000 1.000000
0.000000
1.000000
".\AC-sides.bmp"
""
"AC-top"
0.200000 0.200000 0.200000 1.000000
0.800000 0.800000 0.800000 1.000000
0.000000 0.000000 0.000000 1.000000
0.000000 0.000000 0.000000 1.000000
0.000000
1.000000
".\AC-top.bmp"
""

Bones: 0
GroupComments: 0
MaterialComments: 0
BoneComments: 0
ModelComment: 0
