// MilkShape 3D ASCII

Frames: 30
Frame: 1

Meshes: 3
"shell-top" 0 0
13
1 2.812500 0.000000 13.458334 0.986026 0.337831 -1
1 0.000000 0.000000 13.458334 0.500000 0.337831 -1
1 2.435697 -1.406250 13.458334 0.920911 0.506746 -1
1 1.406250 -2.435697 13.458334 0.743013 0.630400 -1
1 0.000000 -2.812500 13.458334 0.500000 0.675661 -1
1 -1.406250 -2.435697 13.458334 0.256987 0.630400 -1
1 -2.435697 -1.406250 13.458334 0.079089 0.506746 -1
1 -2.812500 0.000000 13.458334 0.013974 0.337831 -1
1 -2.435697 1.406250 13.458334 0.079089 0.168915 -1
1 -1.406250 2.435697 13.458334 0.256987 0.045261 -1
1 0.000000 2.812500 13.458334 0.500000 0.000000 -1
1 1.406250 2.435697 13.458334 0.743013 0.045261 -1
1 2.435697 1.406250 13.458334 0.920911 0.168915 -1
1
0.000000 0.000000 1.000000
12
1 0 1 2 0 0 0 2
1 2 1 3 0 0 0 2
1 3 1 4 0 0 0 2
1 4 1 5 0 0 0 2
1 5 1 6 0 0 0 2
1 6 1 7 0 0 0 2
1 7 1 8 0 0 0 2
1 8 1 9 0 0 0 2
1 9 1 10 0 0 0 2
1 10 1 11 0 0 0 2
1 11 1 12 0 0 0 2
1 12 1 0 0 0 0 2
"shell-sides" 0 0
48
1 3.164063 0.000000 0.000000 1.000000 0.000000 -1
1 3.164063 0.000000 0.785711 1.000000 -0.058381 -1
1 2.740158 -1.582031 0.000000 0.933013 0.000000 -1
1 2.740158 -1.582031 0.785711 0.933013 -0.058381 -1
1 2.812500 0.000000 0.767859 0.944444 -0.057055 -1
1 2.435697 -1.406250 0.767859 0.884900 -0.057055 -1
1 1.582031 -2.740158 0.785711 0.750000 -0.058381 -1
1 1.582031 -2.740158 0.000000 0.750000 0.000000 -1
1 1.406250 -2.435697 0.767859 0.722222 -0.057055 -1
1 0.000000 -3.164063 0.000000 0.500000 0.000000 -1
1 0.000000 -3.164063 0.785711 0.500000 -0.058381 -1
1 0.000000 -2.812500 0.767859 0.500000 -0.057055 -1
1 -1.582031 -2.740158 0.785711 0.250000 -0.058381 -1
1 -1.582031 -2.740158 0.000000 0.250000 0.000000 -1
1 -1.406250 -2.435697 0.767859 0.277778 -0.057055 -1
1 -2.740158 -1.582031 0.000000 0.066987 0.000000 -1
1 -2.740158 -1.582031 0.785711 0.066987 -0.058381 -1
1 -2.435697 -1.406250 0.767859 0.115100 -0.057055 -1
1 -3.164063 -0.000000 0.785711 0.000000 -0.058381 -1
1 -3.164063 -0.000000 0.000000 0.000000 0.000000 -1
1 -2.812500 -0.000000 0.767859 0.055556 -0.057055 -1
1 -2.740158 1.582031 -0.000000 0.066987 0.000000 -1
1 -2.740158 1.582031 0.785711 0.066987 -0.058381 -1
1 -2.435697 1.406250 0.767859 0.115100 -0.057055 -1
1 -1.582031 2.740158 0.785711 0.250000 -0.058381 -1
1 -1.582031 2.740158 -0.000000 0.250000 0.000000 -1
1 -1.406250 2.435697 0.767859 0.277778 -0.057055 -1
1 0.000000 3.164063 -0.000000 0.500000 0.000000 -1
1 0.000000 3.164063 0.785711 0.500000 -0.058381 -1
1 0.000000 2.812500 0.767859 0.500000 -0.057055 -1
1 1.582031 2.740158 0.785711 0.750000 -0.058381 -1
1 1.582031 2.740158 -0.000000 0.750000 0.000000 -1
1 1.406250 2.435697 0.767859 0.722222 -0.057055 -1
1 2.740158 1.582031 -0.000000 0.933013 0.000000 -1
1 2.740158 1.582031 0.785711 0.933013 -0.058381 -1
1 2.435697 1.406250 0.767859 0.884900 -0.057055 -1
1 2.812500 0.000000 13.458334 0.944444 -1.000000 -1
1 2.435697 -1.406250 13.458334 0.884900 -1.000000 -1
1 1.406250 -2.435697 13.458334 0.722222 -1.000000 -1
1 0.000000 -2.812500 13.458334 0.500000 -1.000000 -1
1 -1.406250 -2.435697 13.458334 0.277778 -1.000000 -1
1 -2.435697 -1.406250 13.458334 0.115100 -1.000000 -1
1 -2.812500 0.000000 13.458334 0.055556 -1.000000 -1
1 -2.435697 1.406250 13.458334 0.115100 -1.000000 -1
1 -1.406250 2.435697 13.458334 0.277778 -1.000000 -1
1 0.000000 2.812500 13.458334 0.500000 -1.000000 -1
1 1.406250 2.435697 13.458334 0.722222 -1.000000 -1
1 2.435697 1.406250 13.458334 0.884900 -1.000000 -1
44
1.000000 0.000000 0.000000
0.675649 0.000000 0.737223
0.866025 -0.500000 0.000000
0.585130 -0.337825 0.737223
0.675649 0.000000 0.737223
0.585130 -0.337825 0.737223
0.337825 -0.585130 0.737223
0.500000 -0.866025 0.000000
0.337825 -0.585130 0.737223
0.000000 -1.000000 0.000000
-0.000000 -0.675649 0.737223
0.000000 -0.675649 0.737223
-0.337825 -0.585130 0.737223
-0.500000 -0.866025 0.000000
-0.337825 -0.585130 0.737223
-0.866025 -0.500000 0.000000
-0.585130 -0.337825 0.737223
-0.585130 -0.337825 0.737223
-0.675649 -0.000000 0.737223
-1.000000 0.000000 0.000000
-0.675649 0.000000 0.737223
-0.866025 0.500000 -0.000000
-0.585130 0.337825 0.737223
-0.585130 0.337825 0.737223
-0.337825 0.585130 0.737223
-0.500000 0.866025 0.000000
-0.337825 0.585130 0.737223
0.000000 1.000000 0.000000
0.000000 0.675649 0.737223
0.000000 0.675649 0.737223
0.337825 0.585130 0.737223
0.500000 0.866025 0.000000
0.337825 0.585130 0.737223
0.866025 0.500000 -0.000000
0.585130 0.337825 0.737223
0.585130 0.337825 0.737223
0.866025 -0.500000 0.000000
0.500000 -0.866025 0.000000
-0.500000 -0.866025 0.000000
-0.866025 -0.500000 0.000000
-0.866025 0.500000 0.000000
-0.500000 0.866025 0.000000
0.500000 0.866025 0.000000
0.866025 0.500000 0.000000
72
1 0 1 2 0 1 2 1
1 1 3 2 1 3 2 1
1 1 4 5 1 4 5 1
1 1 5 3 1 5 3 1
1 2 3 6 2 3 6 1
1 2 6 7 2 6 7 1
1 3 5 6 3 5 6 1
1 5 8 6 5 8 6 1
1 7 6 9 7 6 9 1
1 6 10 9 6 10 9 1
1 6 8 11 6 8 11 1
1 6 11 10 6 11 10 1
1 9 10 12 9 10 12 1
1 9 12 13 9 12 13 1
1 10 11 12 10 11 12 1
1 11 14 12 11 14 12 1
1 13 12 15 13 12 15 1
1 12 16 15 12 16 15 1
1 12 14 17 12 14 17 1
1 12 17 16 12 17 16 1
1 15 16 18 15 16 18 1
1 15 18 19 15 18 19 1
1 16 17 18 16 17 18 1
1 17 20 18 17 20 18 1
1 19 18 21 19 18 21 1
1 18 22 21 18 22 21 1
1 18 20 23 18 20 23 1
1 18 23 22 18 23 22 1
1 21 22 24 21 22 24 1
1 21 24 25 21 24 25 1
1 22 23 24 22 23 24 1
1 23 26 24 23 26 24 1
1 25 24 27 25 24 27 1
1 24 28 27 24 28 27 1
1 24 26 29 24 26 29 1
1 24 29 28 24 29 28 1
1 27 28 30 27 28 30 1
1 27 30 31 27 30 31 1
1 28 29 30 28 29 30 1
1 29 32 30 29 32 30 1
1 31 30 33 31 30 33 1
1 30 34 33 30 34 33 1
1 30 32 35 30 32 35 1
1 30 35 34 30 35 34 1
1 33 34 1 33 34 1 1
1 33 1 0 33 1 0 1
1 34 35 1 34 35 1 1
1 35 4 1 35 4 1 1
1 4 36 5 4 0 5 1
1 36 37 5 0 36 5 1
1 5 37 38 5 36 37 1
1 5 38 8 5 37 8 1
1 8 38 11 8 37 11 1
1 38 39 11 37 9 11 1
1 11 39 40 11 9 38 1
1 11 40 14 11 38 14 1
1 14 40 17 14 38 17 1
1 40 41 17 38 39 17 1
1 17 41 42 17 39 19 1
1 17 42 20 17 19 20 1
1 20 42 23 20 19 23 1
1 42 43 23 19 40 23 1
1 23 43 44 23 40 41 1
1 23 44 26 23 41 26 1
1 26 44 29 26 41 29 1
1 44 45 29 41 27 29 1
1 29 45 46 29 27 42 1
1 29 46 32 29 42 32 1
1 32 46 35 32 42 35 1
1 46 47 35 42 43 35 1
1 35 47 36 35 43 0 1
1 35 36 4 35 0 4 1
"shell-bottom" 0 1
13
1 3.164063 0.000000 0.000000 0.981416 0.500000 -1
1 2.740158 -1.582031 0.000000 0.916903 0.264503 -1
1 0.000000 0.000000 0.000000 0.499885 0.500000 -1
1 1.582031 -2.740158 0.000000 0.740650 0.092107 -1
1 0.000000 -3.164063 0.000000 0.499885 0.029006 -1
1 -1.582031 -2.740158 0.000000 0.259119 0.092107 -1
1 -2.740158 -1.582031 0.000000 0.082867 0.264503 -1
1 -3.164063 -0.000000 0.000000 0.018354 0.500000 -1
1 -2.740158 1.582031 -0.000000 0.082867 0.735497 -1
1 -1.582031 2.740158 -0.000000 0.259119 0.907893 -1
1 0.000000 3.164063 -0.000000 0.499885 0.970994 -1
1 1.582031 2.740158 -0.000000 0.740650 0.907893 -1
1 2.740158 1.582031 -0.000000 0.916903 0.735497 -1
6
0.000000 -0.000000 -1.000000
0.000000 -0.000000 -1.000000
-0.000000 -0.000000 -1.000000
0.000000 -0.000000 -1.000000
-0.000000 -0.000000 -1.000000
0.000000 -0.000000 -1.000000
12
1 0 1 2 0 1 0 2
1 1 3 2 1 2 0 2
1 3 4 2 2 0 0 2
1 4 5 2 0 3 0 2
1 5 6 2 3 4 0 2
1 6 7 2 4 5 0 2
1 7 8 2 5 1 0 2
1 8 9 2 1 2 0 2
1 9 10 2 2 0 0 2
1 10 11 2 0 3 0 2
1 11 12 2 3 4 0 2
1 12 0 2 4 0 0 2

Materials: 2
"shell"
0.200000 0.200000 0.200000 1.000000
0.800000 0.800000 0.800000 1.000000
0.000000 0.000000 0.000000 1.000000
0.000000 0.000000 0.000000 1.000000
0.000000
1.000000
".\shell.bmp"
""
"shell-bottom"
0.200000 0.200000 0.200000 1.000000
0.800000 0.800000 0.800000 1.000000
0.000000 0.000000 0.000000 1.000000
0.000000 0.000000 0.000000 1.000000
0.000000
1.000000
".\shell-bottom.bmp"
""

Bones: 0
GroupComments: 0
MaterialComments: 0
BoneComments: 0
ModelComment: 0
