// MilkShape 3D ASCII

Frames: 30
Frame: 1

Meshes: 6
"door" 1 0
20
1 5.307559 0.330783 50.613499 0.000000 0.000000 -1
1 -8.165201 0.238116 43.320637 0.000000 1.000000 -1
1 4.550951 0.281691 42.021824 1.000000 0.000000 -1
1 -3.572569 0.238116 35.970882 1.000000 1.000000 -1
1 4.550951 0.281691 42.021824 0.000000 0.000000 -1
1 -3.572569 0.238116 35.970882 0.000000 1.000000 -1
1 4.170294 1.898818 41.849739 1.000000 0.000000 -1
1 -2.852655 1.916249 36.083302 1.000000 1.000000 -1
1 4.170294 1.898818 41.849739 0.000000 0.000000 -1
1 -2.852655 1.916249 36.083302 0.000000 1.000000 -1
1 5.032170 2.641404 50.441418 1.000000 0.000000 -1
1 -7.445290 1.916249 43.433060 1.000000 1.000000 -1
1 5.032170 2.641404 50.441418 0.000000 0.000000 -1
1 -7.445290 1.916249 43.433060 0.000000 1.000000 -1
1 5.307559 0.330783 50.613499 1.000000 0.000000 -1
1 -8.165201 0.238116 43.320637 1.000000 1.000000 -1
1 5.307559 0.330783 50.613499 0.000000 1.000000 -1
1 4.550951 0.281691 42.021824 1.000000 1.000000 -1
1 -8.165201 0.238116 43.320637 0.000000 0.000000 -1
1 -3.572569 0.238116 35.970882 1.000000 0.000000 -1
18
0.003974 -0.999978 0.005364
0.003817 -0.999985 0.003825
0.003660 -0.999991 0.002287
0.596263 0.055129 -0.800894
0.613666 -0.080775 -0.785423
0.619402 -0.215142 -0.755020
0.079435 0.992422 -0.093745
0.018281 0.998004 -0.060443
-0.042963 0.998716 -0.026846
-0.489997 0.006519 0.871700
-0.482077 0.075513 0.872869
-0.471832 0.144142 0.869826
0.988018 0.109669 -0.108592
0.981452 0.164848 -0.097867
0.971741 0.219499 -0.086829
-0.787580 0.370838 -0.492134
-0.787580 0.370838 -0.492134
-0.787580 0.370838 -0.492134
12
1 0 1 2 0 1 1 1
1 1 3 2 1 2 1 1
1 4 5 6 3 4 4 2
1 5 7 6 4 5 4 2
1 8 9 10 6 7 7 1
1 9 11 10 7 8 7 1
1 12 13 14 9 10 10 2
1 13 15 14 10 11 10 2
1 12 16 6 12 13 13 3
1 16 17 6 13 14 13 3
1 18 13 19 15 16 16 3
1 13 7 19 16 17 16 3
"windows" 1 2
140
1 -47.179497 2.448733 20.280262 0.000000 0.000000 -1
1 -30.258343 2.448725 13.784842 0.000000 1.000000 -1
1 -50.285355 2.448733 12.189228 1.000000 0.000000 -1
1 -33.364212 2.448725 5.693805 1.000000 1.000000 -1
1 -50.285355 2.448733 12.189228 0.000000 0.000000 -1
1 -33.364212 2.448725 5.693805 0.000000 1.000000 -1
1 -50.285339 0.115410 12.189223 1.000000 0.000000 -1
1 -33.364220 0.115401 5.693810 1.000000 1.000000 -1
1 -50.285339 0.115410 12.189223 0.000000 0.000000 -1
1 -33.364220 0.115401 5.693810 0.000000 1.000000 -1
1 -47.179482 0.115399 20.280258 1.000000 0.000000 -1
1 -30.258350 0.115389 13.784845 1.000000 1.000000 -1
1 -47.179482 0.115399 20.280258 0.000000 0.000000 -1
1 -30.258350 0.115389 13.784845 0.000000 1.000000 -1
1 -47.179497 2.448733 20.280262 1.000000 0.000000 -1
1 -30.258343 2.448725 13.784842 1.000000 1.000000 -1
1 -47.179497 2.448733 20.280262 0.000000 1.000000 -1
1 -50.285355 2.448733 12.189228 1.000000 1.000000 -1
1 -30.258343 2.448725 13.784842 0.000000 0.000000 -1
1 -33.364212 2.448725 5.693805 1.000000 0.000000 -1
1 25.327375 0.115399 3.433012 1.000000 0.000000 -1
1 40.152721 0.115395 -10.125606 0.000000 1.000000 -1
1 33.362976 0.115399 6.679601 0.000000 0.000000 -1
1 32.117119 0.115395 -13.372195 1.000000 1.000000 -1
1 25.327381 2.448731 3.433004 1.000000 0.000000 -1
1 32.117119 0.115395 -13.372195 0.000000 1.000000 -1
1 25.327375 0.115399 3.433012 0.000000 0.000000 -1
1 32.117119 2.448726 -13.372191 1.000000 1.000000 -1
1 33.362976 2.448735 6.679601 1.000000 0.000000 -1
1 32.117119 2.448726 -13.372191 0.000000 1.000000 -1
1 25.327381 2.448731 3.433004 0.000000 0.000000 -1
1 40.152721 2.448732 -10.125606 1.000000 1.000000 -1
1 33.362976 0.115399 6.679601 1.000000 0.000000 -1
1 40.152721 2.448732 -10.125606 0.000000 1.000000 -1
1 33.362976 2.448735 6.679601 0.000000 0.000000 -1
1 40.152721 0.115395 -10.125606 1.000000 1.000000 -1
1 33.362976 0.115399 6.679601 0.000000 1.000000 -1
1 25.327375 0.115399 3.433012 1.000000 1.000000 -1
1 32.117119 0.115395 -13.372195 1.000000 0.000000 -1
1 40.152721 0.115395 -10.125606 0.000000 0.000000 -1
1 -37.122112 2.584368 -22.863350 0.000000 0.000000 -1
1 -28.334951 2.584363 -7.010884 0.000000 1.000000 -1
1 -29.542070 2.584368 -27.065033 1.000000 0.000000 -1
1 -20.754904 2.584363 -11.212575 1.000000 1.000000 -1
1 -29.542070 2.584368 -27.065033 0.000000 0.000000 -1
1 -20.754904 2.584363 -11.212575 0.000000 1.000000 -1
1 -29.542086 0.251046 -27.065041 1.000000 0.000000 -1
1 -20.754904 0.251034 -11.212560 1.000000 1.000000 -1
1 -29.542086 0.251046 -27.065041 0.000000 0.000000 -1
1 -20.754904 0.251034 -11.212560 0.000000 1.000000 -1
1 -37.122128 0.251033 -22.863380 1.000000 0.000000 -1
1 -28.334944 0.251031 -7.010873 1.000000 1.000000 -1
1 -37.122128 0.251033 -22.863380 0.000000 0.000000 -1
1 -28.334944 0.251031 -7.010873 0.000000 1.000000 -1
1 -37.122112 2.584368 -22.863350 1.000000 0.000000 -1
1 -28.334951 2.584363 -7.010884 1.000000 1.000000 -1
1 -37.122112 2.584368 -22.863350 0.000000 1.000000 -1
1 -29.542070 2.584368 -27.065033 1.000000 1.000000 -1
1 -28.334951 2.584363 -7.010884 0.000000 0.000000 -1
1 -20.754904 2.584363 -11.212575 1.000000 0.000000 -1
1 51.774097 0.251030 -0.124660 1.000000 0.000000 -1
1 70.205994 0.251026 -8.117930 0.000000 1.000000 -1
1 58.314896 0.251030 5.561192 0.000000 0.000000 -1
1 63.665169 0.251026 -13.803779 1.000000 1.000000 -1
1 51.774109 2.584360 -0.124675 1.000000 0.000000 -1
1 63.665169 0.251026 -13.803779 0.000000 1.000000 -1
1 51.774097 0.251030 -0.124660 0.000000 0.000000 -1
1 63.665176 2.584367 -13.803775 1.000000 1.000000 -1
1 58.314907 2.584369 5.561186 1.000000 0.000000 -1
1 63.665176 2.584367 -13.803775 0.000000 1.000000 -1
1 51.774109 2.584360 -0.124675 0.000000 0.000000 -1
1 70.205994 2.584367 -8.117930 1.000000 1.000000 -1
1 58.314896 0.251030 5.561192 1.000000 0.000000 -1
1 70.205994 2.584367 -8.117930 0.000000 1.000000 -1
1 58.314907 2.584369 5.561186 0.000000 0.000000 -1
1 70.205994 0.251026 -8.117930 1.000000 1.000000 -1
1 58.314896 0.251030 5.561192 0.000000 1.000000 -1
1 51.774097 0.251030 -0.124660 1.000000 1.000000 -1
1 63.665169 0.251026 -13.803779 1.000000 0.000000 -1
1 70.205994 0.251026 -8.117930 0.000000 0.000000 -1
1 -12.947084 14.266336 -9.624261 0.000000 0.000000 -1
1 0.558471 5.156715 -1.678782 0.000000 1.000000 -1
1 -9.797388 12.141840 -17.413822 1.000000 0.000000 -1
1 3.708175 3.032218 -9.468341 1.000000 1.000000 -1
1 -9.797388 12.141840 -17.413822 0.000000 0.000000 -1
1 3.708175 3.032218 -9.468341 0.000000 1.000000 -1
1 -11.102158 10.207409 -17.413807 1.000000 0.000000 -1
1 2.403387 1.097804 -9.468341 1.000000 1.000000 -1
1 -11.102158 10.207409 -17.413807 0.000000 0.000000 -1
1 2.403387 1.097804 -9.468341 0.000000 1.000000 -1
1 -14.251852 12.331911 -9.624253 1.000000 0.000000 -1
1 -0.746315 3.222298 -1.678786 1.000000 1.000000 -1
1 -14.251852 12.331911 -9.624253 0.000000 0.000000 -1
1 -0.746315 3.222298 -1.678786 0.000000 1.000000 -1
1 -12.947084 14.266336 -9.624261 1.000000 0.000000 -1
1 0.558471 5.156715 -1.678782 1.000000 1.000000 -1
1 -12.947084 14.266336 -9.624261 0.000000 1.000000 -1
1 -9.797388 12.141840 -17.413822 1.000000 1.000000 -1
1 0.558471 5.156715 -1.678782 0.000000 0.000000 -1
1 3.708175 3.032218 -9.468341 1.000000 0.000000 -1
1 41.612549 0.182061 -43.778057 1.000000 0.000000 -1
1 43.867577 0.182065 -23.814545 0.000000 1.000000 -1
1 34.262791 0.182061 -39.185417 0.000000 0.000000 -1
1 51.217335 0.182065 -28.407188 1.000000 1.000000 -1
1 41.612545 2.515398 -43.778049 1.000000 0.000000 -1
1 51.217335 0.182065 -28.407188 0.000000 1.000000 -1
1 41.612549 0.182061 -43.778057 0.000000 0.000000 -1
1 51.217327 2.515397 -28.407181 1.000000 1.000000 -1
1 34.262791 2.515398 -39.185417 1.000000 0.000000 -1
1 51.217327 2.515397 -28.407181 0.000000 1.000000 -1
1 41.612545 2.515398 -43.778049 0.000000 0.000000 -1
1 43.867577 2.515400 -23.814545 1.000000 1.000000 -1
1 34.262791 0.182061 -39.185417 1.000000 0.000000 -1
1 43.867577 2.515400 -23.814545 0.000000 1.000000 -1
1 34.262791 2.515398 -39.185417 0.000000 0.000000 -1
1 43.867577 0.182065 -23.814545 1.000000 1.000000 -1
1 34.262791 0.182061 -39.185417 0.000000 1.000000 -1
1 41.612549 0.182061 -43.778057 1.000000 1.000000 -1
1 51.217335 0.182065 -28.407188 1.000000 0.000000 -1
1 43.867577 0.182065 -23.814545 0.000000 0.000000 -1
1 -8.300627 2.459851 -45.361584 1.000000 0.000000 -1
1 -7.019623 13.603794 -28.694298 0.000000 1.000000 -1
1 -0.511066 5.903126 -43.755989 0.000000 0.000000 -1
1 -14.809177 10.160522 -30.299908 1.000000 1.000000 -1
1 -7.713928 0.561886 -44.137691 1.000000 0.000000 -1
1 -14.809177 10.160522 -30.299908 0.000000 1.000000 -1
1 -8.300627 2.459851 -45.361584 0.000000 0.000000 -1
1 -14.222480 8.262548 -29.076004 1.000000 1.000000 -1
1 0.075630 4.005143 -42.532063 1.000000 0.000000 -1
1 -14.222480 8.262548 -29.076004 0.000000 1.000000 -1
1 -7.713928 0.561886 -44.137691 0.000000 0.000000 -1
1 -6.432924 11.705814 -27.470390 1.000000 1.000000 -1
1 -0.511066 5.903126 -43.755989 1.000000 0.000000 -1
1 -6.432924 11.705814 -27.470390 0.000000 1.000000 -1
1 0.075630 4.005143 -42.532063 0.000000 0.000000 -1
1 -7.019623 13.603794 -28.694298 1.000000 1.000000 -1
1 -0.511066 5.903126 -43.755989 0.000000 1.000000 -1
1 -8.300627 2.459851 -45.361584 1.000000 1.000000 -1
1 -14.809177 10.160522 -30.299908 1.000000 0.000000 -1
1 -7.019623 13.603794 -28.694298 0.000000 0.000000 -1
122
0.000000 1.000000 -0.000000
0.000000 1.000000 -0.000000
0.000000 1.000000 -0.000000
-0.358368 -0.000000 -0.933580
-0.358368 -0.000001 -0.933580
-0.358368 -0.000001 -0.933580
-0.000001 -1.000000 -0.000001
-0.000001 -1.000000 -0.000001
-0.000001 -1.000000 -0.000001
0.358368 0.000001 0.933580
0.358368 0.000001 0.933580
0.358368 0.000000 0.933580
-0.933580 -0.000007 0.358368
-0.933580 -0.000007 0.358368
-0.933580 -0.000007 0.358368
0.933580 -0.000004 -0.358369
0.933580 -0.000004 -0.358369
0.933580 -0.000004 -0.358369
-0.000000 -1.000000 0.000000
-0.000000 -1.000000 0.000000
-0.927184 0.000001 -0.374607
-0.927184 0.000001 -0.374607
-0.927184 0.000001 -0.374606
-0.000000 1.000000 -0.000000
-0.000000 1.000000 -0.000000
-0.000001 1.000000 -0.000000
0.927184 0.000000 0.374607
0.927184 0.000000 0.374607
-0.374607 0.000002 0.927184
-0.374607 0.000000 0.927184
-0.374606 0.000004 0.927184
0.374606 0.000001 -0.927184
0.374606 0.000000 -0.927184
0.374606 0.000002 -0.927184
0.000000 1.000000 0.000000
0.000000 1.000000 0.000000
0.000000 1.000000 0.000000
0.874620 -0.000004 -0.484810
0.874620 -0.000004 -0.484810
0.874619 -0.000003 -0.484810
0.000001 -1.000000 -0.000001
0.000001 -1.000000 -0.000001
0.000000 -1.000000 -0.000000
-0.874620 -0.000001 0.484809
-0.874620 -0.000001 0.484809
-0.874620 -0.000000 0.484809
-0.484807 0.000015 -0.874621
-0.484808 0.000010 -0.874620
-0.484809 0.000006 -0.874620
0.484810 0.000006 0.874620
0.484810 0.000006 0.874620
0.484810 0.000006 0.874620
-0.000000 -1.000000 0.000000
-0.000000 -1.000000 0.000000
-0.000000 -1.000000 0.000000
-0.754710 0.000002 -0.656059
-0.754710 -0.000000 -0.656059
-0.754709 0.000004 -0.656059
-0.000001 1.000000 -0.000000
-0.000001 1.000000 -0.000000
0.000000 1.000000 -0.000000
0.754709 -0.000001 0.656060
0.754709 -0.000002 0.656059
0.754709 0.000000 0.656060
-0.656061 0.000006 0.754708
-0.656061 0.000005 0.754708
-0.656061 0.000008 0.754708
0.656059 -0.000000 -0.754710
0.656059 0.000000 -0.754710
0.656059 -0.000001 -0.754710
0.559193 0.829037 0.000000
0.559193 0.829037 0.000000
0.559193 0.829038 0.000001
0.363425 -0.245136 -0.898794
0.363425 -0.245136 -0.898794
0.363425 -0.245135 -0.898794
-0.559193 -0.829037 0.000001
-0.559193 -0.829037 -0.000000
-0.559193 -0.829037 -0.000001
-0.363426 0.245134 0.898794
-0.363426 0.245134 0.898794
-0.363426 0.245133 0.898794
-0.745138 0.502593 -0.438371
-0.745139 0.502592 -0.438371
-0.745139 0.502591 -0.438371
0.745133 -0.502601 0.438372
0.745132 -0.502601 0.438372
0.745132 -0.502602 0.438371
0.000000 -1.000000 0.000000
0.000000 -1.000000 0.000000
0.000000 -1.000000 0.000000
0.848048 0.000004 -0.529919
0.848048 0.000003 -0.529919
0.848048 0.000005 -0.529919
0.000000 1.000000 -0.000000
0.000000 1.000000 0.000000
0.000000 1.000000 -0.000000
-0.848048 0.000000 0.529919
-0.529919 0.000001 -0.848048
-0.529919 0.000000 -0.848048
-0.529919 0.000002 -0.848048
0.529920 -0.000001 0.848048
0.529920 0.000000 0.848048
0.529919 -0.000001 0.848048
-0.251441 0.813414 -0.524533
-0.251442 0.813414 -0.524533
-0.251441 0.813414 -0.524533
-0.898794 -0.397300 -0.185263
-0.898794 -0.397300 -0.185263
-0.898794 -0.397300 -0.185263
0.251439 -0.813415 0.524533
0.251438 -0.813416 0.524532
0.251440 -0.813414 0.524533
0.898794 0.397300 0.185263
0.898794 0.397300 0.185263
0.898794 0.397299 0.185263
0.359091 -0.424863 -0.830990
0.359094 -0.424866 -0.830988
0.359089 -0.424860 -0.830993
-0.359091 0.424861 0.830991
-0.359091 0.424861 0.830991
-0.359091 0.424861 0.830991
84
1 0 1 2 0 1 1 1
1 1 3 2 1 2 1 1
1 4 5 6 3 4 4 2
1 5 7 6 4 5 4 2
1 8 9 10 6 7 7 1
1 9 11 10 7 8 7 1
1 12 13 14 9 10 10 2
1 13 15 14 10 11 10 2
1 12 16 6 12 13 13 3
1 16 17 6 13 14 13 3
1 18 13 19 15 16 16 3
1 13 7 19 16 17 16 3
1 20 21 22 18 18 18 1
1 20 23 21 18 19 18 1
1 24 25 26 20 20 21 2
1 24 27 25 20 22 20 2
1 28 29 30 23 23 24 1
1 28 31 29 23 25 23 1
1 32 33 34 26 26 27 2
1 32 35 33 26 26 26 2
1 24 36 34 28 28 29 3
1 24 37 36 28 30 28 3
1 38 33 39 31 31 32 3
1 38 27 33 31 33 31 3
1 40 41 42 34 35 35 1
1 41 43 42 35 36 35 1
1 44 45 46 37 38 38 2
1 45 47 46 38 39 38 2
1 48 49 50 40 41 41 1
1 49 51 50 41 42 41 1
1 52 53 54 43 44 44 2
1 53 55 54 44 45 44 2
1 52 56 46 46 47 47 3
1 56 57 46 47 48 47 3
1 58 53 59 49 50 50 3
1 53 47 59 50 51 50 3
1 60 61 62 52 52 53 1
1 60 63 61 52 54 52 1
1 64 65 66 55 55 56 2
1 64 67 65 55 57 55 2
1 68 69 70 58 58 59 1
1 68 71 69 58 60 58 1
1 72 73 74 61 61 62 2
1 72 75 73 61 63 61 2
1 64 76 74 64 64 65 3
1 64 77 76 64 66 64 3
1 78 73 79 67 67 68 3
1 78 67 73 67 69 67 3
1 80 81 82 70 71 71 1
1 81 83 82 71 72 71 1
1 84 85 86 73 74 74 2
1 85 87 86 74 75 74 2
1 88 89 90 76 77 77 1
1 89 91 90 77 78 77 1
1 92 93 94 79 80 80 2
1 93 95 94 80 81 80 2
1 92 96 86 82 83 83 3
1 96 97 86 83 84 83 3
1 98 93 99 85 86 86 3
1 93 87 99 86 87 86 3
1 100 101 102 88 88 89 1
1 100 103 101 88 90 88 1
1 104 105 106 91 91 92 2
1 104 107 105 91 93 91 2
1 108 109 110 94 94 95 1
1 108 111 109 94 96 94 1
1 112 113 114 97 97 97 2
1 112 115 113 97 97 97 2
1 104 116 114 98 98 99 3
1 104 117 116 98 100 98 3
1 118 113 119 101 101 102 3
1 118 107 113 101 103 101 3
1 120 121 122 104 104 105 1
1 120 123 121 104 106 104 1
1 124 125 126 107 107 108 2
1 124 127 125 107 109 107 2
1 128 129 130 110 110 111 1
1 128 131 129 110 112 110 1
1 132 133 134 113 113 114 2
1 132 135 133 113 115 113 2
1 124 136 134 116 116 117 3
1 124 137 136 116 118 116 3
1 138 133 139 119 119 120 3
1 138 127 133 119 121 119 3
"Duplicate01" 1 4
8
1 7.922997 33.567837 25.973721 0.000000 0.000000 -1
1 7.943192 35.613163 23.669285 0.000000 1.000000 -1
1 7.919342 33.581043 25.978790 1.000000 0.000000 -1
1 7.939568 35.621075 23.681017 1.000000 1.000000 -1
1 7.887634 35.627354 23.677895 1.000000 0.000000 -1
1 7.909676 33.565544 25.980286 0.000000 1.000000 -1
1 7.883514 35.619499 23.666246 0.000000 0.000000 -1
1 7.913773 33.578663 25.985321 1.000000 1.000000 -1
6
0.963337 0.196411 0.182769
0.965273 0.191104 0.178120
0.967158 0.185787 0.173460
0.955766 -0.214507 -0.201242
0.957634 -0.209923 -0.197155
0.953859 -0.219081 -0.205321
4
1 0 1 2 0 1 1 3
1 1 3 2 1 2 1 3
1 4 5 6 3 3 4 3
1 4 7 5 3 5 3 3
"cross" 1 1
129
1 7.935822 35.968674 24.158691 0.000000 1.000000 -1
1 9.241737 36.150715 24.428627 0.000000 0.833333 -1
1 9.067581 35.613533 24.794601 0.083333 0.833333 -1
1 8.026588 38.876011 28.469025 0.000000 0.000000 -1
1 9.146149 38.131393 28.527473 0.083333 0.166667 -1
1 9.320328 38.668564 28.161476 0.000000 0.166667 -1
1 7.935822 35.968674 24.158691 0.083333 1.000000 -1
1 8.591789 35.223709 25.067581 0.166667 0.833333 -1
1 8.026588 38.876011 28.469025 0.083333 0.000000 -1
1 8.670372 37.741570 28.800432 0.166667 0.166667 -1
1 7.935822 35.968674 24.158691 0.166667 1.000000 -1
1 7.941917 35.085636 25.174374 0.250000 0.833333 -1
1 8.026588 38.876011 28.469025 0.166667 0.000000 -1
1 8.020523 37.603500 28.907228 0.250000 0.166667 -1
1 7.935822 35.968674 24.158691 0.250000 1.000000 -1
1 7.292023 35.236397 25.086388 0.333333 0.833333 -1
1 8.026588 38.876011 28.469025 0.250000 0.000000 -1
1 7.370613 37.754257 28.819267 0.333333 0.166667 -1
1 7.935822 35.968674 24.158691 0.333333 1.000000 -1
1 6.816269 35.635521 24.827183 0.416667 0.833333 -1
1 8.026588 38.876011 28.469025 0.333333 0.000000 -1
1 6.894844 38.153355 28.560036 0.416667 0.166667 -1
1 7.935822 35.968674 24.158691 0.416667 1.000000 -1
1 6.642075 36.176113 24.466242 0.500000 0.833333 -1
1 8.026588 38.876011 28.469025 0.416667 0.000000 -1
1 6.720695 38.693943 28.199110 0.500000 0.166667 -1
1 7.935822 35.968674 24.158691 0.500000 1.000000 -1
1 6.816269 36.713257 24.100227 0.583333 0.833333 -1
1 8.026588 38.876011 28.469025 0.500000 0.000000 -1
1 6.894844 39.231129 27.833084 0.583333 0.166667 -1
1 7.935822 35.968674 24.158691 0.583333 1.000000 -1
1 7.292023 37.103107 23.827271 0.666667 0.833333 -1
1 8.026588 38.876011 28.469025 0.583333 0.000000 -1
1 7.370613 39.620975 27.560144 0.666667 0.166667 -1
1 7.935822 35.968674 24.158691 0.666667 1.000000 -1
1 7.941917 37.241154 23.720474 0.750000 0.833333 -1
1 8.026588 38.876011 28.469025 0.666667 0.000000 -1
1 8.020523 39.759010 27.453335 0.750000 0.166667 -1
1 7.935822 35.968674 24.158691 0.750000 1.000000 -1
1 8.591789 37.090420 23.808460 0.833333 0.833333 -1
1 8.026588 38.876011 28.469025 0.750000 0.000000 -1
1 8.670372 39.608284 27.541321 0.833333 0.166667 -1
1 7.935822 35.968674 24.158691 0.833333 1.000000 -1
1 9.067581 36.691284 24.067650 0.916667 0.833333 -1
1 8.026588 38.876011 28.469025 0.833333 0.000000 -1
1 9.146149 39.209152 27.800489 0.916667 0.166667 -1
1 7.935822 35.968674 24.158691 0.916667 1.000000 -1
1 9.241737 36.150715 24.428627 1.000000 0.833333 -1
1 8.026588 38.876011 28.469025 0.916667 0.000000 -1
1 9.320328 38.668564 28.161476 1.000000 0.166667 -1
1 10.209862 36.673492 25.203701 0.000000 0.666667 -1
1 9.908241 35.743084 25.837612 0.083333 0.666667 -1
1 9.084167 35.067902 26.310411 0.166667 0.666667 -1
1 7.958527 34.828781 26.495388 0.250000 0.666667 -1
1 6.832893 35.089851 26.342976 0.333333 0.666667 -1
1 6.008789 35.781158 25.894039 0.416667 0.666667 -1
1 5.707199 36.717461 25.268837 0.500000 0.666667 -1
1 6.008789 37.647858 24.634924 0.583333 0.666667 -1
1 6.832893 38.323112 24.162132 0.666667 0.666667 -1
1 7.958527 38.562218 23.977135 0.750000 0.666667 -1
1 9.084167 38.301151 24.129581 0.833333 0.666667 -1
1 9.908241 37.609806 24.578468 0.916667 0.666667 -1
1 10.209862 36.673492 25.203701 1.000000 0.666667 -1
1 10.580833 37.396976 26.276228 0.000000 0.500000 -1
1 10.232529 36.322613 27.008228 0.083333 0.500000 -1
1 9.281013 35.542938 27.554148 0.166667 0.500000 -1
1 7.982704 35.313690 27.837252 0.250000 0.500000 -1
1 6.681374 35.568302 27.591782 0.333333 0.500000 -1
1 5.729881 36.366543 27.073395 0.416667 0.500000 -1
1 5.381622 37.447712 26.351465 0.500000 0.500000 -1
1 5.729881 38.522053 25.619493 0.583333 0.500000 -1
1 6.681374 39.301746 25.073551 0.666667 0.500000 -1
1 7.982704 39.624699 24.929434 0.750000 0.500000 -1
1 9.281013 39.276382 25.035923 0.833333 0.500000 -1
1 10.232529 38.478127 25.554327 0.916667 0.500000 -1
1 10.580833 37.396976 26.276228 1.000000 0.500000 -1
1 10.255234 38.127197 27.358864 0.000000 0.333333 -1
1 9.953613 37.196785 27.992792 0.083333 0.333333 -1
1 9.129555 36.521561 28.465557 0.166667 0.333333 -1
1 8.003899 36.282463 28.650555 0.250000 0.333333 -1
1 6.878235 36.543537 28.498165 0.333333 0.333333 -1
1 6.054192 37.234837 28.049225 0.416667 0.333333 -1
1 5.752571 38.171158 27.424032 0.500000 0.333333 -1
1 6.054192 39.101566 26.790089 0.583333 0.333333 -1
1 6.878235 39.776794 26.317326 0.666667 0.333333 -1
1 8.003899 40.015884 26.132357 0.750000 0.333333 -1
1 9.129555 39.754791 26.284708 0.833333 0.333333 -1
1 9.953613 39.063503 26.733664 0.916667 0.333333 -1
1 10.255234 38.127197 27.358864 1.000000 0.333333 -1
1 7.397743 47.413582 42.726547 0.000000 0.000000 -1
1 7.062660 36.678749 26.811483 0.000000 1.000000 -1
1 9.226059 47.395760 42.700123 1.000000 0.000000 -1
1 8.890984 36.660873 26.785023 1.000000 1.000000 -1
1 9.226059 47.395760 42.700123 0.000000 0.000000 -1
1 8.890984 36.660873 26.785023 0.000000 1.000000 -1
1 9.226059 48.722198 41.805370 1.000000 0.000000 -1
1 8.890984 37.987358 25.890314 1.000000 1.000000 -1
1 9.226059 48.722198 41.805370 0.000000 0.000000 -1
1 8.890984 37.987358 25.890314 0.000000 1.000000 -1
1 7.397743 48.740051 41.831833 1.000000 0.000000 -1
1 7.062660 38.005196 25.916763 1.000000 1.000000 -1
1 7.397743 48.740051 41.831833 0.000000 0.000000 -1
1 7.062660 38.005196 25.916763 0.000000 1.000000 -1
1 7.397743 47.413582 42.726547 1.000000 0.000000 -1
1 7.062660 36.678749 26.811483 1.000000 1.000000 -1
1 7.397743 47.413582 42.726547 0.000000 1.000000 -1
1 9.226059 47.395760 42.700123 1.000000 1.000000 -1
1 7.062660 36.678749 26.811483 0.000000 0.000000 -1
1 8.890984 36.660873 26.785023 1.000000 0.000000 -1
1 13.291084 44.949936 39.074062 0.000000 0.000000 -1
1 3.174133 45.048737 39.220470 0.000000 1.000000 -1
1 13.259117 43.927589 37.558338 1.000000 0.000000 -1
1 3.142227 44.026363 37.704773 1.000000 1.000000 -1
1 13.259117 43.927589 37.558338 0.000000 0.000000 -1
1 3.142227 44.026363 37.704773 0.000000 1.000000 -1
1 13.259117 45.254051 36.663651 1.000000 0.000000 -1
1 3.142227 45.352802 36.810055 1.000000 1.000000 -1
1 13.259117 45.254051 36.663651 0.000000 0.000000 -1
1 3.142227 45.352802 36.810055 0.000000 1.000000 -1
1 13.291084 46.276436 38.179356 1.000000 0.000000 -1
1 3.174133 46.375175 38.325748 1.000000 1.000000 -1
1 13.291084 46.276436 38.179356 0.000000 0.000000 -1
1 3.174133 46.375175 38.325748 0.000000 1.000000 -1
1 13.291084 44.949936 39.074062 1.000000 0.000000 -1
1 3.174133 45.048737 39.220470 1.000000 1.000000 -1
1 13.291084 44.949936 39.074062 0.000000 1.000000 -1
1 13.259117 43.927589 37.558338 1.000000 1.000000 -1
1 3.174133 45.048737 39.220470 0.000000 0.000000 -1
1 3.142227 44.026363 37.704773 1.000000 0.000000 -1
98
-0.017456 -0.559106 -0.828912
0.559193 -0.463595 -0.687301
0.416263 -0.695517 -0.585646
0.017457 0.559106 0.828912
0.446531 0.274024 0.851775
0.587781 0.452405 0.670704
0.272450 -0.872610 -0.405368
0.301040 0.043375 0.952625
-0.015130 -0.897821 -0.440100
0.015158 0.071717 0.997310
-0.301047 -0.867005 -0.397080
-0.272446 0.048988 0.960923
-0.446530 -0.687091 -0.573163
-0.416283 0.282457 0.864249
-0.587782 -0.452401 -0.670706
-0.559191 0.463588 0.687308
-0.446531 -0.274039 -0.851770
-0.416284 0.695508 0.585641
-0.301037 -0.043381 -0.952625
-0.272449 0.872603 0.405384
-0.015131 -0.071732 -0.997309
0.015147 0.897823 0.440096
0.272441 -0.048972 -0.960925
0.301050 0.867005 0.397078
0.416265 -0.282464 -0.864256
0.446539 0.687097 0.573150
0.856144 -0.288963 -0.428389
0.740262 -0.646409 -0.184845
0.423682 -0.905805 -0.003216
-0.008687 -0.997378 0.071844
-0.441188 -0.897367 0.009288
-0.757777 -0.631779 -0.163183
-0.873662 -0.272066 -0.403355
-0.757780 0.085369 -0.646902
-0.441201 0.344768 -0.828539
-0.008691 0.440231 -0.897843
0.423688 0.336332 -0.841052
0.740262 0.070754 -0.668585
0.999848 -0.009758 -0.014465
0.865889 -0.422974 0.267074
0.500211 -0.720620 0.480100
0.000280 -0.820469 0.571692
-0.500072 -0.710861 0.494575
-0.865900 -0.406053 0.292125
-0.999848 0.009763 0.014469
-0.865902 0.422961 -0.267052
-0.500076 0.724856 -0.473823
0.000269 0.837422 -0.546556
0.500206 0.715096 -0.488295
0.865891 0.406075 -0.292124
0.873657 0.272072 0.403362
0.757773 -0.085380 0.646909
0.441200 -0.344776 0.828536
0.008841 -0.432557 0.901563
-0.423687 -0.336333 0.841052
-0.740269 -0.070745 0.668578
-0.856150 0.288952 0.428385
-0.740273 0.646393 0.184857
-0.423689 0.905802 0.003226
0.008835 0.997954 -0.063329
0.441199 0.897361 -0.009293
0.757773 0.631786 0.163178
0.000001 -0.829038 0.559192
-0.000006 -0.829037 0.559193
-0.000013 -0.829037 0.559194
0.999848 -0.009759 -0.014468
0.999848 -0.009759 -0.014468
0.999848 -0.009759 -0.014468
0.000002 0.829038 -0.559193
0.000000 0.829037 -0.559193
-0.000001 0.829037 -0.559193
-0.999848 0.009759 0.014469
-0.999848 0.009759 0.014469
-0.999848 0.009759 0.014468
0.017457 0.559107 0.828911
0.017444 0.559120 0.828903
0.017430 0.559133 0.828895
-0.017463 -0.559116 -0.828905
-0.017455 -0.559109 -0.828911
-0.017446 -0.559101 -0.828916
-0.000004 -0.829043 0.559185
-0.000002 -0.829038 0.559193
-0.000000 -0.829032 0.559201
-0.017457 -0.559098 -0.828918
-0.017455 -0.559108 -0.828911
-0.017453 -0.559118 -0.828904
-0.000000 0.829030 -0.559204
-0.000000 0.829031 -0.559203
-0.000000 0.829031 -0.559202
0.017451 0.559095 0.828920
0.017453 0.559107 0.828911
0.017456 0.559120 0.828903
0.999847 -0.009776 -0.014493
0.999847 -0.009776 -0.014493
0.999847 -0.009776 -0.014493
-0.999848 0.009757 0.014466
-0.999848 0.009757 0.014466
-0.999848 0.009757 0.014466
144
1 0 1 2 0 1 2 1
1 3 4 5 3 4 5 1
1 6 2 7 0 2 6 1
1 8 9 4 3 7 4 1
1 10 7 11 0 6 8 1
1 12 13 9 3 9 7 1
1 14 11 15 0 8 10 1
1 16 17 13 3 11 9 1
1 18 15 19 0 10 12 1
1 20 21 17 3 13 11 1
1 22 19 23 0 12 14 1
1 24 25 21 3 15 13 1
1 26 23 27 0 14 16 1
1 28 29 25 3 17 15 1
1 30 27 31 0 16 18 1
1 32 33 29 3 19 17 1
1 34 31 35 0 18 20 1
1 36 37 33 3 21 19 1
1 38 35 39 0 20 22 1
1 40 41 37 3 23 21 1
1 42 39 43 0 22 24 1
1 44 45 41 3 25 23 1
1 46 43 47 0 24 1 1
1 48 49 45 3 5 25 1
1 1 50 51 1 26 27 1
1 1 51 2 1 27 2 1
1 2 51 7 2 27 6 1
1 51 52 7 27 28 6 1
1 7 52 53 6 28 29 1
1 7 53 11 6 29 8 1
1 11 53 15 8 29 10 1
1 53 54 15 29 30 10 1
1 15 54 55 10 30 31 1
1 15 55 19 10 31 12 1
1 19 55 23 12 31 14 1
1 55 56 23 31 32 14 1
1 23 56 57 14 32 33 1
1 23 57 27 14 33 16 1
1 27 57 31 16 33 18 1
1 57 58 31 33 34 18 1
1 31 58 59 18 34 35 1
1 31 59 35 18 35 20 1
1 35 59 39 20 35 22 1
1 59 60 39 35 36 22 1
1 39 60 61 22 36 37 1
1 39 61 43 22 37 24 1
1 43 61 47 24 37 1 1
1 61 62 47 37 26 1 1
1 50 63 51 26 38 27 1
1 63 64 51 38 39 27 1
1 51 64 65 27 39 40 1
1 51 65 52 27 40 28 1
1 52 65 53 28 40 29 1
1 65 66 53 40 41 29 1
1 53 66 67 29 41 42 1
1 53 67 54 29 42 30 1
1 54 67 55 30 42 31 1
1 67 68 55 42 43 31 1
1 55 68 69 31 43 44 1
1 55 69 56 31 44 32 1
1 56 69 57 32 44 33 1
1 69 70 57 44 45 33 1
1 57 70 71 33 45 46 1
1 57 71 58 33 46 34 1
1 58 71 59 34 46 35 1
1 71 72 59 46 47 35 1
1 59 72 73 35 47 48 1
1 59 73 60 35 48 36 1
1 60 73 61 36 48 37 1
1 73 74 61 48 49 37 1
1 61 74 75 37 49 38 1
1 61 75 62 37 38 26 1
1 63 76 77 38 50 51 1
1 63 77 64 38 51 39 1
1 64 77 65 39 51 40 1
1 77 78 65 51 52 40 1
1 65 78 79 40 52 53 1
1 65 79 66 40 53 41 1
1 66 79 67 41 53 42 1
1 79 80 67 53 54 42 1
1 67 80 81 42 54 55 1
1 67 81 68 42 55 43 1
1 68 81 69 43 55 44 1
1 81 82 69 55 56 44 1
1 69 82 83 44 56 57 1
1 69 83 70 44 57 45 1
1 70 83 71 45 57 46 1
1 83 84 71 57 58 46 1
1 71 84 85 46 58 59 1
1 71 85 72 46 59 47 1
1 72 85 73 47 59 48 1
1 85 86 73 59 60 48 1
1 73 86 87 48 60 61 1
1 73 87 74 48 61 49 1
1 74 87 75 49 61 38 1
1 87 88 75 61 50 38 1
1 76 5 77 50 5 51 1
1 5 4 77 5 4 51 1
1 77 4 9 51 4 7 1
1 77 9 78 51 7 52 1
1 78 9 79 52 7 53 1
1 9 13 79 7 9 53 1
1 79 13 17 53 9 11 1
1 79 17 80 53 11 54 1
1 80 17 81 54 11 55 1
1 17 21 81 11 13 55 1
1 81 21 25 55 13 15 1
1 81 25 82 55 15 56 1
1 82 25 83 56 15 57 1
1 25 29 83 15 17 57 1
1 83 29 33 57 17 19 1
1 83 33 84 57 19 58 1
1 84 33 85 58 19 59 1
1 33 37 85 19 21 59 1
1 85 37 41 59 21 23 1
1 85 41 86 59 23 60 1
1 86 41 87 60 23 61 1
1 41 45 87 23 25 61 1
1 87 45 49 61 25 5 1
1 87 49 88 61 5 50 1
1 89 90 91 62 63 63 1
1 90 92 91 63 64 63 1
1 93 94 95 65 66 66 2
1 94 96 95 66 67 66 2
1 97 98 99 68 69 69 1
1 98 100 99 69 70 69 1
1 101 102 103 71 72 72 2
1 102 104 103 72 73 72 2
1 101 105 95 74 75 75 3
1 105 106 95 75 76 75 3
1 107 102 108 77 78 78 3
1 102 96 108 78 79 78 3
1 109 110 111 80 81 81 1
1 110 112 111 81 82 81 1
1 113 114 115 83 84 84 2
1 114 116 115 84 85 84 2
1 117 118 119 86 87 87 1
1 118 120 119 87 88 87 1
1 121 122 123 89 90 90 2
1 122 124 123 90 91 90 2
1 121 125 115 92 93 93 3
1 125 126 115 93 94 93 3
1 127 122 128 95 96 96 3
1 122 116 128 96 97 96 3
"Regroup02" 1 3
38
1 7.942871 35.641289 23.668312 0.000000 0.000000 -1
1 -2.277351 1.355991 25.356949 0.000000 0.000000 -1
1 14.473215 2.089640 25.746925 0.000000 0.000000 -1
1 7.918358 33.579895 25.992401 0.000000 0.000000 -1
1 10.915916 2.231182 3.346263 0.000000 0.000000 -1
1 -0.290636 5.876521 1.613677 0.000000 0.000000 -1
1 7.943192 35.613163 23.669285 0.000000 0.000000 -1
1 14.432820 0.305916 25.751274 0.000000 1.000000 -1
1 7.939568 35.621075 23.681017 1.000000 0.000000 -1
1 14.534689 2.085993 25.764793 1.000000 1.000000 -1
1 7.939568 35.621075 23.681017 0.000000 0.000000 -1
1 14.534689 2.085993 25.764793 0.000000 1.000000 -1
1 7.919342 33.581043 25.978790 1.000000 0.000000 -1
1 10.903691 2.234167 3.308528 1.000000 1.000000 -1
1 7.919342 33.581043 25.978790 0.000000 0.000000 -1
1 10.903691 2.234167 3.308528 0.000000 1.000000 -1
1 7.922997 33.567837 25.973721 1.000000 0.000000 -1
1 9.658961 1.525536 3.295005 1.000000 1.000000 -1
1 7.922997 33.567837 25.973721 0.000000 0.000000 -1
1 9.658961 1.525536 3.295005 0.000000 1.000000 -1
1 7.943192 35.613163 23.669285 1.000000 0.000000 -1
1 14.432820 0.305916 25.751274 1.000000 1.000000 -1
1 7.913773 33.578663 25.985321 1.000000 0.000000 -1
1 -1.233170 0.582417 25.112129 0.000000 1.000000 -1
1 7.909676 33.565544 25.980286 0.000000 0.000000 -1
1 -2.420609 1.330196 25.399174 1.000000 1.000000 -1
1 7.887634 35.627354 23.677895 1.000000 0.000000 -1
1 -2.420609 1.330196 25.399174 0.000000 1.000000 -1
1 7.913773 33.578663 25.985321 0.000000 0.000000 -1
1 -0.493715 5.894404 1.600406 1.000000 1.000000 -1
1 7.883514 35.619499 23.666246 1.000000 0.000000 -1
1 -0.493715 5.894404 1.600406 0.000000 1.000000 -1
1 7.887634 35.627354 23.677895 0.000000 0.000000 -1
1 -1.234764 1.741859 2.146698 1.000000 1.000000 -1
1 7.909676 33.565544 25.980286 1.000000 0.000000 -1
1 -1.234764 1.741859 2.146698 0.000000 1.000000 -1
1 7.883514 35.619499 23.666246 0.000000 0.000000 -1
1 -1.233170 0.582417 25.112129 1.000000 1.000000 -1
26
-0.025725 0.056825 0.998053
0.304779 0.576700 -0.757975
-0.967013 -0.187884 -0.172002
-0.834784 -0.122015 0.536887
-0.264838 0.007833 0.964261
-0.961696 -0.200730 -0.186679
0.014393 0.009817 -0.999848
0.966613 0.204084 -0.154947
-0.811497 -0.391197 0.434094
-0.945460 0.127028 -0.299948
-0.299117 0.540414 -0.786436
0.998958 0.029434 0.034879
0.120468 -0.504834 0.854769
-0.966360 -0.166039 0.196416
0.770805 -0.229404 0.594334
0.960007 -0.263631 -0.094259
0.187622 -0.077922 0.979146
-0.948577 0.291316 0.123839
-0.918978 0.289633 0.267566
-0.957747 0.286725 -0.022556
0.102230 -0.611343 0.784735
-0.949617 0.036557 0.311273
0.975142 -0.189195 -0.115344
0.972722 -0.215825 -0.085034
0.974203 -0.163199 -0.155870
0.963665 -0.266769 -0.013535
18
1 0 1 2 0 0 0 1
1 3 4 5 1 1 1 1
1 6 7 8 2 3 3 1
1 7 9 8 3 4 3 1
1 10 11 12 5 6 6 2
1 11 13 12 6 7 6 2
1 14 15 16 8 9 9 1
1 15 17 16 9 10 9 1
1 18 19 20 11 12 12 2
1 19 21 20 12 13 12 2
1 22 23 24 14 14 15 1
1 22 25 23 14 16 14 1
1 26 27 28 17 17 18 2
1 26 29 27 17 19 17 2
1 30 31 32 20 20 21 1
1 30 33 31 20 22 20 1
1 34 35 36 23 23 24 2
1 34 37 35 23 25 23 2
"frame" 1 4
100
1 17.641577 18.357975 29.996429 0.000000 0.000000 -1
1 10.766580 0.270607 29.996429 0.000000 1.000000 -1
1 25.841526 23.877171 30.710712 1.000000 0.000000 -1
1 15.266580 0.270607 29.996429 1.000000 1.000000 -1
1 25.841526 23.877171 30.710712 0.000000 0.000000 -1
1 15.266580 0.270607 29.996429 0.000000 1.000000 -1
1 15.952946 23.772526 -7.002784 1.000000 0.000000 -1
1 12.575526 0.406971 -25.623425 1.000000 1.000000 -1
1 15.952946 23.772526 -7.002784 0.000000 0.000000 -1
1 12.575526 0.406971 -25.623425 0.000000 1.000000 -1
1 9.258728 18.365311 -1.958350 1.000000 0.000000 -1
1 6.867192 0.240304 -25.623425 1.000000 1.000000 -1
1 9.258728 18.365311 -1.958350 0.000000 0.000000 -1
1 6.867192 0.240304 -25.623425 0.000000 1.000000 -1
1 17.641577 18.357975 29.996429 1.000000 0.000000 -1
1 10.766580 0.270607 29.996429 1.000000 1.000000 -1
1 17.641577 18.357975 29.996429 0.000000 1.000000 -1
1 25.841526 23.877171 30.710712 1.000000 1.000000 -1
1 10.766580 0.270607 29.996429 0.000000 0.000000 -1
1 15.266580 0.270607 29.996429 1.000000 0.000000 -1
1 -18.511200 12.427409 29.996429 0.000000 0.000000 -1
1 -9.177866 0.215050 29.996429 0.000000 1.000000 -1
1 -14.011192 12.427409 29.996429 1.000000 0.000000 -1
1 -4.677866 0.215050 29.996429 1.000000 1.000000 -1
1 -14.011192 12.427409 29.996429 0.000000 0.000000 -1
1 -4.677866 0.215050 29.996429 0.000000 1.000000 -1
1 -13.987961 12.434741 -39.313900 1.000000 0.000000 -1
1 -4.654634 0.351413 -30.480568 1.000000 1.000000 -1
1 -13.987961 12.434741 -39.313900 0.000000 0.000000 -1
1 -4.654634 0.351413 -30.480568 0.000000 1.000000 -1
1 -18.487970 12.434741 -30.480568 1.000000 0.000000 -1
1 -9.154634 0.351413 -30.480568 1.000000 1.000000 -1
1 -18.487970 12.434741 -30.480568 0.000000 0.000000 -1
1 -9.154634 0.351413 -30.480568 0.000000 1.000000 -1
1 -18.511200 12.427409 29.996429 1.000000 0.000000 -1
1 -9.177866 0.215050 29.996429 1.000000 1.000000 -1
1 -18.511200 12.427409 29.996429 0.000000 1.000000 -1
1 -14.011192 12.427409 29.996429 1.000000 1.000000 -1
1 -9.177866 0.215050 29.996429 0.000000 0.000000 -1
1 -4.677866 0.215050 29.996429 1.000000 0.000000 -1
1 -4.689333 0.171496 -25.956905 0.000000 0.000000 -1
1 -4.316303 12.453998 -25.345818 0.000000 1.000000 -1
1 -4.689333 0.171513 -30.456921 1.000000 0.000000 -1
1 -1.316311 12.454013 -36.734688 1.000000 1.000000 -1
1 -4.689333 0.171513 -30.456921 0.000000 0.000000 -1
1 -1.316311 12.454013 -36.734688 0.000000 1.000000 -1
1 12.573427 0.247504 -25.623016 1.000000 0.000000 -1
1 11.049340 8.605680 -25.623001 1.000000 1.000000 -1
1 12.573427 0.247504 -25.623016 0.000000 0.000000 -1
1 11.049340 8.605680 -25.623001 0.000000 1.000000 -1
1 12.573427 0.247514 -21.123024 1.000000 0.000000 -1
1 11.049340 8.605688 -21.123013 1.000000 1.000000 -1
1 12.573427 0.247514 -21.123024 0.000000 0.000000 -1
1 11.049340 8.605688 -21.123013 0.000000 1.000000 -1
1 -4.689333 0.171496 -25.956905 1.000000 0.000000 -1
1 -4.316303 12.453998 -25.345818 1.000000 1.000000 -1
1 -4.689333 0.171496 -25.956905 0.000000 1.000000 -1
1 -4.689333 0.171513 -30.456921 1.000000 1.000000 -1
1 -4.316303 12.453998 -25.345818 0.000000 0.000000 -1
1 -1.316311 12.454013 -36.734688 1.000000 0.000000 -1
1 -6.931757 0.171513 29.966011 1.000000 0.000000 -1
1 -16.336514 12.453998 25.466019 0.000000 1.000000 -1
1 -6.931757 0.171496 25.465996 0.000000 0.000000 -1
1 -16.336521 12.454013 29.966003 1.000000 1.000000 -1
1 13.045288 0.247504 29.989250 1.000000 0.000000 -1
1 -16.336521 12.454013 29.966003 0.000000 1.000000 -1
1 -6.931757 0.171513 29.966011 0.000000 0.000000 -1
1 6.295284 35.887886 29.136524 1.000000 1.000000 -1
1 13.045288 0.247514 25.489258 1.000000 0.000000 -1
1 6.295284 35.887886 29.136524 0.000000 1.000000 -1
1 13.045288 0.247504 29.989250 0.000000 0.000000 -1
1 6.295284 33.915230 25.091957 1.000000 1.000000 -1
1 -6.931757 0.171496 25.465996 1.000000 0.000000 -1
1 6.295284 33.915230 25.091957 0.000000 1.000000 -1
1 13.045288 0.247514 25.489258 0.000000 0.000000 -1
1 -16.336514 12.453998 25.466019 1.000000 1.000000 -1
1 -6.931757 0.171496 25.465996 0.000000 1.000000 -1
1 -6.931757 0.171513 29.966011 1.000000 1.000000 -1
1 -16.336521 12.454013 29.966003 1.000000 0.000000 -1
1 -16.336514 12.453998 25.466019 0.000000 0.000000 -1
1 16.225632 9.624986 19.600000 0.000000 0.000000 -1
1 16.225632 0.024985 19.600000 0.000000 1.000000 -1
1 23.700632 9.624986 19.600000 1.000000 0.000000 -1
1 23.700632 0.024985 19.600000 1.000000 1.000000 -1
1 23.700632 9.624986 19.600000 0.000000 0.000000 -1
1 23.700632 0.024985 19.600000 0.000000 1.000000 -1
1 22.967299 6.783939 2.030930 1.000000 0.000000 -1
1 30.256182 0.132699 7.913509 1.000000 1.000000 -1
1 22.967299 6.783939 2.030930 0.000000 0.000000 -1
1 30.256182 0.132699 7.913509 0.000000 1.000000 -1
1 16.225632 8.183939 2.030930 1.000000 0.000000 -1
1 16.225632 0.132699 -3.197602 1.000000 1.000000 -1
1 16.225632 8.183939 2.030930 0.000000 0.000000 -1
1 16.225632 0.132699 -3.197602 0.000000 1.000000 -1
1 16.225632 9.624986 19.600000 1.000000 0.000000 -1
1 16.225632 0.024985 19.600000 1.000000 1.000000 -1
1 16.225632 9.624986 19.600000 0.000000 1.000000 -1
1 23.700632 9.624986 19.600000 1.000000 1.000000 -1
1 16.225632 0.024985 19.600000 0.000000 0.000000 -1
1 23.700632 0.024985 19.600000 1.000000 0.000000 -1
81
-0.116148 0.044148 0.992250
-0.058213 0.006969 0.998280
0.000000 -0.030244 0.999543
0.890245 -0.391770 -0.232338
0.957044 -0.252451 -0.142603
0.993290 -0.105073 -0.048316
-0.741274 0.480570 -0.468577
-0.416648 0.695096 -0.585872
-0.023206 0.794818 -0.606404
-0.947832 -0.199528 0.248603
-0.983118 0.081037 0.164047
-0.932764 0.354543 0.065201
-0.553129 0.820328 0.145293
-0.557141 0.817646 0.145084
-0.561140 0.814945 0.144871
0.000000 -1.000000 0.000545
0.014594 -0.999892 -0.001659
0.029184 -0.999567 -0.003863
0.000000 0.000000 1.000000
0.794532 0.607223 0.000331
0.792674 0.609645 0.001007
0.790808 0.612062 0.001684
-0.623764 -0.714103 -0.317767
-0.384225 -0.439872 -0.811716
0.000000 0.000000 -1.000000
-0.791405 -0.611292 -0.000378
-0.792970 -0.609259 -0.001026
-0.794530 -0.607222 -0.001674
0.000238 1.000000 0.000121
0.000119 1.000000 0.000114
0.000000 1.000000 0.000106
0.000000 -0.999997 -0.002255
-0.999539 0.030357 0.000000
-0.988365 0.083045 -0.127431
-0.958273 0.134144 -0.252423
0.236624 -0.492926 -0.837277
0.499198 -0.199536 -0.843200
0.684367 0.124793 -0.718379
0.983778 0.179389 -0.000000
0.983778 0.179389 -0.000000
0.983778 0.179389 -0.000000
-0.269121 -0.049075 0.961855
-0.271551 -0.044282 0.961405
-0.273973 -0.039488 0.960926
0.004403 -0.999990 0.000002
0.004403 -0.999990 -0.000001
0.004403 -0.999990 -0.000004
0.227015 0.972053 0.059800
0.262374 0.964502 0.029932
0.297155 0.954829 -0.000002
-0.793975 -0.607950 0.000001
-0.793975 -0.607950 0.000002
-0.793975 -0.607950 0.000001
0.004384 0.012456 0.999913
-0.001160 -0.000888 0.999999
0.009926 0.025797 0.999618
0.980524 0.190566 -0.047513
0.982534 0.186084 0.000000
0.976277 0.194613 -0.094918
-0.004184 -0.009444 -0.999947
0.001208 -0.011558 -0.999932
-0.009576 -0.007330 -0.999927
0.003805 -0.999993 0.000001
0.003805 -0.999993 -0.000002
0.003804 -0.999993 0.000004
-0.697151 0.698535 -0.161337
-0.688092 0.725623 -0.000004
-0.687494 0.652696 -0.318339
0.999130 0.000000 -0.041704
0.870863 0.469836 0.144400
0.505867 0.811955 0.291250
-0.154531 -0.744142 -0.649903
0.277679 -0.202275 -0.939138
0.553255 0.453690 -0.698623
-1.000000 0.000000 0.000000
0.202673 0.975969 -0.080051
0.101944 0.987458 -0.120561
0.000000 0.987176 -0.159634
-0.000000 -0.999989 -0.004725
0.002527 -0.999981 -0.005553
0.005054 -0.999967 -0.006382
60
1 0 1 2 0 1 1 1
1 1 3 2 1 2 1 1
1 4 5 6 3 4 4 2
1 5 7 6 4 5 4 2
1 8 9 10 6 7 7 1
1 9 11 10 7 8 7 1
1 12 13 14 9 10 10 2
1 13 15 14 10 11 10 2
1 12 16 6 12 13 13 3
1 16 17 6 13 14 13 3
1 18 13 19 15 16 16 3
1 13 7 19 16 17 16 3
1 20 21 22 18 18 18 1
1 21 23 22 18 18 18 1
1 24 25 26 19 20 20 2
1 25 27 26 20 21 20 2
1 28 29 30 22 23 23 1
1 29 31 30 23 24 23 1
1 32 33 34 25 26 26 2
1 33 35 34 26 27 26 2
1 32 36 26 28 29 29 3
1 36 37 26 29 30 29 3
1 38 33 39 31 31 31 3
1 33 27 39 31 31 31 3
1 40 41 42 32 33 33 1
1 41 43 42 33 34 33 1
1 44 45 46 35 36 36 2
1 45 47 46 36 37 36 2
1 48 49 50 38 39 39 1
1 49 51 50 39 40 39 1
1 52 53 54 41 42 42 2
1 53 55 54 42 43 42 2
1 52 56 46 44 45 45 3
1 56 57 46 45 46 45 3
1 58 53 59 47 48 48 3
1 53 47 59 48 49 48 3
1 60 61 62 50 50 51 1
1 60 63 61 50 52 50 1
1 64 65 66 53 53 54 2
1 64 67 65 53 55 53 2
1 68 69 70 56 56 57 1
1 68 71 69 56 58 56 1
1 72 73 74 59 59 60 2
1 72 75 73 59 61 59 2
1 64 76 74 62 62 63 3
1 64 77 76 62 64 62 3
1 78 73 79 65 65 66 3
1 78 67 73 65 67 65 3
1 80 81 82 18 18 18 1
1 81 83 82 18 18 18 1
1 84 85 86 68 69 69 2
1 85 87 86 69 70 69 2
1 88 89 90 71 72 72 1
1 89 91 90 72 73 72 1
1 92 93 94 74 74 74 2
1 93 95 94 74 74 74 2
1 92 96 86 75 76 76 3
1 96 97 86 76 77 76 3
1 98 93 99 78 79 79 3
1 93 87 99 79 80 79 3

Materials: 5
"door"
0.200000 0.200000 0.200000 1.000000
0.800000 0.800000 0.800000 1.000000
0.000000 0.000000 0.000000 1.000000
0.000000 0.000000 0.000000 1.000000
0.000000
1.000000
".\door.bmp"
""
"gold"
0.200000 0.200000 0.200000 1.000000
0.800000 0.800000 0.800000 1.000000
0.000000 0.000000 0.000000 1.000000
0.000000 0.000000 0.000000 1.000000
0.000000
1.000000
".\gold.bmp"
""
"stainglass"
0.200000 0.200000 0.200000 1.000000
0.800000 0.800000 0.800000 1.000000
0.000000 0.000000 0.000000 1.000000
0.000000 0.000000 0.000000 1.000000
0.000000
1.000000
".\stainglass.bmp"
""
"black"
0.200000 0.200000 0.200000 1.000000
0.800000 0.800000 0.800000 1.000000
0.000000 0.000000 0.000000 1.000000
0.000000 0.000000 0.000000 1.000000
0.000000
1.000000
".\black.bmp"
""
"frame"
0.200000 0.200000 0.200000 1.000000
0.800000 0.800000 0.800000 1.000000
0.000000 0.000000 0.000000 1.000000
0.000000 0.000000 0.000000 1.000000
0.000000
1.000000
"..\common\whitepanel-burnt.bmp"
""

Bones: 0
GroupComments: 0
MaterialComments: 0
BoneComments: 0
ModelComment: 0
