// MilkShape 3D ASCII

Frames: 30
Frame: 1

Meshes: 5
"door" 1 0
20
1 -4.458333 22.150093 31.487030 0.000000 0.000000 -1
1 -4.458333 4.025099 31.487030 0.000000 1.000000 -1
1 4.208333 22.150093 31.487030 1.000000 0.000000 -1
1 4.208333 4.025099 31.487030 1.000000 1.000000 -1
1 4.208333 22.150093 31.487030 0.000000 0.000000 -1
1 4.208333 4.025099 31.487030 0.000000 1.000000 -1
1 4.208333 22.150093 29.153698 1.000000 0.000000 -1
1 4.208333 4.025099 29.153698 1.000000 1.000000 -1
1 4.208333 22.150093 29.153698 0.000000 0.000000 -1
1 4.208333 4.025099 29.153698 0.000000 1.000000 -1
1 -4.458333 22.150093 29.153698 1.000000 0.000000 -1
1 -4.458333 4.025099 29.153698 1.000000 1.000000 -1
1 -4.458333 22.150093 29.153698 0.000000 0.000000 -1
1 -4.458333 4.025099 29.153698 0.000000 1.000000 -1
1 -4.458333 22.150093 31.487030 1.000000 0.000000 -1
1 -4.458333 4.025099 31.487030 1.000000 1.000000 -1
1 -4.458333 22.150093 31.487030 0.000000 1.000000 -1
1 4.208333 22.150093 31.487030 1.000000 1.000000 -1
1 -4.458333 4.025099 31.487030 0.000000 0.000000 -1
1 4.208333 4.025099 31.487030 1.000000 0.000000 -1
6
0.000000 0.000000 1.000000
1.000000 0.000000 0.000000
0.000000 0.000000 -1.000000
-1.000000 0.000000 0.000000
0.000000 1.000000 0.000000
0.000000 -1.000000 0.000000
12
1 0 1 2 0 0 0 1
1 1 3 2 0 0 0 1
1 4 5 6 1 1 1 2
1 5 7 6 1 1 1 2
1 8 9 10 2 2 2 1
1 9 11 10 2 2 2 1
1 12 13 14 3 3 3 2
1 13 15 14 3 3 3 2
1 12 16 6 4 4 4 3
1 16 17 6 4 4 4 3
1 18 13 19 5 5 5 3
1 13 7 19 5 5 5 3
"cross" 1 1
129
1 0.422222 115.180504 20.792294 0.000000 1.000000 -1
1 1.722222 115.528839 20.792294 0.000000 0.833333 -1
1 1.548055 115.528839 21.442295 0.083333 0.833333 -1
1 0.422222 120.380501 20.792294 0.000000 0.000000 -1
1 1.548055 120.032166 21.442295 0.083333 0.166667 -1
1 1.722222 120.032166 20.792294 0.000000 0.166667 -1
1 0.422222 115.180504 20.792294 0.083333 1.000000 -1
1 1.072222 115.528839 21.918127 0.166667 0.833333 -1
1 0.422222 120.380501 20.792294 0.083333 0.000000 -1
1 1.072222 120.032166 21.918127 0.166667 0.166667 -1
1 0.422222 115.180504 20.792294 0.166667 1.000000 -1
1 0.422222 115.528839 22.092295 0.250000 0.833333 -1
1 0.422222 120.380501 20.792294 0.166667 0.000000 -1
1 0.422222 120.032166 22.092295 0.250000 0.166667 -1
1 0.422222 115.180504 20.792294 0.250000 1.000000 -1
1 -0.227778 115.528839 21.918127 0.333333 0.833333 -1
1 0.422222 120.380501 20.792294 0.250000 0.000000 -1
1 -0.227778 120.032166 21.918127 0.333333 0.166667 -1
1 0.422222 115.180504 20.792294 0.333333 1.000000 -1
1 -0.703611 115.528839 21.442295 0.416667 0.833333 -1
1 0.422222 120.380501 20.792294 0.333333 0.000000 -1
1 -0.703611 120.032166 21.442295 0.416667 0.166667 -1
1 0.422222 115.180504 20.792294 0.416667 1.000000 -1
1 -0.877778 115.528839 20.792294 0.500000 0.833333 -1
1 0.422222 120.380501 20.792294 0.416667 0.000000 -1
1 -0.877778 120.032166 20.792294 0.500000 0.166667 -1
1 0.422222 115.180504 20.792294 0.500000 1.000000 -1
1 -0.703611 115.528839 20.142294 0.583333 0.833333 -1
1 0.422222 120.380501 20.792294 0.500000 0.000000 -1
1 -0.703611 120.032166 20.142294 0.583333 0.166667 -1
1 0.422222 115.180504 20.792294 0.583333 1.000000 -1
1 -0.227778 115.528839 19.666462 0.666667 0.833333 -1
1 0.422222 120.380501 20.792294 0.583333 0.000000 -1
1 -0.227778 120.032166 19.666462 0.666667 0.166667 -1
1 0.422222 115.180504 20.792294 0.666667 1.000000 -1
1 0.422222 115.528839 19.492294 0.750000 0.833333 -1
1 0.422222 120.380501 20.792294 0.666667 0.000000 -1
1 0.422222 120.032166 19.492294 0.750000 0.166667 -1
1 0.422222 115.180504 20.792294 0.750000 1.000000 -1
1 1.072222 115.528839 19.666462 0.833333 0.833333 -1
1 0.422222 120.380501 20.792294 0.750000 0.000000 -1
1 1.072222 120.032166 19.666462 0.833333 0.166667 -1
1 0.422222 115.180504 20.792294 0.833333 1.000000 -1
1 1.548055 115.528839 20.142294 0.916667 0.833333 -1
1 0.422222 120.380501 20.792294 0.833333 0.000000 -1
1 1.548055 120.032166 20.142294 0.916667 0.166667 -1
1 0.422222 115.180504 20.792294 0.916667 1.000000 -1
1 1.722222 115.528839 20.792294 1.000000 0.833333 -1
1 0.422222 120.380501 20.792294 0.916667 0.000000 -1
1 1.722222 120.032166 20.792294 1.000000 0.166667 -1
1 2.673888 116.480499 20.792294 0.000000 0.666667 -1
1 2.372222 116.480499 21.918127 0.083333 0.666667 -1
1 1.548055 116.480499 22.742294 0.166667 0.666667 -1
1 0.422222 116.480499 23.043961 0.250000 0.666667 -1
1 -0.703611 116.480499 22.742294 0.333333 0.666667 -1
1 -1.527778 116.480499 21.918127 0.416667 0.666667 -1
1 -1.829444 116.480499 20.792294 0.500000 0.666667 -1
1 -1.527778 116.480499 19.666462 0.583333 0.666667 -1
1 -0.703611 116.480499 18.842295 0.666667 0.666667 -1
1 0.422222 116.480499 18.540628 0.750000 0.666667 -1
1 1.548055 116.480499 18.842295 0.833333 0.666667 -1
1 2.372222 116.480499 19.666462 0.916667 0.666667 -1
1 2.673888 116.480499 20.792294 1.000000 0.666667 -1
1 3.022222 117.780502 20.792294 0.000000 0.500000 -1
1 2.673888 117.780502 22.092295 0.083333 0.500000 -1
1 1.722222 117.780502 23.043961 0.166667 0.500000 -1
1 0.422222 117.780502 23.392296 0.250000 0.500000 -1
1 -0.877778 117.780502 23.043961 0.333333 0.500000 -1
1 -1.829444 117.780502 22.092295 0.416667 0.500000 -1
1 -2.177778 117.780502 20.792294 0.500000 0.500000 -1
1 -1.829444 117.780502 19.492294 0.583333 0.500000 -1
1 -0.877778 117.780502 18.540628 0.666667 0.500000 -1
1 0.422222 117.780502 18.192295 0.750000 0.500000 -1
1 1.722222 117.780502 18.540628 0.833333 0.500000 -1
1 2.673888 117.780502 19.492294 0.916667 0.500000 -1
1 3.022222 117.780502 20.792294 1.000000 0.500000 -1
1 2.673888 119.080505 20.792294 0.000000 0.333333 -1
1 2.372222 119.080505 21.918127 0.083333 0.333333 -1
1 1.548055 119.080505 22.742294 0.166667 0.333333 -1
1 0.422222 119.080505 23.043961 0.250000 0.333333 -1
1 -0.703611 119.080505 22.742294 0.333333 0.333333 -1
1 -1.527778 119.080505 21.918127 0.416667 0.333333 -1
1 -1.829444 119.080505 20.792294 0.500000 0.333333 -1
1 -1.527778 119.080505 19.666462 0.583333 0.333333 -1
1 -0.703611 119.080505 18.842295 0.666667 0.333333 -1
1 0.422222 119.080505 18.540628 0.750000 0.333333 -1
1 1.548055 119.080505 18.842295 0.833333 0.333333 -1
1 2.372222 119.080505 19.666462 0.916667 0.333333 -1
1 2.673888 119.080505 20.792294 1.000000 0.333333 -1
1 -0.496109 136.961121 21.687033 0.000000 0.000000 -1
1 -0.496109 117.761208 21.687033 0.000000 1.000000 -1
1 1.332458 136.961121 21.687033 1.000000 0.000000 -1
1 1.332458 117.761208 21.687033 1.000000 1.000000 -1
1 1.332458 136.961121 21.687033 0.000000 0.000000 -1
1 1.332458 117.761208 21.687033 0.000000 1.000000 -1
1 1.332458 136.961121 20.087032 1.000000 0.000000 -1
1 1.332458 117.761208 20.087032 1.000000 1.000000 -1
1 1.332458 136.961121 20.087032 0.000000 0.000000 -1
1 1.332458 117.761208 20.087032 0.000000 1.000000 -1
1 -0.496109 136.961121 20.087032 1.000000 0.000000 -1
1 -0.496109 117.761208 20.087032 1.000000 1.000000 -1
1 -0.496109 136.961121 20.087032 0.000000 0.000000 -1
1 -0.496109 117.761208 20.087032 0.000000 1.000000 -1
1 -0.496109 136.961121 21.687033 1.000000 0.000000 -1
1 -0.496109 117.761208 21.687033 1.000000 1.000000 -1
1 -0.496109 136.961121 21.687033 0.000000 1.000000 -1
1 1.332458 136.961121 21.687033 1.000000 1.000000 -1
1 -0.496109 117.761208 21.687033 0.000000 0.000000 -1
1 1.332458 117.761208 21.687033 1.000000 0.000000 -1
1 5.473179 132.658966 21.687031 0.000000 0.000000 -1
1 -4.645280 132.658966 21.687033 0.000000 1.000000 -1
1 5.473152 130.830414 21.687031 1.000000 0.000000 -1
1 -4.645284 130.830444 21.687033 1.000000 1.000000 -1
1 5.473152 130.830414 21.687031 0.000000 0.000000 -1
1 -4.645284 130.830444 21.687033 0.000000 1.000000 -1
1 5.473152 130.830414 20.087032 1.000000 0.000000 -1
1 -4.645284 130.830444 20.087032 1.000000 1.000000 -1
1 5.473152 130.830414 20.087032 0.000000 0.000000 -1
1 -4.645284 130.830444 20.087032 0.000000 1.000000 -1
1 5.473179 132.658966 20.087032 1.000000 0.000000 -1
1 -4.645280 132.658966 20.087032 1.000000 1.000000 -1
1 5.473179 132.658966 20.087032 0.000000 0.000000 -1
1 -4.645280 132.658966 20.087032 0.000000 1.000000 -1
1 5.473179 132.658966 21.687031 1.000000 0.000000 -1
1 -4.645280 132.658966 21.687033 1.000000 1.000000 -1
1 5.473179 132.658966 21.687031 0.000000 1.000000 -1
1 5.473152 130.830414 21.687031 1.000000 1.000000 -1
1 -4.645280 132.658966 21.687033 0.000000 0.000000 -1
1 -4.645284 130.830444 21.687033 1.000000 0.000000 -1
72
0.000000 -1.000000 -0.000000
0.573582 -0.819148 -0.000000
0.431480 -0.867045 0.249115
0.000000 1.000000 -0.000000
0.431480 0.867045 0.249115
0.573582 0.819148 -0.000000
0.286791 -0.819148 0.496737
0.286791 0.819148 0.496737
-0.000000 -0.867045 0.498230
-0.000000 0.867045 0.498230
-0.286791 -0.819148 0.496737
-0.286791 0.819148 0.496737
-0.431480 -0.867045 0.249115
-0.431480 0.867045 0.249115
-0.573582 -0.819148 -0.000000
-0.573582 0.819148 -0.000000
-0.431480 -0.867045 -0.249116
-0.431480 0.867045 -0.249116
-0.286791 -0.819148 -0.496737
-0.286791 0.819148 -0.496737
-0.000000 -0.867045 -0.498230
-0.000000 0.867045 -0.498230
0.286791 -0.819148 -0.496737
0.286791 0.819148 -0.496737
0.431480 -0.867045 -0.249115
0.431480 0.867045 -0.249115
0.865033 -0.501716 -0.000000
0.749140 -0.501716 0.432516
0.432516 -0.501716 0.749140
-0.000000 -0.501716 0.865033
-0.432516 -0.501716 0.749140
-0.749140 -0.501716 0.432516
-0.865033 -0.501715 -0.000000
-0.749140 -0.501715 -0.432516
-0.432516 -0.501716 -0.749140
-0.000000 -0.501715 -0.865033
0.432516 -0.501716 -0.749140
0.749140 -0.501716 -0.432516
1.000000 0.000000 -0.000000
0.866025 0.000000 0.500000
0.500000 0.000000 0.866025
0.000000 0.000000 1.000000
-0.500000 0.000000 0.866025
-0.866025 0.000000 0.500000
-1.000000 0.000000 -0.000000
-0.866025 -0.000000 -0.500000
-0.500000 0.000000 -0.866025
0.000000 0.000000 -1.000000
0.500000 0.000000 -0.866025
0.866025 -0.000000 -0.500000
0.865033 0.501716 -0.000000
0.749140 0.501716 0.432516
0.432516 0.501716 0.749140
-0.000000 0.501716 0.865033
-0.432516 0.501716 0.749140
-0.749140 0.501716 0.432516
-0.865033 0.501715 -0.000000
-0.749140 0.501715 -0.432516
-0.432516 0.501716 -0.749140
-0.000000 0.501715 -0.865033
0.432516 0.501716 -0.749140
0.749140 0.501716 -0.432516
1.000000 0.000000 0.000000
-1.000000 0.000000 0.000000
0.000000 1.000000 0.000000
0.000000 -1.000000 0.000000
0.000000 -0.000000 1.000000
0.000000 -0.000000 1.000000
0.000000 -0.000000 1.000000
-0.000003 -1.000000 0.000000
1.000000 -0.000015 0.000000
-1.000000 0.000002 0.000000
144
1 0 1 2 0 1 2 1
1 3 4 5 3 4 5 1
1 6 2 7 0 2 6 1
1 8 9 4 3 7 4 1
1 10 7 11 0 6 8 1
1 12 13 9 3 9 7 1
1 14 11 15 0 8 10 1
1 16 17 13 3 11 9 1
1 18 15 19 0 10 12 1
1 20 21 17 3 13 11 1
1 22 19 23 0 12 14 1
1 24 25 21 3 15 13 1
1 26 23 27 0 14 16 1
1 28 29 25 3 17 15 1
1 30 27 31 0 16 18 1
1 32 33 29 3 19 17 1
1 34 31 35 0 18 20 1
1 36 37 33 3 21 19 1
1 38 35 39 0 20 22 1
1 40 41 37 3 23 21 1
1 42 39 43 0 22 24 1
1 44 45 41 3 25 23 1
1 46 43 47 0 24 1 1
1 48 49 45 3 5 25 1
1 1 50 51 1 26 27 1
1 1 51 2 1 27 2 1
1 2 51 7 2 27 6 1
1 51 52 7 27 28 6 1
1 7 52 53 6 28 29 1
1 7 53 11 6 29 8 1
1 11 53 15 8 29 10 1
1 53 54 15 29 30 10 1
1 15 54 55 10 30 31 1
1 15 55 19 10 31 12 1
1 19 55 23 12 31 14 1
1 55 56 23 31 32 14 1
1 23 56 57 14 32 33 1
1 23 57 27 14 33 16 1
1 27 57 31 16 33 18 1
1 57 58 31 33 34 18 1
1 31 58 59 18 34 35 1
1 31 59 35 18 35 20 1
1 35 59 39 20 35 22 1
1 59 60 39 35 36 22 1
1 39 60 61 22 36 37 1
1 39 61 43 22 37 24 1
1 43 61 47 24 37 1 1
1 61 62 47 37 26 1 1
1 50 63 51 26 38 27 1
1 63 64 51 38 39 27 1
1 51 64 65 27 39 40 1
1 51 65 52 27 40 28 1
1 52 65 53 28 40 29 1
1 65 66 53 40 41 29 1
1 53 66 67 29 41 42 1
1 53 67 54 29 42 30 1
1 54 67 55 30 42 31 1
1 67 68 55 42 43 31 1
1 55 68 69 31 43 44 1
1 55 69 56 31 44 32 1
1 56 69 57 32 44 33 1
1 69 70 57 44 45 33 1
1 57 70 71 33 45 46 1
1 57 71 58 33 46 34 1
1 58 71 59 34 46 35 1
1 71 72 59 46 47 35 1
1 59 72 73 35 47 48 1
1 59 73 60 35 48 36 1
1 60 73 61 36 48 37 1
1 73 74 61 48 49 37 1
1 61 74 75 37 49 38 1
1 61 75 62 37 38 26 1
1 63 76 77 38 50 51 1
1 63 77 64 38 51 39 1
1 64 77 65 39 51 40 1
1 77 78 65 51 52 40 1
1 65 78 79 40 52 53 1
1 65 79 66 40 53 41 1
1 66 79 67 41 53 42 1
1 79 80 67 53 54 42 1
1 67 80 81 42 54 55 1
1 67 81 68 42 55 43 1
1 68 81 69 43 55 44 1
1 81 82 69 55 56 44 1
1 69 82 83 44 56 57 1
1 69 83 70 44 57 45 1
1 70 83 71 45 57 46 1
1 83 84 71 57 58 46 1
1 71 84 85 46 58 59 1
1 71 85 72 46 59 47 1
1 72 85 73 47 59 48 1
1 85 86 73 59 60 48 1
1 73 86 87 48 60 61 1
1 73 87 74 48 61 49 1
1 74 87 75 49 61 38 1
1 87 88 75 61 50 38 1
1 76 5 77 50 5 51 1
1 5 4 77 5 4 51 1
1 77 4 9 51 4 7 1
1 77 9 78 51 7 52 1
1 78 9 79 52 7 53 1
1 9 13 79 7 9 53 1
1 79 13 17 53 9 11 1
1 79 17 80 53 11 54 1
1 80 17 81 54 11 55 1
1 17 21 81 11 13 55 1
1 81 21 25 55 13 15 1
1 81 25 82 55 15 56 1
1 82 25 83 56 15 57 1
1 25 29 83 15 17 57 1
1 83 29 33 57 17 19 1
1 83 33 84 57 19 58 1
1 84 33 85 58 19 59 1
1 33 37 85 19 21 59 1
1 85 37 41 59 21 23 1
1 85 41 86 59 23 60 1
1 86 41 87 60 23 61 1
1 41 45 87 23 25 61 1
1 87 45 49 61 25 5 1
1 87 49 88 61 5 50 1
1 89 90 91 41 41 41 1
1 90 92 91 41 41 41 1
1 93 94 95 62 62 62 2
1 94 96 95 62 62 62 2
1 97 98 99 47 47 47 1
1 98 100 99 47 47 47 1
1 101 102 103 63 63 63 2
1 102 104 103 63 63 63 2
1 101 105 95 64 64 64 3
1 105 106 95 64 64 64 3
1 107 102 108 65 65 65 3
1 102 96 108 65 65 65 3
1 109 110 111 66 67 67 1
1 110 112 111 67 68 67 1
1 113 114 115 69 69 69 2
1 114 116 115 69 69 69 2
1 117 118 119 47 47 47 1
1 118 120 119 47 47 47 1
1 121 122 123 64 64 64 2
1 122 124 123 64 64 64 2
1 121 125 115 70 70 70 3
1 125 126 115 70 70 70 3
1 127 122 128 71 71 71 3
1 122 116 128 71 71 71 3
"windows" 1 2
220
1 -2.714283 75.031883 30.970150 0.000000 0.000000 -1
1 -2.714283 68.057861 30.970150 0.000000 1.000000 -1
1 2.714283 75.031883 30.970150 1.000000 0.000000 -1
1 2.714283 68.057861 30.970150 1.000000 1.000000 -1
1 2.714283 75.031883 30.970150 0.000000 0.000000 -1
1 2.714283 68.057861 30.970150 0.000000 1.000000 -1
1 2.714283 75.031883 29.113007 1.000000 0.000000 -1
1 2.714283 68.057861 29.113007 1.000000 1.000000 -1
1 2.714283 75.031883 29.113007 0.000000 0.000000 -1
1 2.714283 68.057861 29.113007 0.000000 1.000000 -1
1 -2.714283 75.031883 29.113007 1.000000 0.000000 -1
1 -2.714283 68.057861 29.113007 1.000000 1.000000 -1
1 -2.714283 75.031883 29.113007 0.000000 0.000000 -1
1 -2.714283 68.057861 29.113007 0.000000 1.000000 -1
1 -2.714283 75.031883 30.970150 1.000000 0.000000 -1
1 -2.714283 68.057861 30.970150 1.000000 1.000000 -1
1 -2.714283 75.031883 30.970150 0.000000 1.000000 -1
1 2.714283 75.031883 30.970150 1.000000 1.000000 -1
1 -2.714283 68.057861 30.970150 0.000000 0.000000 -1
1 2.714283 68.057861 30.970150 1.000000 0.000000 -1
1 2.714283 75.031883 10.811669 1.000000 0.000000 -1
1 -2.714283 68.057861 10.811669 0.000000 1.000000 -1
1 -2.714283 75.031883 10.811669 0.000000 0.000000 -1
1 2.714283 68.057861 10.811669 1.000000 1.000000 -1
1 2.714283 75.031883 12.668813 1.000000 0.000000 -1
1 2.714283 68.057861 10.811669 0.000000 1.000000 -1
1 2.714283 75.031883 10.811669 0.000000 0.000000 -1
1 2.714283 68.057861 12.668813 1.000000 1.000000 -1
1 -2.714283 75.031883 12.668813 1.000000 0.000000 -1
1 2.714283 68.057861 12.668813 0.000000 1.000000 -1
1 2.714283 75.031883 12.668813 0.000000 0.000000 -1
1 -2.714283 68.057861 12.668813 1.000000 1.000000 -1
1 -2.714283 75.031883 10.811669 1.000000 0.000000 -1
1 -2.714283 68.057861 12.668813 0.000000 1.000000 -1
1 -2.714283 75.031883 12.668813 0.000000 0.000000 -1
1 -2.714283 68.057861 10.811669 1.000000 1.000000 -1
1 -2.714283 75.031883 10.811669 0.000000 1.000000 -1
1 2.714283 75.031883 10.811669 1.000000 1.000000 -1
1 2.714283 68.057861 10.811669 1.000000 0.000000 -1
1 -2.714283 68.057861 10.811669 0.000000 0.000000 -1
1 -7.545908 75.031883 18.176624 0.000000 0.000000 -1
1 -7.545908 68.057861 18.176624 0.000000 1.000000 -1
1 -7.545916 75.031883 23.605194 1.000000 0.000000 -1
1 -7.545916 68.057861 23.605194 1.000000 1.000000 -1
1 -7.545916 75.031883 23.605194 0.000000 0.000000 -1
1 -7.545916 68.057861 23.605194 0.000000 1.000000 -1
1 -5.688765 75.031883 23.605190 1.000000 0.000000 -1
1 -5.688765 68.057861 23.605190 1.000000 1.000000 -1
1 -5.688765 75.031883 23.605190 0.000000 0.000000 -1
1 -5.688765 68.057861 23.605190 0.000000 1.000000 -1
1 -5.688766 75.031883 18.176624 1.000000 0.000000 -1
1 -5.688766 68.057861 18.176624 1.000000 1.000000 -1
1 -5.688766 75.031883 18.176624 0.000000 0.000000 -1
1 -5.688766 68.057861 18.176624 0.000000 1.000000 -1
1 -7.545908 75.031883 18.176624 1.000000 0.000000 -1
1 -7.545908 68.057861 18.176624 1.000000 1.000000 -1
1 -7.545908 75.031883 18.176624 0.000000 1.000000 -1
1 -7.545916 75.031883 23.605194 1.000000 1.000000 -1
1 -7.545908 68.057861 18.176624 0.000000 0.000000 -1
1 -7.545916 68.057861 23.605194 1.000000 0.000000 -1
1 7.462361 75.031883 23.605190 1.000000 0.000000 -1
1 7.462359 68.057861 18.176624 0.000000 1.000000 -1
1 7.462359 75.031883 18.176624 0.000000 0.000000 -1
1 7.462361 68.057861 23.605190 1.000000 1.000000 -1
1 5.605217 75.031883 23.605194 1.000000 0.000000 -1
1 7.462361 68.057861 23.605190 0.000000 1.000000 -1
1 7.462361 75.031883 23.605190 0.000000 0.000000 -1
1 5.605217 68.057861 23.605194 1.000000 1.000000 -1
1 5.605215 75.031883 18.176624 1.000000 0.000000 -1
1 5.605217 68.057861 23.605194 0.000000 1.000000 -1
1 5.605217 75.031883 23.605194 0.000000 0.000000 -1
1 5.605215 68.057861 18.176624 1.000000 1.000000 -1
1 7.462359 75.031883 18.176624 1.000000 0.000000 -1
1 5.605215 68.057861 18.176624 0.000000 1.000000 -1
1 5.605215 75.031883 18.176624 0.000000 0.000000 -1
1 7.462359 68.057861 18.176624 1.000000 1.000000 -1
1 7.462359 75.031883 18.176624 0.000000 1.000000 -1
1 7.462361 75.031883 23.605190 1.000000 1.000000 -1
1 7.462361 68.057861 23.605190 1.000000 0.000000 -1
1 7.462359 68.057861 18.176624 0.000000 0.000000 -1
1 -14.005953 30.745329 13.987037 0.000000 0.000000 -1
1 -14.005953 12.620336 13.987037 0.000000 1.000000 -1
1 -14.005953 30.745329 5.320365 1.000000 0.000000 -1
1 -14.005953 12.620336 5.320365 1.000000 1.000000 -1
1 -14.005953 30.745329 5.320365 0.000000 0.000000 -1
1 -14.005953 12.620336 5.320365 0.000000 1.000000 -1
1 -16.339283 30.745329 5.320367 1.000000 0.000000 -1
1 -16.339283 12.620336 5.320367 1.000000 1.000000 -1
1 -16.339283 30.745329 5.320367 0.000000 0.000000 -1
1 -16.339283 12.620336 5.320367 0.000000 1.000000 -1
1 -16.339287 30.745329 13.987038 1.000000 0.000000 -1
1 -16.339287 12.620336 13.987038 1.000000 1.000000 -1
1 -16.339287 30.745329 13.987038 0.000000 0.000000 -1
1 -16.339287 12.620336 13.987038 0.000000 1.000000 -1
1 -14.005953 30.745329 13.987037 1.000000 0.000000 -1
1 -14.005953 12.620336 13.987037 1.000000 1.000000 -1
1 -14.005953 30.745329 13.987037 0.000000 1.000000 -1
1 -14.005953 30.745329 5.320365 1.000000 1.000000 -1
1 -14.005953 12.620336 13.987037 0.000000 0.000000 -1
1 -14.005953 12.620336 5.320365 1.000000 0.000000 -1
1 14.005953 30.745329 5.320365 1.000000 0.000000 -1
1 14.005953 12.620336 13.987037 0.000000 1.000000 -1
1 14.005953 30.745329 13.987037 0.000000 0.000000 -1
1 14.005953 12.620336 5.320365 1.000000 1.000000 -1
1 16.339283 30.745329 5.320367 1.000000 0.000000 -1
1 14.005953 12.620336 5.320365 0.000000 1.000000 -1
1 14.005953 30.745329 5.320365 0.000000 0.000000 -1
1 16.339283 12.620336 5.320367 1.000000 1.000000 -1
1 16.339287 30.745329 13.987038 1.000000 0.000000 -1
1 16.339283 12.620336 5.320367 0.000000 1.000000 -1
1 16.339283 30.745329 5.320367 0.000000 0.000000 -1
1 16.339287 12.620336 13.987038 1.000000 1.000000 -1
1 14.005953 30.745329 13.987037 1.000000 0.000000 -1
1 16.339287 12.620336 13.987038 0.000000 1.000000 -1
1 16.339287 30.745329 13.987038 0.000000 0.000000 -1
1 14.005953 12.620336 13.987037 1.000000 1.000000 -1
1 14.005953 30.745329 13.987037 0.000000 1.000000 -1
1 14.005953 30.745329 5.320365 1.000000 1.000000 -1
1 14.005953 12.620336 5.320365 1.000000 0.000000 -1
1 14.005953 12.620336 13.987037 0.000000 0.000000 -1
1 -13.870321 30.745329 -1.037961 0.000000 0.000000 -1
1 -13.870321 12.620336 -1.037961 0.000000 1.000000 -1
1 -13.870321 30.745329 -9.704635 1.000000 0.000000 -1
1 -13.870321 12.620336 -9.704635 1.000000 1.000000 -1
1 -13.870321 30.745329 -9.704635 0.000000 0.000000 -1
1 -13.870321 12.620336 -9.704635 0.000000 1.000000 -1
1 -16.203648 30.745329 -9.704631 1.000000 0.000000 -1
1 -16.203648 12.620336 -9.704631 1.000000 1.000000 -1
1 -16.203648 30.745329 -9.704631 0.000000 0.000000 -1
1 -16.203648 12.620336 -9.704631 0.000000 1.000000 -1
1 -16.203651 30.745329 -1.037961 1.000000 0.000000 -1
1 -16.203651 12.620336 -1.037961 1.000000 1.000000 -1
1 -16.203651 30.745329 -1.037961 0.000000 0.000000 -1
1 -16.203651 12.620336 -1.037961 0.000000 1.000000 -1
1 -13.870321 30.745329 -1.037961 1.000000 0.000000 -1
1 -13.870321 12.620336 -1.037961 1.000000 1.000000 -1
1 -13.870321 30.745329 -1.037961 0.000000 1.000000 -1
1 -13.870321 30.745329 -9.704635 1.000000 1.000000 -1
1 -13.870321 12.620336 -1.037961 0.000000 0.000000 -1
1 -13.870321 12.620336 -9.704635 1.000000 0.000000 -1
1 14.141584 30.745329 -9.704635 1.000000 0.000000 -1
1 14.141584 12.620336 -1.037961 0.000000 1.000000 -1
1 14.141584 30.745329 -1.037961 0.000000 0.000000 -1
1 14.141584 12.620336 -9.704635 1.000000 1.000000 -1
1 16.474918 30.745329 -9.704631 1.000000 0.000000 -1
1 14.141584 12.620336 -9.704635 0.000000 1.000000 -1
1 14.141584 30.745329 -9.704635 0.000000 0.000000 -1
1 16.474918 12.620336 -9.704631 1.000000 1.000000 -1
1 16.474922 30.745329 -1.037961 1.000000 0.000000 -1
1 16.474918 12.620336 -9.704631 0.000000 1.000000 -1
1 16.474918 30.745329 -9.704631 0.000000 0.000000 -1
1 16.474922 12.620336 -1.037961 1.000000 1.000000 -1
1 14.141584 30.745329 -1.037961 1.000000 0.000000 -1
1 16.474922 12.620336 -1.037961 0.000000 1.000000 -1
1 16.474922 30.745329 -1.037961 0.000000 0.000000 -1
1 14.141584 12.620336 -1.037961 1.000000 1.000000 -1
1 14.141584 30.745329 -1.037961 0.000000 1.000000 -1
1 14.141584 30.745329 -9.704635 1.000000 1.000000 -1
1 14.141584 12.620336 -9.704635 1.000000 0.000000 -1
1 14.141584 12.620336 -1.037961 0.000000 0.000000 -1
1 -13.939286 30.745329 -15.212962 0.000000 0.000000 -1
1 -13.939286 12.620336 -15.212962 0.000000 1.000000 -1
1 -13.939286 30.745329 -23.879639 1.000000 0.000000 -1
1 -13.939286 12.620336 -23.879639 1.000000 1.000000 -1
1 -13.939286 30.745329 -23.879639 0.000000 0.000000 -1
1 -13.939286 12.620336 -23.879639 0.000000 1.000000 -1
1 -16.272614 30.745329 -23.879631 1.000000 0.000000 -1
1 -16.272614 12.620336 -23.879631 1.000000 1.000000 -1
1 -16.272614 30.745329 -23.879631 0.000000 0.000000 -1
1 -16.272614 12.620336 -23.879631 0.000000 1.000000 -1
1 -16.272617 30.745329 -15.212962 1.000000 0.000000 -1
1 -16.272617 12.620336 -15.212962 1.000000 1.000000 -1
1 -16.272617 30.745329 -15.212962 0.000000 0.000000 -1
1 -16.272617 12.620336 -15.212962 0.000000 1.000000 -1
1 -13.939286 30.745329 -15.212962 1.000000 0.000000 -1
1 -13.939286 12.620336 -15.212962 1.000000 1.000000 -1
1 -13.939286 30.745329 -15.212962 0.000000 1.000000 -1
1 -13.939286 30.745329 -23.879639 1.000000 1.000000 -1
1 -13.939286 12.620336 -15.212962 0.000000 0.000000 -1
1 -13.939286 12.620336 -23.879639 1.000000 0.000000 -1
1 14.072619 30.745329 -23.879639 1.000000 0.000000 -1
1 14.072619 12.620336 -15.212962 0.000000 1.000000 -1
1 14.072619 30.745329 -15.212962 0.000000 0.000000 -1
1 14.072619 12.620336 -23.879639 1.000000 1.000000 -1
1 16.405952 30.745329 -23.879631 1.000000 0.000000 -1
1 14.072619 12.620336 -23.879639 0.000000 1.000000 -1
1 14.072619 30.745329 -23.879639 0.000000 0.000000 -1
1 16.405952 12.620336 -23.879631 1.000000 1.000000 -1
1 16.405956 30.745329 -15.212962 1.000000 0.000000 -1
1 16.405952 12.620336 -23.879631 0.000000 1.000000 -1
1 16.405952 30.745329 -23.879631 0.000000 0.000000 -1
1 16.405956 12.620336 -15.212962 1.000000 1.000000 -1
1 14.072619 30.745329 -15.212962 1.000000 0.000000 -1
1 16.405956 12.620336 -15.212962 0.000000 1.000000 -1
1 16.405956 30.745329 -15.212962 0.000000 0.000000 -1
1 14.072619 12.620336 -15.212962 1.000000 1.000000 -1
1 14.072619 30.745329 -15.212962 0.000000 1.000000 -1
1 14.072619 30.745329 -23.879639 1.000000 1.000000 -1
1 14.072619 12.620336 -23.879639 1.000000 0.000000 -1
1 14.072619 12.620336 -15.212962 0.000000 0.000000 -1
1 -4.300116 30.745329 -29.249329 1.000000 0.000000 -1
1 4.366561 12.620336 -29.249321 0.000000 1.000000 -1
1 4.366561 30.745329 -29.249321 0.000000 0.000000 -1
1 -4.300116 12.620336 -29.249329 1.000000 1.000000 -1
1 -4.300112 30.745329 -31.582664 1.000000 0.000000 -1
1 -4.300116 12.620336 -29.249329 0.000000 1.000000 -1
1 -4.300116 30.745329 -29.249329 0.000000 0.000000 -1
1 -4.300112 12.620336 -31.582664 1.000000 1.000000 -1
1 4.366563 30.745329 -31.582664 1.000000 0.000000 -1
1 -4.300112 12.620336 -31.582664 0.000000 1.000000 -1
1 -4.300112 30.745329 -31.582664 0.000000 0.000000 -1
1 4.366563 12.620336 -31.582664 1.000000 1.000000 -1
1 4.366561 30.745329 -29.249321 1.000000 0.000000 -1
1 4.366563 12.620336 -31.582664 0.000000 1.000000 -1
1 4.366563 30.745329 -31.582664 0.000000 0.000000 -1
1 4.366561 12.620336 -29.249321 1.000000 1.000000 -1
1 4.366561 30.745329 -29.249321 0.000000 1.000000 -1
1 -4.300116 30.745329 -29.249329 1.000000 1.000000 -1
1 -4.300116 12.620336 -29.249329 1.000000 0.000000 -1
1 4.366561 12.620336 -29.249321 0.000000 0.000000 -1
28
0.000000 0.000000 1.000000
1.000000 0.000000 0.000000
0.000000 0.000000 -1.000000
-1.000000 0.000000 0.000000
0.000000 1.000000 0.000000
0.000000 -1.000000 0.000000
-1.000000 0.000000 -0.000001
0.000002 0.000000 1.000000
1.000000 0.000000 -0.000000
0.000002 0.000000 1.000000
-1.000000 0.000000 0.000000
-0.000001 0.000000 -1.000000
-1.000000 0.000000 -0.000000
0.000000 0.000000 1.000000
0.000001 0.000000 -1.000000
1.000000 0.000000 -0.000000
-0.000000 0.000000 1.000000
-0.000002 0.000000 -1.000000
-1.000000 0.000000 -0.000000
0.000002 0.000000 -1.000000
1.000000 0.000000 -0.000000
-0.000003 0.000000 -1.000000
-1.000000 0.000000 -0.000000
0.000003 0.000000 -1.000000
1.000000 0.000000 -0.000000
-0.000001 0.000000 1.000000
-1.000000 0.000000 -0.000002
1.000000 0.000000 0.000001
132
1 0 1 2 0 0 0 1
1 1 3 2 0 0 0 1
1 4 5 6 1 1 1 2
1 5 7 6 1 1 1 2
1 8 9 10 2 2 2 1
1 9 11 10 2 2 2 1
1 12 13 14 3 3 3 2
1 13 15 14 3 3 3 2
1 12 16 6 4 4 4 3
1 16 17 6 4 4 4 3
1 18 13 19 5 5 5 3
1 13 7 19 5 5 5 3
1 20 21 22 2 2 2 1
1 20 23 21 2 2 2 1
1 24 25 26 1 1 1 2
1 24 27 25 1 1 1 2
1 28 29 30 0 0 0 1
1 28 31 29 0 0 0 1
1 32 33 34 3 3 3 2
1 32 35 33 3 3 3 2
1 24 36 34 4 4 4 3
1 24 37 36 4 4 4 3
1 38 33 39 5 5 5 3
1 38 27 33 5 5 5 3
1 40 41 42 6 6 6 1
1 41 43 42 6 6 6 1
1 44 45 46 7 7 7 2
1 45 47 46 7 7 7 2
1 48 49 50 8 8 8 1
1 49 51 50 8 8 8 1
1 52 53 54 2 2 2 2
1 53 55 54 2 2 2 2
1 52 56 46 4 4 4 3
1 56 57 46 4 4 4 3
1 58 53 59 5 5 5 3
1 53 47 59 5 5 5 3
1 60 61 62 8 8 8 1
1 60 63 61 8 8 8 1
1 64 65 66 9 9 9 2
1 64 67 65 9 9 9 2
1 68 69 70 10 10 10 1
1 68 71 69 10 10 10 1
1 72 73 74 2 2 2 2
1 72 75 73 2 2 2 2
1 64 76 74 4 4 4 3
1 64 77 76 4 4 4 3
1 78 73 79 5 5 5 3
1 78 67 73 5 5 5 3
1 80 81 82 1 1 1 1
1 81 83 82 1 1 1 1
1 84 85 86 11 11 11 2
1 85 87 86 11 11 11 2
1 88 89 90 12 12 12 1
1 89 91 90 12 12 12 1
1 92 93 94 13 13 13 2
1 93 95 94 13 13 13 2
1 92 96 86 4 4 4 3
1 96 97 86 4 4 4 3
1 98 93 99 5 5 5 3
1 93 87 99 5 5 5 3
1 100 101 102 3 3 3 1
1 100 103 101 3 3 3 1
1 104 105 106 14 14 14 2
1 104 107 105 14 14 14 2
1 108 109 110 15 15 15 1
1 108 111 109 15 15 15 1
1 112 113 114 16 16 16 2
1 112 115 113 16 16 16 2
1 104 116 114 4 4 4 3
1 104 117 116 4 4 4 3
1 118 113 119 5 5 5 3
1 118 107 113 5 5 5 3
1 120 121 122 1 1 1 1
1 121 123 122 1 1 1 1
1 124 125 126 17 17 17 2
1 125 127 126 17 17 17 2
1 128 129 130 18 18 18 1
1 129 131 130 18 18 18 1
1 132 133 134 0 0 0 2
1 133 135 134 0 0 0 2
1 132 136 126 4 4 4 3
1 136 137 126 4 4 4 3
1 138 133 139 5 5 5 3
1 133 127 139 5 5 5 3
1 140 141 142 3 3 3 1
1 140 143 141 3 3 3 1
1 144 145 146 19 19 19 2
1 144 147 145 19 19 19 2
1 148 149 150 20 20 20 1
1 148 151 149 20 20 20 1
1 152 153 154 0 0 0 2
1 152 155 153 0 0 0 2
1 144 156 154 4 4 4 3
1 144 157 156 4 4 4 3
1 158 153 159 5 5 5 3
1 158 147 153 5 5 5 3
1 160 161 162 1 1 1 1
1 161 163 162 1 1 1 1
1 164 165 166 21 21 21 2
1 165 167 166 21 21 21 2
1 168 169 170 22 22 22 1
1 169 171 170 22 22 22 1
1 172 173 174 0 0 0 2
1 173 175 174 0 0 0 2
1 172 176 166 4 4 4 3
1 176 177 166 4 4 4 3
1 178 173 179 5 5 5 3
1 173 167 179 5 5 5 3
1 180 181 182 3 3 3 1
1 180 183 181 3 3 3 1
1 184 185 186 23 23 23 2
1 184 187 185 23 23 23 2
1 188 189 190 24 24 24 1
1 188 191 189 24 24 24 1
1 192 193 194 0 0 0 2
1 192 195 193 0 0 0 2
1 184 196 194 4 4 4 3
1 184 197 196 4 4 4 3
1 198 193 199 5 5 5 3
1 198 187 193 5 5 5 3
1 200 201 202 25 25 25 1
1 200 203 201 25 25 25 1
1 204 205 206 26 26 26 2
1 204 207 205 26 26 26 2
1 208 209 210 2 2 2 1
1 208 211 209 2 2 2 1
1 212 213 214 27 27 27 2
1 212 215 213 27 27 27 2
1 204 216 214 4 4 4 3
1 204 217 216 4 4 4 3
1 218 213 219 5 5 5 3
1 218 207 213 5 5 5 3
"roof" 1 3
78
1 0.451533 117.804390 20.789476 0.000000 0.000000 -1
1 -9.124035 76.883087 31.536324 0.000000 0.000000 -1
1 9.239048 76.837807 31.526009 0.000000 0.000000 -1
1 0.424018 117.807381 20.819510 0.000000 0.000000 -1
1 9.299231 76.822594 9.961147 0.000000 0.000000 -1
1 -9.063889 76.769386 9.986155 0.000000 0.000000 -1
1 0.452121 117.789497 20.813341 0.000000 0.000000 -1
1 8.094029 76.066078 31.555569 0.000000 1.000000 -1
1 0.448236 117.803596 20.813341 1.000000 0.000000 -1
1 9.295324 76.846214 31.555569 1.000000 1.000000 -1
1 0.448236 117.803596 20.813341 0.000000 0.000000 -1
1 9.295324 76.846214 31.555569 0.000000 1.000000 -1
1 0.425054 117.803596 20.806389 1.000000 0.000000 -1
1 9.295324 76.811172 9.923241 1.000000 1.000000 -1
1 0.425054 117.803596 20.806389 0.000000 0.000000 -1
1 9.295324 76.811172 9.923241 0.000000 1.000000 -1
1 0.428938 117.789497 20.806389 1.000000 0.000000 -1
1 8.094029 76.031036 9.923241 1.000000 1.000000 -1
1 0.428938 117.789497 20.806389 0.000000 0.000000 -1
1 8.094029 76.031036 9.923241 0.000000 1.000000 -1
1 0.452121 117.789497 20.813341 1.000000 0.000000 -1
1 8.094029 76.066078 31.555569 1.000000 1.000000 -1
1 0.419495 117.803596 20.813341 1.000000 0.000000 -1
1 -8.065863 76.091515 31.584984 0.000000 1.000000 -1
1 0.415611 117.789497 20.813341 0.000000 0.000000 -1
1 -9.267145 76.871658 31.584984 1.000000 1.000000 -1
1 0.396312 117.803596 20.806389 1.000000 0.000000 -1
1 -9.267145 76.871658 31.584984 0.000000 1.000000 -1
1 0.419495 117.803596 20.813341 0.000000 0.000000 -1
1 -9.267145 76.777794 9.967356 1.000000 1.000000 -1
1 0.392428 117.789497 20.806389 1.000000 0.000000 -1
1 -9.267145 76.777794 9.967356 0.000000 1.000000 -1
1 0.396312 117.803596 20.806389 0.000000 0.000000 -1
1 -8.065863 75.997650 9.967356 1.000000 1.000000 -1
1 0.415611 117.789497 20.813341 1.000000 0.000000 -1
1 -8.065863 75.997650 9.967356 0.000000 1.000000 -1
1 0.392428 117.789497 20.806389 0.000000 0.000000 -1
1 -8.065863 76.091515 31.584984 1.000000 1.000000 -1
1 0.031861 62.530914 30.091656 0.000000 0.000000 -1
1 17.040010 36.282734 30.091656 0.000000 1.000000 -1
1 0.025082 67.056351 30.091656 1.000000 0.000000 -1
1 19.136683 37.644337 30.091656 1.000000 1.000000 -1
1 0.025082 67.056351 30.091656 0.000000 0.000000 -1
1 19.136683 37.644337 30.091656 0.000000 1.000000 -1
1 0.025082 67.056351 -30.408344 1.000000 0.000000 -1
1 19.136683 37.644337 -30.408344 1.000000 1.000000 -1
1 0.025082 67.056351 -30.408344 0.000000 0.000000 -1
1 19.136683 37.644337 -30.408344 0.000000 1.000000 -1
1 0.031861 62.530914 -30.408344 1.000000 0.000000 -1
1 17.040010 36.282734 -30.408344 1.000000 1.000000 -1
1 0.031861 62.530914 -30.408344 0.000000 0.000000 -1
1 17.040010 36.282734 -30.408344 0.000000 1.000000 -1
1 0.031861 62.530914 30.091656 1.000000 0.000000 -1
1 17.040010 36.282734 30.091656 1.000000 1.000000 -1
1 0.031861 62.530914 30.091656 0.000000 1.000000 -1
1 0.025082 67.056351 30.091656 1.000000 1.000000 -1
1 17.040010 36.282734 30.091656 0.000000 0.000000 -1
1 19.136683 37.644337 30.091656 1.000000 0.000000 -1
1 -0.025082 67.056351 30.091656 1.000000 0.000000 -1
1 -17.040010 36.282734 30.091656 0.000000 1.000000 -1
1 -0.031861 62.530914 30.091656 0.000000 0.000000 -1
1 -19.136683 37.644337 30.091656 1.000000 1.000000 -1
1 -0.025082 67.056351 -30.408344 1.000000 0.000000 -1
1 -19.136683 37.644337 30.091656 0.000000 1.000000 -1
1 -0.025082 67.056351 30.091656 0.000000 0.000000 -1
1 -19.136683 37.644337 -30.408344 1.000000 1.000000 -1
1 -0.031861 62.530914 -30.408344 1.000000 0.000000 -1
1 -19.136683 37.644337 -30.408344 0.000000 1.000000 -1
1 -0.025082 67.056351 -30.408344 0.000000 0.000000 -1
1 -17.040010 36.282734 -30.408344 1.000000 1.000000 -1
1 -0.031861 62.530914 30.091656 1.000000 0.000000 -1
1 -17.040010 36.282734 -30.408344 0.000000 1.000000 -1
1 -0.031861 62.530914 -30.408344 0.000000 0.000000 -1
1 -17.040010 36.282734 30.091656 1.000000 1.000000 -1
1 -0.031861 62.530914 30.091656 0.000000 1.000000 -1
1 -0.025082 67.056351 30.091656 1.000000 1.000000 -1
1 -19.136683 37.644337 30.091656 1.000000 0.000000 -1
1 -17.040010 36.282734 30.091656 0.000000 0.000000 -1
36
0.001169 0.253753 0.967268
-0.002057 0.255684 -0.966758
-0.911147 -0.251022 -0.326801
-0.855651 -0.023678 0.517012
-0.144054 0.221821 0.964388
0.282244 -0.185880 -0.941163
0.800868 0.016341 -0.598618
0.977361 0.211580 -0.000343
-0.942610 -0.259690 0.209875
-0.821822 -0.026667 -0.569119
-0.145712 0.224375 -0.963548
-0.274961 -0.289424 0.916859
-0.773786 -0.288652 0.563858
-0.983651 -0.180087 0.000292
0.835585 -0.028303 0.548632
0.930969 -0.256483 -0.259832
0.142943 0.220107 0.964946
-0.762986 0.326969 0.557623
-0.273580 0.304817 0.912272
-0.973303 0.229521 -0.000997
0.800627 -0.030424 -0.598391
0.953996 -0.262826 0.144272
0.143599 0.221118 -0.964617
0.801959 -0.007733 -0.597329
0.282187 0.186936 -0.940971
0.979977 -0.199107 0.000865
0.000000 0.000000 1.000000
0.838525 0.544864 0.000000
0.000000 0.000000 -1.000000
-0.839220 -0.543793 0.000000
-0.999999 -0.001498 0.000000
0.544641 -0.838669 0.000000
-0.838525 0.544864 0.000000
0.839220 -0.543793 0.000000
0.999999 -0.001498 0.000000
-0.544641 -0.838669 0.000000
42
1 0 1 2 0 0 0 1
1 3 4 5 1 1 1 1
1 6 7 8 2 3 3 1
1 7 9 8 3 4 3 1
1 10 11 12 5 6 6 2
1 11 13 12 6 7 6 2
1 14 15 16 8 9 9 1
1 15 17 16 9 10 9 1
1 18 19 20 11 12 12 2
1 19 21 20 12 13 12 2
1 22 23 24 14 14 15 1
1 22 25 23 14 16 14 1
1 26 27 28 17 17 18 2
1 26 29 27 17 19 17 2
1 30 31 32 20 20 21 1
1 30 33 31 20 22 20 1
1 34 35 36 23 23 24 2
1 34 37 35 23 25 23 2
1 38 39 40 26 26 26 1
1 39 41 40 26 26 26 1
1 42 43 44 27 27 27 2
1 43 45 44 27 27 27 2
1 46 47 48 28 28 28 1
1 47 49 48 28 28 28 1
1 50 51 52 29 29 29 2
1 51 53 52 29 29 29 2
1 50 54 44 30 30 30 3
1 54 55 44 30 30 30 3
1 56 51 57 31 31 31 3
1 51 45 57 31 31 31 3
1 58 59 60 26 26 26 1
1 58 61 59 26 26 26 1
1 62 63 64 32 32 32 2
1 62 65 63 32 32 32 2
1 66 67 68 28 28 28 1
1 66 69 67 28 28 28 1
1 70 71 72 33 33 33 2
1 70 73 71 33 33 33 2
1 62 74 72 34 34 34 3
1 62 75 74 34 34 34 3
1 76 71 77 35 35 35 3
1 76 65 71 35 35 35 3
"frame" 1 4
62
1 -6.596906 76.869598 30.043732 0.000000 0.000000 -1
1 -6.596906 52.929626 30.043732 0.000000 1.000000 -1
1 6.532341 76.869598 30.043732 1.000000 0.000000 -1
1 6.532341 52.929626 30.043732 1.000000 1.000000 -1
1 6.532341 76.869598 30.043732 0.000000 0.000000 -1
1 6.532341 52.929626 30.043732 0.000000 1.000000 -1
1 6.532341 76.869598 11.667135 1.000000 0.000000 -1
1 6.532341 52.929626 11.667135 1.000000 1.000000 -1
1 6.532341 76.869598 11.667135 0.000000 0.000000 -1
1 6.532341 52.929626 11.667135 0.000000 1.000000 -1
1 -6.596906 76.869598 11.667135 1.000000 0.000000 -1
1 -6.596906 52.929626 11.667135 1.000000 1.000000 -1
1 -6.596906 76.869598 11.667135 0.000000 0.000000 -1
1 -6.596906 52.929626 11.667135 0.000000 1.000000 -1
1 -6.596906 76.869598 30.043732 1.000000 0.000000 -1
1 -6.596906 52.929626 30.043732 1.000000 1.000000 -1
1 -6.596906 76.869598 30.043732 0.000000 1.000000 -1
1 6.532341 76.869598 30.043732 1.000000 1.000000 -1
1 -6.596906 52.929626 30.043732 0.000000 0.000000 -1
1 6.532341 52.929626 30.043732 1.000000 0.000000 -1
1 0.428938 117.789497 20.806389 0.000000 0.000000 -1
1 0.452121 117.789497 20.813341 0.000000 1.000000 -1
1 0.425054 117.803596 20.806389 1.000000 0.000000 -1
1 0.448236 117.803596 20.813341 1.000000 1.000000 -1
1 8.094029 76.066078 31.555569 0.000000 0.000000 -1
1 8.094029 76.031036 9.923241 0.000000 1.000000 -1
1 9.295324 76.846214 31.555569 1.000000 0.000000 -1
1 9.295324 76.811172 9.923241 1.000000 1.000000 -1
1 0.396312 117.803596 20.806389 1.000000 0.000000 -1
1 0.415611 117.789497 20.813341 0.000000 1.000000 -1
1 0.392428 117.789497 20.806389 0.000000 0.000000 -1
1 0.419495 117.803596 20.813341 1.000000 1.000000 -1
1 -9.267145 76.871658 31.584984 1.000000 0.000000 -1
1 -8.065863 75.997650 9.967356 0.000000 1.000000 -1
1 -8.065863 76.091515 31.584984 0.000000 0.000000 -1
1 -9.267145 76.777794 9.967356 1.000000 1.000000 -1
1 -15.211956 37.639282 30.006729 0.000000 0.000000 -1
1 -15.211957 0.222622 30.006729 0.000000 1.000000 -1
1 15.288040 37.639282 30.006729 1.000000 0.000000 -1
1 15.288040 0.222622 30.006729 1.000000 1.000000 -1
1 15.288040 37.639282 30.006729 0.000000 0.000000 -1
1 15.288040 0.222622 30.006729 0.000000 1.000000 -1
1 15.288040 37.639282 -30.493267 1.000000 0.000000 -1
1 15.288040 0.222622 -30.493271 1.000000 1.000000 -1
1 15.288040 37.639282 -30.493267 0.000000 0.000000 -1
1 15.288040 0.222622 -30.493271 0.000000 1.000000 -1
1 -15.211957 37.639282 -30.493267 1.000000 0.000000 -1
1 -15.211957 0.222622 -30.493271 1.000000 1.000000 -1
1 -15.211957 37.639282 -30.493267 0.000000 0.000000 -1
1 -15.211957 0.222622 -30.493271 0.000000 1.000000 -1
1 -15.211956 37.639282 30.006729 1.000000 0.000000 -1
1 -15.211957 0.222622 30.006729 1.000000 1.000000 -1
1 -15.211956 37.639282 30.006729 0.000000 1.000000 -1
1 15.288040 37.639282 30.006729 1.000000 1.000000 -1
1 -15.211957 0.222622 30.006729 0.000000 0.000000 -1
1 15.288040 0.222622 30.006729 1.000000 0.000000 -1
1 0.030835 67.057724 30.049999 0.000000 0.000000 -1
1 -18.886902 37.664284 30.006729 0.000000 0.000000 -1
1 19.038462 37.629669 30.040066 0.000000 0.000000 -1
1 0.023275 67.062973 -30.385445 0.000000 0.000000 -1
1 19.143501 37.664284 -30.342194 0.000000 0.000000 -1
1 -18.781923 37.629669 -30.375530 0.000000 0.000000 -1
22
0.000000 0.000000 1.000000
1.000000 0.000000 0.000000
0.000000 0.000000 -1.000000
-1.000000 0.000000 0.000000
-1.000000 0.000000 0.000000
-1.000000 0.000000 0.000000
0.000000 1.000000 0.000000
0.000000 -1.000000 0.000000
-0.286360 -0.078902 0.954868
-0.286358 -0.078897 0.954869
-0.286355 -0.078891 0.954870
0.544641 -0.838668 0.001359
0.286355 -0.078891 -0.954870
0.286356 -0.078889 -0.954870
0.286354 -0.078893 -0.954870
-0.544646 -0.838658 0.003641
0.000000 0.000000 -1.000000
-1.000000 -0.000000 0.000000
-1.000000 0.000000 0.000000
-1.000000 0.000000 0.000000
-0.000880 -0.000906 0.999999
0.000880 -0.000899 -0.999999
34
1 0 1 2 0 0 0 1
1 1 3 2 0 0 0 1
1 4 5 6 1 1 1 2
1 5 7 6 1 1 1 2
1 8 9 10 2 2 2 1
1 9 11 10 2 2 2 1
1 12 13 14 3 4 4 2
1 13 15 14 4 5 4 2
1 12 16 6 6 6 6 3
1 16 17 6 6 6 6 3
1 18 13 19 7 7 7 3
1 13 7 19 7 7 7 3
1 20 21 22 8 9 9 3
1 21 23 22 9 10 9 3
1 24 25 26 11 11 11 3
1 25 27 26 11 11 11 3
1 28 29 30 12 12 13 3
1 28 31 29 12 14 12 3
1 32 33 34 15 15 15 3
1 32 35 33 15 15 15 3
1 36 37 38 0 0 0 1
1 37 39 38 0 0 0 1
1 40 41 42 1 1 1 2
1 41 43 42 1 1 1 2
1 44 45 46 16 16 16 1
1 45 47 46 16 16 16 1
1 48 49 50 17 18 18 2
1 49 51 50 18 19 18 2
1 48 52 42 6 6 6 3
1 52 53 42 6 6 6 3
1 54 49 55 7 7 7 3
1 49 43 55 7 7 7 3
1 56 57 58 20 20 20 1
1 59 60 61 21 21 21 1

Materials: 5
"door"
0.200000 0.200000 0.200000 1.000000
0.800000 0.800000 0.800000 1.000000
0.000000 0.000000 0.000000 1.000000
0.000000 0.000000 0.000000 1.000000
0.000000
1.000000
".\door.bmp"
""
"gold"
0.200000 0.200000 0.200000 1.000000
0.800000 0.800000 0.800000 1.000000
0.000000 0.000000 0.000000 1.000000
0.000000 0.000000 0.000000 1.000000
0.000000
1.000000
".\gold.bmp"
""
"stainglass"
0.200000 0.200000 0.200000 1.000000
0.800000 0.800000 0.800000 1.000000
0.000000 0.000000 0.000000 1.000000
0.000000 0.000000 0.000000 1.000000
0.000000
1.000000
".\stainglass.bmp"
""
"black"
0.200000 0.200000 0.200000 1.000000
0.800000 0.800000 0.800000 1.000000
0.000000 0.000000 0.000000 1.000000
0.000000 0.000000 0.000000 1.000000
0.000000
1.000000
".\black.bmp"
""
"frame"
0.200000 0.200000 0.200000 1.000000
0.800000 0.800000 0.800000 1.000000
0.000000 0.000000 0.000000 1.000000
0.000000 0.000000 0.000000 1.000000
0.000000
1.000000
".\white.bmp"
""

Bones: 0
