// MilkShape 3D ASCII

Frames: 30
Frame: 1

Meshes: 3
"glasstop" 0 0
40
1 4.985209 15.434532 6.820278 0.000000 0.000000 -1
1 9.674505 9.944246 6.323856 0.083333 0.166667 -1
1 9.354162 14.530159 1.946333 0.000000 0.166667 -1
1 4.985209 15.434532 6.820278 0.083333 0.000000 -1
1 8.492609 6.987176 6.778200 0.166667 0.166667 -1
1 4.985209 15.434532 6.820278 0.166667 0.000000 -1
1 6.125132 9.032875 7.995155 0.250000 0.166667 -1
1 4.985209 15.434532 6.820278 0.250000 0.000000 -1
1 3.206396 4.264911 9.387257 0.333333 0.166667 -1
1 4.985209 15.434532 6.820278 0.333333 0.000000 -1
1 1.518503 10.024488 9.551579 0.416667 0.166667 -1
1 4.985209 15.434532 6.820278 0.416667 0.000000 -1
1 -0.218275 17.840099 8.443926 0.500000 0.166667 -1
1 4.985209 15.434532 6.820278 0.500000 0.000000 -1
1 -0.538542 20.462440 6.608696 0.583333 0.166667 -1
1 4.985209 15.434532 6.820278 0.583333 0.000000 -1
1 0.643312 22.474594 4.394651 0.666667 0.166667 -1
1 4.985209 15.434532 6.820278 0.666667 0.000000 -1
1 2.010775 19.337376 2.395124 0.750000 0.166667 -1
1 4.985209 15.434532 6.820278 0.750000 0.000000 -1
1 4.929499 18.819664 1.145870 0.833333 0.166667 -1
1 4.985209 15.434532 6.820278 0.833333 0.000000 -1
1 7.617380 17.060081 0.981609 0.916667 0.166667 -1
1 4.985209 15.434532 6.820278 0.916667 0.000000 -1
1 9.354162 14.530159 1.946333 1.000000 0.166667 -1
1 7.677057 3.445582 -7.006725 0.166667 0.500000 -1
1 9.893110 4.281845 1.149797 0.166667 0.333333 -1
1 5.792475 0.940933 2.900795 0.250000 0.333333 -1
1 0.737082 3.653519 8.951181 0.333333 0.333333 -1
1 -2.895334 9.375772 -8.724796 0.333333 0.500000 -1
1 -2.918390 5.415446 9.378513 0.416667 0.333333 -1
1 -8.271109 3.126102 0.967403 0.416667 0.500000 -1
1 -10.744669 11.381204 5.169418 0.500000 0.500000 -1
1 -6.481482 21.402901 5.274763 0.583333 0.333333 -1
1 -11.385412 17.379498 -0.373516 0.583333 0.500000 -1
1 -3.271616 15.028839 -9.551579 0.666667 0.500000 -1
1 -4.434294 24.888020 1.439978 0.666667 0.333333 -1
1 8.377146 16.660271 -5.360523 0.916667 0.333333 -1
1 11.385412 14.933937 0.750847 1.000000 0.333333 -1
1 9.400152 15.745562 -7.467342 1.000000 0.500000 -1
39
0.677062 0.532340 0.508135
0.475315 0.332311 0.814644
0.190547 0.074241 0.978867
0.417304 -0.231590 0.878762
0.603050 0.246612 0.758626
0.437910 -0.124036 0.890421
0.133160 0.201794 0.970334
0.286829 -0.250837 0.924559
0.492404 0.119707 0.862095
0.186575 0.106196 0.976684
0.379034 0.211892 0.900797
0.161594 0.381461 0.910151
0.468702 0.544205 0.695816
0.207215 0.620885 0.756019
0.451895 0.526756 0.719944
0.371803 0.740910 0.559298
0.863854 0.477952 -0.159114
0.675163 0.715962 0.177634
0.347622 0.806732 0.477852
0.482077 0.816488 0.317725
0.511280 0.740258 0.436590
0.649972 0.717297 0.251040
0.640435 0.615049 0.459955
0.527630 0.795937 0.296802
0.607568 -0.789803 -0.084095
0.667738 -0.719475 0.191003
0.338195 -0.832447 0.438926
-0.301026 -0.892927 0.334760
-0.170616 -0.965588 -0.196290
-0.184598 -0.606966 0.772992
-0.052902 -0.954505 0.293464
-0.821043 -0.079222 0.565343
-0.472315 0.775350 0.419228
-0.650732 0.758916 0.024382
-0.661474 0.626346 -0.412483
-0.679888 0.685620 0.260148
0.516364 0.852749 0.078658
0.303309 0.945582 0.117806
0.589966 0.804965 -0.063019
34
1 0 1 2 0 1 0 1
1 3 4 1 2 3 1 1
1 5 6 4 4 5 3 1
1 7 8 6 6 7 5 1
1 9 10 8 8 9 7 1
1 11 12 10 10 11 9 1
1 13 14 12 12 13 11 1
1 15 16 14 14 15 13 1
1 17 18 16 16 17 15 1
1 19 20 18 18 19 17 1
1 21 22 20 20 21 19 1
1 23 24 22 22 23 21 1
1 25 26 27 24 25 26 1
1 27 28 29 26 27 28 1
1 29 28 30 28 27 29 1
1 29 30 31 28 29 30 1
1 31 30 32 30 29 31 1
1 32 33 34 31 32 33 1
1 34 33 35 33 32 34 1
1 33 36 35 32 35 34 1
1 37 38 39 36 37 38 1
1 26 4 27 25 3 26 1
1 4 6 27 3 5 26 1
1 27 6 8 26 5 7 1
1 27 8 28 26 7 27 1
1 28 8 30 27 7 29 1
1 8 10 30 7 9 29 1
1 30 10 12 29 9 11 1
1 12 14 33 11 13 32 1
1 33 14 16 32 13 15 1
1 33 16 36 32 15 35 1
1 20 22 37 19 21 36 1
1 37 22 24 36 21 23 1
1 37 24 38 36 23 37 1
"bodys" 0 -1
222
1 -85.039459 5.069720 26.431236 0.000000 0.000000 -1
1 -83.168839 5.069719 27.511234 0.083333 0.166667 -1
1 -82.879471 5.069714 26.431236 0.000000 0.166667 -1
1 -85.039459 5.069720 26.431236 0.083333 0.000000 -1
1 -83.959427 5.069735 28.301849 0.166667 0.166667 -1
1 -85.039459 5.069720 26.431236 0.166667 0.000000 -1
1 -85.039429 5.069708 28.591236 0.250000 0.166667 -1
1 -85.039459 5.069720 26.431236 0.250000 0.000000 -1
1 -86.119400 5.069732 28.301849 0.333333 0.166667 -1
1 -85.039459 5.069720 26.431236 0.333333 0.000000 -1
1 -86.910019 5.069736 27.511234 0.416667 0.166667 -1
1 -85.039459 5.069720 26.431236 0.416667 0.000000 -1
1 -87.199356 5.069731 26.431236 0.500000 0.166667 -1
1 -85.039459 5.069720 26.431236 0.500000 0.000000 -1
1 -86.910019 5.069736 25.351238 0.583333 0.166667 -1
1 -85.039459 5.069720 26.431236 0.583333 0.000000 -1
1 -86.119400 5.069732 24.560623 0.666667 0.166667 -1
1 -85.039459 5.069720 26.431236 0.666667 0.000000 -1
1 -85.039429 5.069708 24.271238 0.750000 0.166667 -1
1 -85.039459 5.069720 26.431236 0.750000 0.000000 -1
1 -83.959427 5.069735 24.560623 0.833333 0.166667 -1
1 -85.039459 5.069720 26.431236 0.833333 0.000000 -1
1 -83.168839 5.069719 25.351238 0.916667 0.166667 -1
1 -85.039459 5.069720 26.431236 0.916667 0.000000 -1
1 -82.879471 5.069714 26.431236 1.000000 0.166667 -1
1 -80.719437 5.069716 26.431236 0.000000 0.500000 -1
1 -81.298218 5.069717 26.431236 0.000000 0.333333 -1
1 -81.799469 5.069726 28.301849 0.083333 0.333333 -1
1 -81.298203 5.069713 28.591236 0.083333 0.500000 -1
1 -83.329422 5.069738 30.622463 0.166667 0.500000 -1
1 -83.168839 5.069735 29.671234 0.166667 0.333333 -1
1 -85.129410 5.069717 29.272461 0.250000 0.333333 -1
1 -86.029419 5.069730 30.931232 0.250000 0.500000 -1
1 -87.199387 5.069730 30.172462 0.333333 0.500000 -1
1 -86.909988 5.069736 29.671234 0.333333 0.333333 -1
1 -88.279465 5.069731 28.301849 0.416667 0.333333 -1
1 -88.780685 5.069705 28.591236 0.416667 0.500000 -1
1 -89.359421 5.069736 26.431236 0.500000 0.500000 -1
1 -88.780655 5.069709 26.431236 0.500000 0.333333 -1
1 -88.279465 5.069731 24.560623 0.583333 0.333333 -1
1 -88.780685 5.069705 24.271238 0.583333 0.500000 -1
1 -87.199387 5.069730 22.690010 0.666667 0.500000 -1
1 -86.909988 5.069736 23.191238 0.666667 0.333333 -1
1 -85.039429 5.069708 22.690010 0.750000 0.333333 -1
1 -85.039490 5.069705 22.111240 0.750000 0.500000 -1
1 -82.879471 5.069708 22.690010 0.833333 0.500000 -1
1 -83.168839 5.069735 23.191238 0.833333 0.333333 -1
1 -81.799469 5.069726 24.560623 0.916667 0.333333 -1
1 -81.298203 5.069713 24.271238 0.916667 0.500000 -1
1 -80.719437 5.069716 26.431236 1.000000 0.500000 -1
1 -81.298218 5.069717 26.431236 1.000000 0.333333 -1
1 -83.329422 5.069738 30.622463 0.000000 0.000000 -1
1 -86.029419 5.069730 30.931232 0.000000 0.000000 -1
1 -83.328674 5.093268 33.346638 0.000000 0.000000 -1
1 -86.208725 5.093287 34.066635 0.000000 0.000000 -1
1 -72.883240 5.093318 45.201447 0.000000 0.000000 -1
1 -71.344284 5.093290 42.548698 0.000000 0.000000 -1
1 -84.666824 5.093302 36.874840 0.000000 0.000000 -1
1 -98.774292 5.093328 33.398590 0.000000 0.000000 -1
1 -98.875534 5.093281 36.132339 0.000000 0.000000 -1
1 -80.987564 5.093280 42.067448 0.000000 0.000000 -1
1 -81.085480 5.093314 39.630768 0.000000 0.000000 -1
1 -84.676468 5.093292 36.792332 0.000000 0.000000 -1
1 -89.970016 5.093304 36.711849 0.000000 0.000000 -1
1 -84.504211 5.093312 50.246323 0.000000 0.000000 -1
1 -81.023972 5.093276 42.076187 0.000000 0.000000 -1
1 -89.840744 5.093297 36.743668 0.000000 0.000000 -1
1 -87.817612 5.093302 48.794811 0.000000 0.000000 -1
1 -81.054764 5.093306 48.529728 0.000000 0.000000 -1
1 -81.031479 5.093277 42.036434 0.000000 0.000000 -1
1 -77.507782 5.093292 63.673180 0.000000 0.000000 -1
1 -74.105804 5.093295 60.757187 0.000000 0.000000 -1
1 -90.308334 5.093297 62.719185 0.000000 0.000000 -1
1 -94.223373 5.093333 61.436684 0.000000 0.000000 -1
1 63.806629 4.736368 -37.468834 0.000000 0.000000 -1
1 63.844280 4.736376 -39.628510 0.083333 0.166667 -1
1 62.759396 4.736367 -39.357994 0.000000 0.166667 -1
1 63.806629 4.736368 -37.468834 0.083333 0.000000 -1
1 64.919052 4.736375 -39.320301 0.166667 0.166667 -1
1 63.806629 4.736368 -37.468834 0.166667 0.000000 -1
1 65.695740 4.736375 -38.516018 0.250000 0.166667 -1
1 63.806629 4.736368 -37.468834 0.250000 0.000000 -1
1 65.966248 4.736351 -37.431137 0.333333 0.166667 -1
1 63.806629 4.736368 -37.468834 0.333333 0.000000 -1
1 65.658096 4.736378 -36.356327 0.416667 0.166667 -1
1 63.806629 4.736368 -37.468834 0.416667 0.000000 -1
1 64.853798 4.736377 -35.579655 0.500000 0.166667 -1
1 63.806629 4.736368 -37.468834 0.500000 0.000000 -1
1 63.768887 4.736373 -35.309139 0.583333 0.166667 -1
1 63.806629 4.736368 -37.468834 0.583333 0.000000 -1
1 62.694084 4.736369 -35.617367 0.666667 0.166667 -1
1 63.806629 4.736368 -37.468834 0.666667 0.000000 -1
1 61.917370 4.736387 -36.421638 0.750000 0.166667 -1
1 63.806629 4.736368 -37.468834 0.750000 0.000000 -1
1 61.646935 4.736372 -37.506504 0.833333 0.166667 -1
1 63.806629 4.736368 -37.468834 0.833333 0.000000 -1
1 61.955067 4.736379 -38.581326 0.916667 0.166667 -1
1 63.806629 4.736368 -37.468834 0.916667 0.000000 -1
1 62.759396 4.736367 -39.357994 1.000000 0.166667 -1
1 61.712223 4.736366 -41.247150 0.000000 0.500000 -1
1 61.992825 4.736378 -40.740967 0.000000 0.333333 -1
1 63.871868 4.736380 -41.209480 0.083333 0.333333 -1
1 63.881954 4.736372 -41.788174 0.083333 0.500000 -1
1 66.643295 4.736366 -40.996368 0.166667 0.500000 -1
1 65.733498 4.736377 -40.675667 0.166667 0.333333 -1
1 66.335236 4.736367 -38.767574 0.250000 0.333333 -1
1 68.222366 4.736367 -38.784576 0.250000 0.500000 -1
1 68.125900 4.736355 -37.393410 0.333333 0.500000 -1
1 67.547256 4.736372 -37.403519 0.333333 0.333333 -1
1 67.013443 4.736371 -35.541950 0.416667 0.333333 -1
1 67.509544 4.736373 -35.243858 0.416667 0.500000 -1
1 65.900955 4.736381 -33.690475 0.500000 0.500000 -1
1 65.620377 4.736373 -34.196686 0.500000 0.333333 -1
1 63.741314 4.736367 -33.728165 0.583333 0.333333 -1
1 63.731205 4.736371 -33.149460 0.583333 0.500000 -1
1 61.581661 4.736378 -33.765854 0.666667 0.500000 -1
1 61.879765 4.736375 -34.261955 0.666667 0.333333 -1
1 60.534451 4.736357 -35.655052 0.750000 0.333333 -1
1 60.028263 4.736377 -35.374435 0.750000 0.500000 -1
1 59.487270 4.736366 -37.544235 0.833333 0.500000 -1
1 60.065910 4.736381 -37.534134 0.833333 0.333333 -1
1 60.599735 4.736366 -39.395687 0.916667 0.333333 -1
1 60.103634 4.736372 -39.693775 0.916667 0.500000 -1
1 61.712223 4.736366 -41.247150 1.000000 0.500000 -1
1 61.992825 4.736378 -40.740967 1.000000 0.333333 -1
1 66.643295 4.736366 -40.996368 0.000000 0.000000 -1
1 68.222366 4.736367 -38.784576 0.000000 0.000000 -1
1 69.025528 4.759938 -42.317711 0.000000 0.000000 -1
1 71.051575 4.759938 -40.147881 0.000000 0.000000 -1
1 74.329987 4.759935 -57.200874 0.000000 0.000000 -1
1 71.263733 4.759939 -57.260811 0.000000 0.000000 -1
1 72.760162 4.759939 -42.857887 0.000000 0.000000 -1
1 76.559219 4.759944 -28.833839 0.000000 0.000000 -1
1 78.999252 4.759926 -30.070625 0.000000 0.000000 -1
1 75.517960 4.759920 -48.593254 0.000000 0.000000 -1
1 73.434280 4.759933 -47.326317 0.000000 0.000000 -1
1 72.692642 4.759950 -42.809456 0.000000 0.000000 -1
1 75.188660 4.759959 -38.140579 0.000000 0.000000 -1
1 84.376328 4.759945 -49.482704 0.000000 0.000000 -1
1 75.543243 4.759948 -48.565666 0.000000 0.000000 -1
1 75.153778 4.759946 -38.269066 0.000000 0.000000 -1
1 84.713120 4.759932 -45.881081 0.000000 0.000000 -1
1 81.202545 4.759932 -51.667488 0.000000 0.000000 -1
1 75.512100 4.759959 -48.539818 0.000000 0.000000 -1
1 92.727722 4.759937 -62.111397 0.000000 0.000000 -1
1 88.528076 4.759941 -63.673180 0.000000 0.000000 -1
1 98.099213 4.759922 -50.453270 0.000000 0.000000 -1
1 98.875534 4.759930 -46.407372 0.000000 0.000000 -1
1 79.139679 5.319704 47.281418 0.000000 0.000000 -1
1 77.392181 5.319700 48.551071 0.083333 0.166667 -1
1 78.261185 5.319718 49.254715 0.000000 0.166667 -1
1 79.139679 5.319704 47.281418 0.083333 0.000000 -1
1 76.991562 5.319696 47.507225 0.166667 0.166667 -1
1 79.139679 5.319704 47.281418 0.166667 0.000000 -1
1 77.166458 5.319710 46.402912 0.250000 0.166667 -1
1 79.139679 5.319704 47.281418 0.250000 0.000000 -1
1 77.870056 5.319711 45.533970 0.333333 0.166667 -1
1 79.139679 5.319704 47.281418 0.333333 0.000000 -1
1 78.913895 5.319716 45.133266 0.416667 0.166667 -1
1 79.139679 5.319704 47.281418 0.416667 0.000000 -1
1 80.018234 5.319704 45.308208 0.500000 0.166667 -1
1 79.139679 5.319704 47.281418 0.500000 0.000000 -1
1 80.887192 5.319698 46.011806 0.583333 0.166667 -1
1 79.139679 5.319704 47.281418 0.583333 0.000000 -1
1 81.287857 5.319717 47.055733 0.666667 0.166667 -1
1 79.139679 5.319704 47.281418 0.666667 0.000000 -1
1 81.112976 5.319703 48.160019 0.750000 0.166667 -1
1 79.139679 5.319704 47.281418 0.750000 0.000000 -1
1 80.409332 5.319712 49.028904 0.833333 0.166667 -1
1 79.139679 5.319704 47.281418 0.833333 0.000000 -1
1 79.365494 5.319702 49.429653 0.916667 0.166667 -1
1 79.139679 5.319704 47.281418 0.916667 0.000000 -1
1 78.261185 5.319718 49.254715 1.000000 0.166667 -1
1 77.382584 5.319718 51.227955 0.000000 0.500000 -1
1 77.618011 5.319713 50.699226 0.000000 0.333333 -1
1 76.112976 5.319714 49.480503 0.083333 0.333333 -1
1 75.644760 5.319693 49.820721 0.083333 0.500000 -1
1 74.615311 5.319697 47.138863 0.166667 0.500000 -1
1 75.418961 5.319693 47.672501 0.166667 0.333333 -1
1 76.580688 5.319718 46.043610 0.250000 0.333333 -1
1 75.431396 5.319697 44.546696 0.250000 0.500000 -1
1 76.600510 5.319710 43.786457 0.333333 0.500000 -1
1 76.940613 5.319703 44.254704 0.333333 0.333333 -1
1 78.748627 5.319695 43.560711 0.416667 0.333333 -1
1 78.688126 5.319701 42.985134 0.416667 0.500000 -1
1 80.896805 5.319702 43.334930 0.500000 0.500000 -1
1 80.661377 5.319700 43.863674 0.500000 0.333333 -1
1 82.166428 5.319709 45.082401 0.583333 0.333333 -1
1 82.634674 5.319729 44.742180 0.583333 0.500000 -1
1 83.436035 5.319709 46.829865 0.666667 0.500000 -1
1 82.860458 5.319711 46.890369 0.666667 0.333333 -1
1 82.557510 5.319697 48.803173 0.750000 0.333333 -1
1 83.086212 5.319709 49.038548 0.750000 0.500000 -1
1 81.678925 5.319734 50.776409 0.833333 0.500000 -1
1 81.338699 5.319686 50.308174 0.833333 0.333333 -1
1 79.530746 5.319700 51.002159 0.916667 0.333333 -1
1 79.591324 5.319707 51.577774 0.916667 0.500000 -1
1 77.382584 5.319718 51.227955 1.000000 0.500000 -1
1 77.618011 5.319713 50.699226 1.000000 0.333333 -1
1 74.615311 5.319697 47.138863 0.000000 0.000000 -1
1 75.431396 5.319697 44.546696 0.000000 0.000000 -1
1 72.126358 5.343272 46.031532 0.000000 0.000000 -1
1 72.640030 5.343277 43.107658 0.000000 0.000000 -1
1 57.047817 5.343276 50.752144 0.000000 0.000000 -1
1 58.845325 5.343281 53.237076 0.000000 0.000000 -1
1 69.447418 5.343279 43.374050 0.000000 0.000000 -1
1 78.361145 5.343279 31.900089 0.000000 0.000000 -1
1 75.904984 5.343271 30.695683 0.000000 0.000000 -1
1 63.207264 5.343288 44.623169 0.000000 0.000000 -1
1 65.473038 5.343269 45.524818 0.000000 0.000000 -1
1 69.526688 5.343261 43.398800 0.000000 0.000000 -1
1 71.753311 5.343267 38.595608 0.000000 0.000000 -1
1 57.165791 5.343282 38.083893 0.000000 0.000000 -1
1 63.214081 5.343287 44.586388 0.000000 0.000000 -1
1 71.671677 5.343274 38.700775 0.000000 0.000000 -1
1 59.839535 5.343279 35.647350 0.000000 0.000000 -1
1 57.330963 5.343281 41.933380 0.000000 0.000000 -1
1 63.253445 5.343278 44.595703 0.000000 0.000000 -1
1 42.054047 5.343280 39.014248 0.000000 0.000000 -1
1 43.334198 5.343282 43.308197 0.000000 0.000000 -1
1 48.132027 5.343281 27.708364 0.000000 0.000000 -1
1 50.896023 5.343277 24.653477 0.000000 0.000000 -1
219
0.000003 1.000000 -0.000004
0.000003 1.000000 -0.000010
-0.000000 1.000000 -0.000005
0.000008 1.000000 -0.000012
-0.000008 1.000000 -0.000006
-0.000023 1.000000 0.000006
-0.000002 1.000000 -0.000004
0.000020 1.000000 0.000006
0.000010 1.000000 -0.000000
0.000007 1.000000 -0.000002
0.000002 1.000000 -0.000001
0.000005 1.000000 -0.000006
-0.000005 1.000000 -0.000000
0.000005 1.000000 0.000006
0.000002 1.000000 0.000001
0.000007 1.000000 0.000002
0.000010 1.000000 -0.000002
0.000020 1.000000 -0.000006
-0.000002 1.000000 -0.000003
-0.000023 1.000000 -0.000006
-0.000007 1.000000 0.000003
0.000008 1.000000 0.000012
0.000003 1.000000 0.000010
0.000003 1.000000 0.000004
-0.000000 1.000000 0.000005
0.000012 1.000000 0.000002
-0.000000 1.000000 -0.000005
0.000006 1.000000 -0.000002
0.000021 1.000000 0.000008
0.000003 1.000000 -0.000002
-0.000003 1.000000 -0.000001
0.000000 1.000000 -0.000002
-0.000000 1.000000 -0.000008
-0.000007 1.000000 0.000011
0.000004 1.000000 0.000007
-0.000007 1.000000 0.000003
-0.000038 1.000000 0.000024
0.000005 1.000000 -0.000000
0.000017 1.000000 0.000000
-0.000007 1.000000 -0.000003
-0.000038 1.000000 -0.000024
-0.000007 1.000000 -0.000013
0.000003 1.000000 -0.000007
0.000002 1.000000 -0.000012
0.000005 1.000000 -0.000006
0.000013 1.000000 -0.000027
0.000008 1.000000 -0.000022
0.000010 1.000000 -0.000003
0.000018 1.000000 -0.000013
0.000012 1.000000 -0.000002
-0.000000 1.000000 0.000005
-0.000991 0.999962 -0.008637
-0.001445 0.999966 -0.008129
-0.000575 0.999995 -0.003256
-0.000473 0.999998 -0.001904
0.000004 1.000000 -0.000008
0.000004 1.000000 -0.000008
-0.000002 1.000000 -0.000002
0.000002 1.000000 0.000018
0.000001 1.000000 0.000006
-0.000006 1.000000 0.000008
-0.000014 1.000000 0.000014
0.000002 1.000000 0.000001
-0.000000 1.000000 -0.000001
0.000004 1.000000 -0.000003
0.000000 1.000000 -0.000001
0.000001 1.000000 0.000001
0.000001 1.000000 -0.000002
-0.000001 1.000000 -0.000005
0.000000 1.000000 0.000001
0.000001 1.000000 0.000001
0.000003 1.000000 0.000001
0.000008 1.000000 0.000002
-0.000008 1.000000 0.000003
-0.000004 1.000000 0.000003
-0.000005 1.000000 0.000004
-0.000001 1.000000 0.000004
0.000002 1.000000 0.000001
-0.000002 1.000000 0.000002
0.000009 1.000000 0.000008
0.000007 1.000000 0.000020
0.000004 1.000000 0.000000
0.000008 1.000000 -0.000022
0.000006 1.000000 -0.000010
-0.000003 1.000000 -0.000003
-0.000001 1.000000 0.000001
-0.000004 1.000000 -0.000003
-0.000004 1.000000 0.000001
-0.000004 1.000000 -0.000002
-0.000000 1.000000 0.000005
0.000015 1.000000 0.000009
-0.000004 1.000000 0.000004
0.000002 1.000000 -0.000014
-0.000004 1.000000 -0.000001
0.000002 1.000000 0.000007
0.000000 1.000000 -0.000003
0.000010 1.000000 -0.000006
0.000003 1.000000 -0.000004
-0.000006 1.000000 -0.000018
-0.000002 1.000000 -0.000007
-0.000001 1.000000 -0.000006
-0.000000 1.000000 -0.000014
0.000006 1.000000 -0.000007
0.000006 1.000000 -0.000002
0.000008 1.000000 -0.000000
0.000000 1.000000 0.000004
0.000015 1.000000 -0.000005
0.000008 1.000000 -0.000004
0.000004 1.000000 -0.000004
-0.000000 1.000000 -0.000007
-0.000005 1.000000 -0.000008
-0.000003 1.000000 -0.000004
-0.000001 1.000000 -0.000002
-0.000001 1.000000 -0.000007
0.000008 1.000000 -0.000011
-0.000000 1.000000 -0.000005
-0.000000 1.000000 -0.000000
0.000030 1.000000 -0.000019
-0.000002 1.000000 -0.000001
-0.000010 1.000000 0.000002
-0.000004 1.000000 -0.000004
0.000009 1.000000 0.000005
-0.000006 1.000000 -0.000004
-0.000011 1.000000 -0.000002
-0.007088 0.999962 0.005060
-0.006417 0.999966 0.005213
-0.002567 0.999995 0.002085
-0.001435 0.999998 0.001341
0.000001 1.000000 0.000000
0.000001 1.000000 0.000000
0.000001 1.000000 0.000000
0.000006 1.000000 -0.000003
0.000003 1.000000 -0.000001
0.000005 1.000000 -0.000002
0.000006 1.000000 -0.000001
0.000003 1.000000 -0.000004
0.000001 1.000000 -0.000000
0.000000 1.000000 0.000000
0.000002 1.000000 0.000002
0.000002 1.000000 0.000002
-0.000001 1.000000 -0.000004
0.000001 1.000000 -0.000007
0.000001 1.000000 -0.000000
-0.000001 1.000000 -0.000001
0.000001 1.000000 0.000001
0.000000 1.000000 -0.000002
-0.000011 1.000000 -0.000012
-0.000003 1.000000 -0.000010
-0.000006 1.000000 -0.000010
-0.000004 1.000000 -0.000002
0.000000 1.000000 0.000004
-0.000002 1.000000 0.000012
0.000004 1.000000 0.000009
0.000002 1.000000 0.000002
0.000001 1.000000 -0.000002
-0.000003 1.000000 0.000006
0.000003 1.000000 -0.000004
0.000010 1.000000 0.000005
0.000004 1.000000 -0.000001
0.000004 1.000000 0.000002
-0.000005 1.000000 -0.000004
-0.000008 1.000000 -0.000015
-0.000004 1.000000 0.000001
-0.000005 1.000000 0.000012
0.000001 1.000000 0.000003
0.000003 1.000000 -0.000007
0.000002 1.000000 0.000003
-0.000009 1.000000 0.000002
0.000003 1.000000 0.000001
0.000015 1.000000 -0.000001
0.000012 1.000000 0.000002
-0.000012 1.000000 0.000006
0.000002 1.000000 -0.000002
-0.000005 1.000000 -0.000003
-0.000032 1.000000 0.000017
-0.000008 1.000000 0.000001
0.000002 1.000000 -0.000000
0.000001 1.000000 0.000004
-0.000013 1.000000 -0.000004
0.000007 1.000000 0.000003
0.000009 1.000000 -0.000003
0.000002 1.000000 -0.000001
0.000003 1.000000 0.000010
-0.000010 1.000000 0.000008
-0.000004 1.000000 -0.000001
-0.000010 1.000000 0.000004
-0.000030 1.000000 0.000019
-0.000011 1.000000 0.000006
0.000004 1.000000 0.000003
-0.000010 1.000000 -0.000005
-0.000017 1.000000 -0.000014
-0.000031 1.000000 -0.000042
-0.000019 1.000000 -0.000027
-0.000000 1.000000 -0.000012
-0.000005 1.000000 -0.000012
0.000007 1.000000 -0.000010
0.000007 1.000000 -0.000000
0.008308 0.999962 0.002616
0.008026 0.999966 0.001989
0.003211 0.999995 0.000796
0.001936 0.999998 0.000341
0.000000 1.000000 -0.000000
-0.000000 1.000000 -0.000002
0.000001 1.000000 0.000004
-0.000003 1.000000 -0.000001
-0.000001 1.000000 -0.000001
0.000004 1.000000 0.000007
0.000004 1.000000 0.000011
0.000005 1.000000 0.000004
0.000000 1.000000 -0.000000
0.000001 1.000000 -0.000001
0.000001 1.000000 -0.000001
0.000001 1.000000 -0.000001
0.000000 1.000000 0.000000
0.000000 1.000000 0.000000
-0.000000 1.000000 -0.000000
-0.000000 1.000000 0.000000
0.000001 1.000000 -0.000001
0.000001 1.000000 -0.000001
228
1 0 1 2 0 1 2 1
1 3 4 1 3 4 1 1
1 5 6 4 5 6 4 1
1 7 8 6 7 8 6 1
1 9 10 8 9 10 8 1
1 11 12 10 11 12 10 1
1 13 14 12 13 14 12 1
1 15 16 14 15 16 14 1
1 17 18 16 17 18 16 1
1 19 20 18 19 20 18 1
1 21 22 20 21 22 20 1
1 23 24 22 23 24 22 1
1 25 26 27 25 26 27 1
1 25 27 28 25 27 28 1
1 28 27 29 28 27 29 1
1 27 30 29 27 30 29 1
1 29 30 31 29 30 31 1
1 29 31 32 29 31 32 1
1 32 31 33 32 31 33 1
1 31 34 33 31 34 33 1
1 33 34 35 33 34 35 1
1 33 35 36 33 35 36 1
1 36 35 37 36 35 37 1
1 35 38 37 35 38 37 1
1 37 38 39 37 38 39 1
1 37 39 40 37 39 40 1
1 40 39 41 40 39 41 1
1 39 42 41 39 42 41 1
1 41 42 43 41 42 43 1
1 41 43 44 41 43 44 1
1 44 43 45 44 43 45 1
1 43 46 45 43 46 45 1
1 45 46 47 45 46 47 1
1 45 47 48 45 47 48 1
1 48 47 49 48 47 49 1
1 47 50 49 47 50 49 1
1 26 2 27 26 2 27 1
1 2 1 27 2 1 27 1
1 27 1 4 27 1 4 1
1 27 4 30 27 4 30 1
1 30 4 31 30 4 31 1
1 4 6 31 4 6 31 1
1 31 6 8 31 6 8 1
1 31 8 34 31 8 34 1
1 34 8 35 34 8 35 1
1 8 10 35 8 10 35 1
1 35 10 12 35 10 12 1
1 35 12 38 35 12 38 1
1 38 12 39 38 12 39 1
1 12 14 39 12 14 39 1
1 39 14 16 39 14 16 1
1 39 16 42 39 16 42 1
1 42 16 43 42 16 43 1
1 16 18 43 16 18 43 1
1 43 18 20 43 18 20 1
1 43 20 46 43 20 46 1
1 46 20 47 46 20 47 1
1 20 22 47 20 22 47 1
1 47 22 24 47 22 24 1
1 47 24 50 47 24 50 1
1 51 52 53 51 52 53 1
1 54 53 52 54 53 52 1
1 55 56 53 55 56 53 1
1 57 55 53 57 55 53 1
1 58 59 54 58 59 54 1
1 53 54 57 53 54 57 1
1 59 57 54 59 57 54 1
1 60 61 57 60 61 57 1
1 62 63 60 62 62 60 1
1 64 65 66 63 64 65 1
1 67 64 66 66 63 65 1
1 68 69 64 67 68 63 1
1 70 71 64 69 70 63 1
1 71 68 64 70 67 63 1
1 64 67 72 63 66 71 1
1 73 72 67 72 71 66 1
1 74 75 76 73 74 75 1
1 77 78 75 76 77 74 1
1 79 80 78 78 79 77 1
1 81 82 80 80 81 79 1
1 83 84 82 82 83 81 1
1 85 86 84 84 85 83 1
1 87 88 86 86 87 85 1
1 89 90 88 88 89 87 1
1 91 92 90 90 91 89 1
1 93 94 92 92 93 91 1
1 95 96 94 94 95 93 1
1 97 98 96 96 97 95 1
1 99 100 101 98 99 100 1
1 99 101 102 98 100 101 1
1 102 101 103 101 100 102 1
1 101 104 103 100 103 102 1
1 103 104 105 102 103 104 1
1 103 105 106 102 104 105 1
1 106 105 107 105 104 106 1
1 105 108 107 104 107 106 1
1 107 108 109 106 107 108 1
1 107 109 110 106 108 109 1
1 110 109 111 109 108 110 1
1 109 112 111 108 111 110 1
1 111 112 113 110 111 112 1
1 111 113 114 110 112 113 1
1 114 113 115 113 112 114 1
1 113 116 115 112 115 114 1
1 115 116 117 114 115 116 1
1 115 117 118 114 116 117 1
1 118 117 119 117 116 118 1
1 117 120 119 116 119 118 1
1 119 120 121 118 119 120 1
1 119 121 122 118 120 121 1
1 122 121 123 121 120 122 1
1 121 124 123 120 123 122 1
1 100 76 101 99 75 100 1
1 76 75 101 75 74 100 1
1 101 75 78 100 74 77 1
1 101 78 104 100 77 103 1
1 104 78 105 103 77 104 1
1 78 80 105 77 79 104 1
1 105 80 82 104 79 81 1
1 105 82 108 104 81 107 1
1 108 82 109 107 81 108 1
1 82 84 109 81 83 108 1
1 109 84 86 108 83 85 1
1 109 86 112 108 85 111 1
1 112 86 113 111 85 112 1
1 86 88 113 85 87 112 1
1 113 88 90 112 87 89 1
1 113 90 116 112 89 115 1
1 116 90 117 115 89 116 1
1 90 92 117 89 91 116 1
1 117 92 94 116 91 93 1
1 117 94 120 116 93 119 1
1 120 94 121 119 93 120 1
1 94 96 121 93 95 120 1
1 121 96 98 120 95 97 1
1 121 98 124 120 97 123 1
1 125 126 127 124 125 126 1
1 128 127 126 127 126 125 1
1 129 130 127 128 129 126 1
1 131 129 127 130 128 126 1
1 132 133 128 131 132 127 1
1 127 128 131 126 127 130 1
1 133 131 128 132 130 127 1
1 134 135 131 133 134 130 1
1 136 137 134 135 135 133 1
1 138 139 140 136 137 138 1
1 141 138 140 139 136 138 1
1 142 143 138 140 141 136 1
1 144 145 138 142 143 136 1
1 145 142 138 143 140 136 1
1 138 141 146 136 139 144 1
1 147 146 141 145 144 139 1
1 148 149 150 146 147 148 1
1 151 152 149 149 150 147 1
1 153 154 152 151 152 150 1
1 155 156 154 153 154 152 1
1 157 158 156 155 156 154 1
1 159 160 158 157 158 156 1
1 161 162 160 159 160 158 1
1 163 164 162 161 162 160 1
1 165 166 164 163 164 162 1
1 167 168 166 165 166 164 1
1 169 170 168 167 168 166 1
1 171 172 170 169 170 168 1
1 173 174 175 171 172 173 1
1 173 175 176 171 173 174 1
1 176 175 177 174 173 175 1
1 175 178 177 173 176 175 1
1 177 178 179 175 176 177 1
1 177 179 180 175 177 178 1
1 180 179 181 178 177 179 1
1 179 182 181 177 180 179 1
1 181 182 183 179 180 181 1
1 181 183 184 179 181 182 1
1 184 183 185 182 181 183 1
1 183 186 185 181 184 183 1
1 185 186 187 183 184 185 1
1 185 187 188 183 185 186 1
1 188 187 189 186 185 187 1
1 187 190 189 185 188 187 1
1 189 190 191 187 188 189 1
1 189 191 192 187 189 190 1
1 192 191 193 190 189 191 1
1 191 194 193 189 192 191 1
1 193 194 195 191 192 193 1
1 193 195 196 191 193 194 1
1 196 195 197 194 193 195 1
1 195 198 197 193 196 195 1
1 174 150 175 172 148 173 1
1 150 149 175 148 147 173 1
1 175 149 152 173 147 150 1
1 175 152 178 173 150 176 1
1 178 152 179 176 150 177 1
1 152 154 179 150 152 177 1
1 179 154 156 177 152 154 1
1 179 156 182 177 154 180 1
1 182 156 183 180 154 181 1
1 156 158 183 154 156 181 1
1 183 158 160 181 156 158 1
1 183 160 186 181 158 184 1
1 186 160 187 184 158 185 1
1 160 162 187 158 160 185 1
1 187 162 164 185 160 162 1
1 187 164 190 185 162 188 1
1 190 164 191 188 162 189 1
1 164 166 191 162 164 189 1
1 191 166 168 189 164 166 1
1 191 168 194 189 166 192 1
1 194 168 195 192 166 193 1
1 168 170 195 166 168 193 1
1 195 170 172 193 168 170 1
1 195 172 198 193 170 196 1
1 199 200 201 197 198 199 1
1 202 201 200 200 199 198 1
1 203 204 201 201 202 199 1
1 205 203 201 203 201 199 1
1 206 207 202 204 205 200 1
1 201 202 205 199 200 203 1
1 207 205 202 205 203 200 1
1 208 209 205 206 207 203 1
1 210 211 208 208 208 206 1
1 212 213 214 209 210 211 1
1 215 212 214 212 209 211 1
1 216 217 212 213 214 209 1
1 218 219 212 215 216 209 1
1 219 216 212 216 213 209 1
1 212 215 220 209 212 217 1
1 221 220 215 218 217 212 1
"frame" 0 1
194
1 24.193737 48.973930 21.395535 0.000000 0.000000 -1
1 15.443739 0.328095 21.395535 0.000000 1.000000 -1
1 32.878838 36.057266 23.394524 1.000000 0.000000 -1
1 25.274668 0.015595 23.394524 1.000000 1.000000 -1
1 32.878838 36.057266 23.394524 0.000000 0.000000 -1
1 25.274668 0.015595 23.394524 0.000000 1.000000 -1
1 43.216972 36.057266 -16.020115 1.000000 0.000000 -1
1 24.987808 0.015595 -16.020115 1.000000 1.000000 -1
1 43.216972 36.057266 -16.020115 0.000000 0.000000 -1
1 24.987808 0.015595 -16.020115 0.000000 1.000000 -1
1 24.193737 48.973930 -16.104465 1.000000 0.000000 -1
1 15.443739 0.328095 -16.104465 1.000000 1.000000 -1
1 24.193737 48.973930 -16.104465 0.000000 0.000000 -1
1 15.443739 0.328095 -16.104465 0.000000 1.000000 -1
1 24.193737 48.973930 21.395535 1.000000 0.000000 -1
1 15.443739 0.328095 21.395535 1.000000 1.000000 -1
1 24.193737 48.973930 21.395535 0.000000 1.000000 -1
1 32.878838 36.057266 23.394524 1.000000 1.000000 -1
1 15.443739 0.328095 21.395535 0.000000 0.000000 -1
1 25.274668 0.015595 23.394524 1.000000 0.000000 -1
1 -23.949213 29.911427 -29.685223 0.000000 0.000000 -1
1 -23.949213 -0.088571 -29.685223 0.000000 1.000000 -1
1 25.009140 37.828098 -12.185232 1.000000 0.000000 -1
1 25.009140 -0.088571 -12.185232 1.000000 1.000000 -1
1 25.009140 37.828098 -12.185232 0.000000 0.000000 -1
1 25.009140 -0.088571 -12.185232 0.000000 1.000000 -1
1 25.009146 37.828098 -22.601925 1.000000 0.000000 -1
1 25.009146 -0.088571 -22.601925 1.000000 1.000000 -1
1 25.009146 37.828098 -22.601925 0.000000 0.000000 -1
1 25.009146 -0.088571 -22.601925 0.000000 1.000000 -1
1 -24.913498 29.911427 -48.179298 1.000000 0.000000 -1
1 -24.913498 -0.088571 -48.179298 1.000000 1.000000 -1
1 -24.913498 29.911427 -48.179298 0.000000 0.000000 -1
1 -24.913498 -0.088571 -48.179298 0.000000 1.000000 -1
1 -23.949213 29.911427 -29.685223 1.000000 0.000000 -1
1 -23.949213 -0.088571 -29.685223 1.000000 1.000000 -1
1 -23.949213 29.911427 -29.685223 0.000000 1.000000 -1
1 25.009140 37.828098 -12.185232 1.000000 1.000000 -1
1 -23.949213 -0.088571 -29.685223 0.000000 0.000000 -1
1 25.009140 -0.088571 -12.185232 1.000000 0.000000 -1
1 4.624462 22.082670 11.998725 0.000000 0.000000 -1
1 47.699757 36.866043 57.497234 0.000000 1.000000 -1
1 -17.669891 28.285847 31.090160 1.000000 0.000000 -1
1 25.405388 43.069221 76.588715 1.000000 1.000000 -1
1 -17.669891 28.285847 31.090160 0.000000 0.000000 -1
1 25.405388 43.069221 76.588715 0.000000 1.000000 -1
1 -11.399603 46.751171 19.154083 1.000000 0.000000 -1
1 31.675682 61.534504 64.652611 1.000000 1.000000 -1
1 -11.399603 46.751171 19.154083 0.000000 0.000000 -1
1 31.675682 61.534504 64.652611 0.000000 1.000000 -1
1 4.624462 56.558498 0.796835 1.000000 0.000000 -1
1 47.699757 71.341835 46.295357 1.000000 1.000000 -1
1 4.624462 56.558498 0.796835 0.000000 0.000000 -1
1 47.699757 71.341835 46.295357 0.000000 1.000000 -1
1 4.624462 22.082670 11.998725 1.000000 0.000000 -1
1 47.699757 36.866043 57.497234 1.000000 1.000000 -1
1 4.624462 22.082670 11.998725 0.000000 1.000000 -1
1 -17.669891 28.285847 31.090160 1.000000 1.000000 -1
1 47.699757 36.866043 57.497234 0.000000 0.000000 -1
1 25.405388 43.069221 76.588715 1.000000 0.000000 -1
1 78.812790 15.819662 -21.363552 0.000000 0.000000 -1
1 78.841843 -0.115429 -21.086929 0.000000 1.000000 -1
1 87.322968 15.607731 -34.465969 1.000000 0.000000 -1
1 60.066467 15.250793 -52.163658 0.000000 0.000000 -1
1 60.095528 -0.684313 -51.887028 0.000000 1.000000 -1
1 51.556282 15.462694 -39.061256 1.000000 0.000000 -1
1 51.585342 -0.472374 -38.784637 1.000000 1.000000 -1
1 51.556282 15.462694 -39.061256 0.000000 0.000000 -1
1 51.585342 -0.472374 -38.784637 0.000000 1.000000 -1
1 78.812790 15.819662 -21.363552 1.000000 0.000000 -1
1 78.841843 -0.115429 -21.086929 1.000000 1.000000 -1
1 78.812790 15.819662 -21.363552 0.000000 1.000000 -1
1 60.066467 15.250793 -52.163658 1.000000 0.000000 -1
1 87.322968 15.607731 -34.465969 1.000000 1.000000 -1
1 -4.272990 15.819662 -60.245266 0.000000 0.000000 -1
1 -4.544001 -0.115429 -60.307846 0.000000 1.000000 -1
1 5.344949 15.607731 -47.932995 1.000000 0.000000 -1
1 5.073934 -0.327351 -47.995571 1.000000 1.000000 -1
1 5.344949 15.607731 -47.932995 0.000000 0.000000 -1
1 5.073934 -0.327351 -47.995571 0.000000 1.000000 -1
1 30.952297 15.250793 -67.942734 1.000000 0.000000 -1
1 30.681301 -0.684313 -68.005325 1.000000 1.000000 -1
1 30.952297 15.250793 -67.942734 0.000000 0.000000 -1
1 30.681301 -0.684313 -68.005325 0.000000 1.000000 -1
1 21.334383 15.462694 -80.255020 1.000000 0.000000 -1
1 21.063393 -0.472374 -80.317581 1.000000 1.000000 -1
1 21.334383 15.462694 -80.255020 0.000000 0.000000 -1
1 21.063393 -0.472374 -80.317581 0.000000 1.000000 -1
1 -4.272990 15.819662 -60.245266 1.000000 0.000000 -1
1 -4.544001 -0.115429 -60.307846 1.000000 1.000000 -1
1 -4.272990 15.819662 -60.245266 0.000000 1.000000 -1
1 5.344949 15.607731 -47.932995 1.000000 1.000000 -1
1 -4.544001 -0.115429 -60.307846 0.000000 0.000000 -1
1 5.073934 -0.327351 -47.995571 1.000000 0.000000 -1
1 -53.405338 42.960686 32.884212 0.000000 0.000000 -1
1 -30.436615 0.003636 32.884212 0.000000 1.000000 -1
1 -39.793236 50.198372 32.884212 1.000000 0.000000 -1
1 -10.148373 -0.173453 32.884212 1.000000 1.000000 -1
1 -39.793236 50.198372 32.884212 0.000000 0.000000 -1
1 -10.148373 -0.173453 32.884212 0.000000 1.000000 -1
1 -39.793236 50.198372 -16.282459 1.000000 0.000000 -1
1 -10.148373 -0.173453 -16.282459 1.000000 1.000000 -1
1 -39.793236 50.198372 -16.282459 0.000000 0.000000 -1
1 -10.148373 -0.173453 -16.282459 0.000000 1.000000 -1
1 -53.405338 42.960686 -16.282459 1.000000 0.000000 -1
1 -30.436615 0.003636 -16.282459 1.000000 1.000000 -1
1 -53.405338 42.960686 -16.282459 0.000000 0.000000 -1
1 -30.436615 0.003636 -16.282459 0.000000 1.000000 -1
1 -53.405338 42.960686 32.884212 1.000000 0.000000 -1
1 -30.436615 0.003636 32.884212 1.000000 1.000000 -1
1 -53.405338 42.960686 32.884212 0.000000 1.000000 -1
1 -39.793236 50.198372 32.884212 1.000000 1.000000 -1
1 -30.436615 0.003636 32.884212 0.000000 0.000000 -1
1 -10.148373 -0.173453 32.884212 1.000000 0.000000 -1
1 -66.906311 26.666668 47.139458 0.000000 0.000000 -1
1 -66.906311 -0.416667 47.139458 0.000000 1.000000 -1
1 -45.031303 26.666668 19.639458 1.000000 0.000000 -1
1 -45.031303 -0.416667 19.639458 1.000000 1.000000 -1
1 -45.031303 26.666668 19.639458 0.000000 0.000000 -1
1 -45.031303 -0.416667 19.639458 0.000000 1.000000 -1
1 -45.031303 26.666668 -7.443876 1.000000 0.000000 -1
1 -45.031303 -0.416667 -7.443876 1.000000 1.000000 -1
1 -45.031303 26.666668 -7.443876 0.000000 0.000000 -1
1 -45.031303 -0.416667 -7.443876 0.000000 1.000000 -1
1 -87.322968 26.666668 -7.443876 1.000000 0.000000 -1
1 -87.322968 -0.416667 -7.443876 1.000000 1.000000 -1
1 -87.322968 26.666668 -7.443876 0.000000 0.000000 -1
1 -87.322968 -0.416667 -7.443876 0.000000 1.000000 -1
1 -66.906311 26.666668 47.139458 1.000000 0.000000 -1
1 -66.906311 -0.416667 47.139458 1.000000 1.000000 -1
1 -66.906311 26.666668 47.139458 0.000000 1.000000 -1
1 -45.031303 26.666668 19.639458 1.000000 1.000000 -1
1 -66.906311 -0.416667 47.139458 0.000000 0.000000 -1
1 -45.031303 -0.416667 19.639458 1.000000 0.000000 -1
1 12.371488 31.816479 -26.168781 0.000000 0.000000 -1
1 41.569859 -0.546856 -62.704815 0.000000 1.000000 -1
1 29.361609 36.735249 -16.833767 1.000000 0.000000 -1
1 58.560009 4.371891 -53.369823 1.000000 1.000000 -1
1 29.361609 36.735249 -16.833767 0.000000 0.000000 -1
1 58.560009 4.371891 -53.369823 0.000000 1.000000 -1
1 31.513681 52.441921 -29.026756 1.000000 0.000000 -1
1 60.712070 20.078573 -65.562805 1.000000 1.000000 -1
1 31.513681 52.441921 -29.026756 0.000000 0.000000 -1
1 60.712070 20.078573 -65.562805 0.000000 1.000000 -1
1 14.523568 47.523174 -38.361767 1.000000 0.000000 -1
1 43.721954 15.159830 -74.897812 1.000000 1.000000 -1
1 14.523568 47.523174 -38.361767 0.000000 0.000000 -1
1 43.721954 15.159830 -74.897812 0.000000 1.000000 -1
1 12.371488 31.816479 -26.168781 1.000000 0.000000 -1
1 41.569859 -0.546856 -62.704815 1.000000 1.000000 -1
1 12.371488 31.816479 -26.168781 0.000000 1.000000 -1
1 29.361609 36.735249 -16.833767 1.000000 1.000000 -1
1 41.569859 -0.546856 -62.704815 0.000000 0.000000 -1
1 58.560009 4.371891 -53.369823 1.000000 0.000000 -1
1 -42.427132 13.541666 -60.360546 0.000000 0.000000 -1
1 -49.614632 0.833334 -60.360546 0.000000 1.000000 -1
1 -17.843800 13.541666 -60.360546 1.000000 0.000000 -1
1 -25.031300 0.833334 -60.360546 1.000000 1.000000 -1
1 -17.843800 13.541666 -60.360546 0.000000 0.000000 -1
1 -25.031300 0.833334 -60.360546 0.000000 1.000000 -1
1 -17.843800 13.541666 -80.777222 1.000000 0.000000 -1
1 -25.031300 0.833334 -80.777222 1.000000 1.000000 -1
1 -17.843800 13.541666 -80.777222 0.000000 0.000000 -1
1 -25.031300 0.833334 -80.777222 0.000000 1.000000 -1
1 -42.427132 13.541666 -80.777222 1.000000 0.000000 -1
1 -49.614632 0.833334 -80.777222 1.000000 1.000000 -1
1 -42.427132 13.541666 -80.777222 0.000000 0.000000 -1
1 -49.614632 0.833334 -80.777222 0.000000 1.000000 -1
1 -42.427132 13.541666 -60.360546 1.000000 0.000000 -1
1 -49.614632 0.833334 -60.360546 1.000000 1.000000 -1
1 -42.427132 13.541666 -60.360546 0.000000 1.000000 -1
1 -17.843800 13.541666 -60.360546 1.000000 1.000000 -1
1 -49.614632 0.833334 -60.360546 0.000000 0.000000 -1
1 -25.031300 0.833334 -60.360546 1.000000 0.000000 -1
1 5.599989 38.811230 80.777222 0.000000 0.000000 -1
1 5.599989 -0.772104 80.777222 0.000000 1.000000 -1
1 45.183319 38.811230 80.777222 1.000000 0.000000 -1
1 45.183319 -0.772104 80.777222 1.000000 1.000000 -1
1 45.183319 38.811230 80.777222 0.000000 0.000000 -1
1 45.183319 -0.772104 80.777222 0.000000 1.000000 -1
1 45.183319 36.663342 54.953255 1.000000 0.000000 -1
1 45.183319 -0.290881 40.767845 1.000000 1.000000 -1
1 45.183319 36.663342 54.953255 0.000000 0.000000 -1
1 45.183319 -0.290881 40.767845 0.000000 1.000000 -1
1 5.599989 36.663342 54.953255 1.000000 0.000000 -1
1 5.599989 -0.290881 40.767845 1.000000 1.000000 -1
1 5.599989 36.663342 54.953255 0.000000 0.000000 -1
1 5.599989 -0.290881 40.767845 0.000000 1.000000 -1
1 5.599989 38.811230 80.777222 1.000000 0.000000 -1
1 5.599989 -0.772104 80.777222 1.000000 1.000000 -1
1 5.599989 38.811230 80.777222 0.000000 1.000000 -1
1 45.183319 38.811230 80.777222 1.000000 1.000000 -1
1 5.599989 -0.772104 80.777222 0.000000 0.000000 -1
1 45.183319 -0.772104 80.777222 1.000000 0.000000 -1
103
-0.178573 0.032120 0.983402
-0.188203 0.036930 0.981435
-0.197811 0.041735 0.979351
0.947746 -0.199958 0.248586
0.935526 -0.331123 0.123083
0.892336 -0.451326 -0.006494
0.003301 -0.001669 -0.999993
0.006043 -0.001625 -0.999980
0.008786 -0.001580 -0.999960
-0.984205 0.177030 0.000000
0.561741 0.827313 0.000000
0.693553 0.712465 0.106665
0.796276 0.567735 0.208857
-0.031771 -0.999495 0.000000
-0.032249 -0.999480 0.000119
-0.032727 -0.999464 0.000238
-0.336590 0.000000 0.941651
1.000000 0.000000 0.000001
0.455978 0.000000 -0.889991
0.455978 0.000000 -0.889991
-0.998643 0.000000 0.052069
-0.160805 0.986951 0.008384
-0.160218 0.987073 0.004192
-0.159629 0.987177 -0.000000
0.000000 -1.000000 0.000000
0.000000 -0.951057 0.309017
0.000000 -0.951057 0.309017
0.000000 -0.951057 0.309017
-0.690691 0.543149 0.477425
-0.690691 0.543149 0.477425
-0.690691 0.543150 0.477425
-0.424384 0.898808 0.109741
-0.424384 0.898808 0.109741
0.743145 -0.206773 -0.636381
0.743145 -0.206773 -0.636381
-0.669131 -0.229645 -0.706772
-0.669131 -0.229644 -0.706773
-0.669131 -0.229644 -0.706773
0.669131 0.229645 0.706772
0.669131 0.229645 0.706772
0.669130 0.229645 0.706773
0.838661 0.010982 0.544543
-0.838661 -0.010983 -0.544544
-0.838661 -0.010982 -0.544544
-0.838660 -0.010982 -0.544544
-0.544652 0.013563 0.838553
-0.544652 0.013563 0.838553
-0.544652 0.013564 0.838553
-0.001825 0.999848 -0.017356
-0.001825 0.999848 -0.017356
-0.001824 0.999848 -0.017357
-0.787917 0.010982 0.615684
-0.787917 0.010983 0.615683
-0.787917 0.010983 0.615683
0.615546 -0.013563 0.787984
0.615546 -0.013563 0.787984
0.615546 -0.013563 0.787984
0.787918 -0.010981 -0.615682
0.787918 -0.010982 -0.615683
0.787917 -0.010982 -0.615683
-0.615546 0.013562 -0.787984
-0.615546 0.013562 -0.787984
-0.615546 0.013563 -0.787984
0.017005 0.999848 0.003925
0.017005 0.999848 0.003926
0.017005 0.999848 0.003927
-0.017005 -0.999848 -0.003926
-0.017005 -0.999848 -0.003926
-0.017006 -0.999848 -0.003927
0.000000 0.000000 1.000000
0.861827 0.507203 0.000000
0.000000 0.000000 -1.000000
-0.881856 -0.471520 0.000000
-0.469472 0.882948 0.000000
-0.008728 -0.999962 0.000000
0.782601 0.000000 0.622524
1.000000 0.000000 0.000000
-0.936623 0.000000 0.350340
0.000000 1.000000 0.000000
-0.107604 -0.785334 0.609649
-0.107604 -0.785334 0.609649
-0.107604 -0.785334 0.609649
0.851392 0.243855 0.464399
0.851392 0.243855 0.464399
0.851392 0.243855 0.464399
0.107605 0.785334 -0.609649
0.107605 0.785334 -0.609649
0.107605 0.785334 -0.609649
-0.851392 -0.243855 -0.464399
-0.851392 -0.243855 -0.464399
-0.851392 -0.243854 -0.464399
-0.516490 0.568124 0.640682
-0.516490 0.568124 0.640681
-0.516491 0.568124 0.640681
0.516489 -0.568125 -0.640682
0.516489 -0.568125 -0.640682
0.516490 -0.568124 -0.640682
0.870430 -0.492292 0.000000
-0.870430 0.492292 0.000000
0.000000 0.358368 -0.933580
-1.000000 0.000000 0.000000
0.000000 0.996559 -0.082888
0.000000 -0.999928 -0.012027
115
1 0 1 2 0 1 1 1
1 1 3 2 1 2 1 1
1 4 5 6 3 4 4 2
1 5 7 6 4 5 4 2
1 8 9 10 6 7 7 1
1 9 11 10 7 8 7 1
1 12 13 14 9 9 9 2
1 13 15 14 9 9 9 2
1 12 16 6 10 11 11 3
1 16 17 6 11 12 11 3
1 18 13 19 13 14 14 3
1 13 7 19 14 15 14 3
1 20 21 22 16 16 16 1
1 21 23 22 16 16 16 1
1 24 25 26 17 17 17 2
1 25 27 26 17 17 17 2
1 28 29 30 18 18 18 1
1 29 31 30 18 19 18 1
1 32 33 34 20 20 20 2
1 33 35 34 20 20 20 2
1 32 36 26 21 22 22 3
1 36 37 26 22 23 22 3
1 38 33 39 24 24 24 3
1 33 27 39 24 24 24 3
1 40 41 42 25 26 26 1
1 41 43 42 26 27 26 1
1 44 45 46 28 29 29 2
1 45 47 46 29 30 29 2
1 48 49 50 31 31 31 1
1 49 51 50 31 32 31 1
1 52 53 54 33 33 33 2
1 53 55 54 33 34 33 2
1 52 56 46 35 36 36 3
1 56 57 46 36 37 36 3
1 58 53 59 38 39 39 3
1 53 47 59 39 40 39 3
1 60 61 62 41 41 41 1
1 63 64 65 42 43 43 1
1 64 66 65 43 44 43 1
1 67 68 69 45 46 46 2
1 68 70 69 46 47 46 2
1 67 71 72 48 49 49 3
1 71 73 72 49 50 49 3
1 74 75 76 51 52 52 1
1 75 77 76 52 53 52 1
1 78 79 80 54 55 55 2
1 79 81 80 55 56 55 2
1 82 83 84 57 58 58 1
1 83 85 84 58 59 58 1
1 86 87 88 60 61 61 2
1 87 89 88 61 62 61 2
1 86 90 80 63 64 64 3
1 90 91 80 64 65 64 3
1 92 87 93 66 67 67 3
1 87 81 93 67 68 67 3
1 94 95 96 69 69 69 1
1 95 97 96 69 69 69 1
1 98 99 100 70 70 70 2
1 99 101 100 70 70 70 2
1 102 103 104 71 71 71 1
1 103 105 104 71 71 71 1
1 106 107 108 72 72 72 2
1 107 109 108 72 72 72 2
1 106 110 100 73 73 73 3
1 110 111 100 73 73 73 3
1 112 107 113 74 74 74 3
1 107 101 113 74 74 74 3
1 114 115 116 75 75 75 1
1 115 117 116 75 75 75 1
1 118 119 120 76 76 76 2
1 119 121 120 76 76 76 2
1 122 123 124 71 71 71 1
1 123 125 124 71 71 71 1
1 126 127 128 77 77 77 2
1 127 129 128 77 77 77 2
1 126 130 120 78 78 78 3
1 130 131 120 78 78 78 3
1 132 127 133 24 24 24 3
1 127 121 133 24 24 24 3
1 134 135 136 79 80 80 1
1 135 137 136 80 81 80 1
1 138 139 140 82 83 83 2
1 139 141 140 83 84 83 2
1 142 143 144 85 86 86 1
1 143 145 144 86 87 86 1
1 146 147 148 88 89 89 2
1 147 149 148 89 90 89 2
1 146 150 140 91 92 92 3
1 150 151 140 92 93 92 3
1 152 147 153 94 95 95 3
1 147 141 153 95 96 95 3
1 154 155 156 69 69 69 1
1 155 157 156 69 69 69 1
1 158 159 160 97 97 97 2
1 159 161 160 97 97 97 2
1 162 163 164 71 71 71 1
1 163 165 164 71 71 71 1
1 166 167 168 98 98 98 2
1 167 169 168 98 98 98 2
1 166 170 160 78 78 78 3
1 170 171 160 78 78 78 3
1 172 167 173 24 24 24 3
1 167 161 173 24 24 24 3
1 174 175 176 69 69 69 1
1 175 177 176 69 69 69 1
1 178 179 180 76 76 76 2
1 179 181 180 76 76 76 2
1 182 183 184 99 99 99 1
1 183 185 184 99 99 99 1
1 186 187 188 100 100 100 2
1 187 189 188 100 100 100 2
1 186 190 180 101 101 101 3
1 190 191 180 101 101 101 3
1 192 187 193 102 102 102 3
1 187 181 193 102 102 102 3

Materials: 2
"glasstop"
0.200000 0.200000 0.200000 1.000000
0.800000 0.800000 0.800000 1.000000
0.000000 0.000000 0.000000 1.000000
0.000000 0.000000 0.000000 1.000000
0.000000
1.000000
".\glasstop.bmp"
""
"windows"
0.200000 0.200000 0.200000 1.000000
0.800000 0.800000 0.800000 1.000000
0.000000 0.000000 0.000000 1.000000
0.000000 0.000000 0.000000 1.000000
0.000000
1.000000
".\glassoffices-burnt.bmp"
""

Bones: 0
GroupComments: 0
MaterialComments: 0
BoneComments: 0
ModelComment: 0
