// MilkShape 3D ASCII

Frames: 30
Frame: 1

Meshes: 4
"glasstop" 0 0
37
1 0.000000 152.472855 0.033808 0.500000 0.500000 -1
1 6.727161 149.665665 3.917737 0.716506 0.625000 -1
1 7.767856 149.665665 0.033808 0.750000 0.500000 -1
1 3.883929 149.665665 6.760969 0.625000 0.716506 -1
1 0.000000 149.665665 7.801664 0.500000 0.750000 -1
1 -3.883929 149.665665 6.760969 0.375000 0.716506 -1
1 -6.727161 149.665665 3.917737 0.283494 0.625000 -1
1 -7.767856 149.665665 0.033808 0.250000 0.500000 -1
1 -6.727161 149.665665 -3.850121 0.283494 0.375000 -1
1 -3.883929 149.665665 -6.693353 0.375000 0.283494 -1
1 0.000000 149.665665 -7.734049 0.500000 0.250000 -1
1 3.883929 149.665665 -6.693353 0.625000 0.283494 -1
1 6.727161 149.665665 -3.850121 0.716506 0.375000 -1
1 15.535713 133.627991 0.033808 1.000000 0.500000 -1
1 13.454323 144.038712 0.033808 0.933013 0.500000 -1
1 11.651785 144.038712 6.760969 0.875000 0.716506 -1
1 13.454323 133.627991 7.801664 0.933013 0.750000 -1
1 7.767856 133.627991 13.488129 0.750000 0.933013 -1
1 6.727161 144.038712 11.685593 0.716506 0.875000 -1
1 0.000000 144.038712 13.488131 0.500000 0.933013 -1
1 0.000000 133.627991 15.569520 0.500000 1.000000 -1
1 -7.767856 133.627991 13.488129 0.250000 0.933013 -1
1 -6.727161 144.038712 11.685593 0.283494 0.875000 -1
1 -11.651785 144.038712 6.760969 0.125000 0.716506 -1
1 -13.454323 133.627991 7.801664 0.066987 0.750000 -1
1 -15.535707 133.627991 0.033808 0.000000 0.500000 -1
1 -13.454323 144.038712 0.033808 0.066987 0.500000 -1
1 -11.651785 144.038712 -6.693353 0.125000 0.283494 -1
1 -13.454323 133.627991 -7.734049 0.066987 0.250000 -1
1 -7.767856 133.627991 -13.420515 0.250000 0.066987 -1
1 -6.727161 144.038712 -11.617977 0.283494 0.125000 -1
1 0.000000 144.038712 -13.420515 0.500000 0.066987 -1
1 0.000000 133.627991 -15.501907 0.500000 0.000000 -1
1 7.767856 133.627991 -13.420515 0.750000 0.066987 -1
1 6.727161 144.038712 -11.617977 0.716506 0.125000 -1
1 11.651785 144.038712 -6.693353 0.875000 0.283494 -1
1 13.454323 133.627991 -7.734049 0.933013 0.250000 -1
37
0.000000 1.000000 -0.000000
0.461482 0.846195 0.266437
0.593505 0.804830 -0.000000
0.296753 0.804830 0.513991
0.000000 0.846195 0.532874
-0.296753 0.804830 0.513990
-0.461482 0.846195 0.266437
-0.593505 0.804830 -0.000000
-0.461482 0.846195 -0.266437
-0.296753 0.804830 -0.513991
0.000000 0.846195 -0.532874
0.296753 0.804830 -0.513990
0.461482 0.846195 -0.266437
0.980594 0.196048 0.000000
0.879290 0.476286 0.000000
0.761488 0.476286 0.439645
0.849220 0.196048 0.490297
0.490297 0.196048 0.849220
0.439645 0.476286 0.761488
0.000000 0.476286 0.879290
0.000000 0.196048 0.980594
-0.490297 0.196048 0.849220
-0.439645 0.476286 0.761488
-0.761488 0.476286 0.439645
-0.849220 0.196048 0.490297
-0.980594 0.196048 -0.000000
-0.879290 0.476286 0.000000
-0.761488 0.476286 -0.439645
-0.849220 0.196048 -0.490297
-0.490297 0.196048 -0.849220
-0.439645 0.476286 -0.761488
-0.000000 0.476287 -0.879290
0.000000 0.196048 -0.980594
0.490297 0.196048 -0.849220
0.439645 0.476286 -0.761488
0.761488 0.476286 -0.439645
0.849220 0.196048 -0.490297
60
1 0 1 2 0 1 2 1
1 0 3 1 0 3 1 1
1 0 4 3 0 4 3 1
1 0 5 4 0 5 4 1
1 0 6 5 0 6 5 1
1 0 7 6 0 7 6 1
1 0 8 7 0 8 7 1
1 0 9 8 0 9 8 1
1 0 10 9 0 10 9 1
1 0 11 10 0 11 10 1
1 0 12 11 0 12 11 1
1 0 2 12 0 2 12 1
1 13 14 15 13 14 15 1
1 13 15 16 13 15 16 1
1 16 15 17 16 15 17 1
1 15 18 17 15 18 17 1
1 17 18 19 17 18 19 1
1 17 19 20 17 19 20 1
1 20 19 21 20 19 21 1
1 19 22 21 19 22 21 1
1 21 22 23 21 22 23 1
1 21 23 24 21 23 24 1
1 24 23 25 24 23 25 1
1 23 26 25 23 26 25 1
1 25 26 27 25 26 27 1
1 25 27 28 25 27 28 1
1 28 27 29 28 27 29 1
1 27 30 29 27 30 29 1
1 29 30 31 29 30 31 1
1 29 31 32 29 31 32 1
1 32 31 33 32 31 33 1
1 31 34 33 31 34 33 1
1 33 34 35 33 34 35 1
1 33 35 36 33 35 36 1
1 36 35 13 36 35 13 1
1 35 14 13 35 14 13 1
1 14 2 15 14 2 15 1
1 2 1 15 2 1 15 1
1 15 1 3 15 1 3 1
1 15 3 18 15 3 18 1
1 18 3 19 18 3 19 1
1 3 4 19 3 4 19 1
1 19 4 5 19 4 5 1
1 19 5 22 19 5 22 1
1 22 5 23 22 5 23 1
1 5 6 23 5 6 23 1
1 23 6 7 23 6 7 1
1 23 7 26 23 7 26 1
1 26 7 27 26 7 27 1
1 7 8 27 7 8 27 1
1 27 8 9 27 8 9 1
1 27 9 30 27 9 30 1
1 30 9 31 30 9 31 1
1 9 10 31 9 10 31 1
1 31 10 11 31 10 11 1
1 31 11 34 31 11 34 1
1 34 11 35 34 11 35 1
1 11 12 35 11 12 35 1
1 35 12 2 35 12 2 1
1 35 2 14 35 2 14 1
"walls" 0 1
14
0 -25.312500 123.775635 24.147894 0.000000 -1.000000 -1
0 -25.312500 0.025644 24.147894 0.000000 0.000000 -1
0 24.687500 123.775635 24.147894 1.000000 -1.000000 -1
0 24.687500 0.025644 24.147894 1.000000 0.000000 -1
0 24.687500 123.775635 -25.227106 0.000000 -1.000000 -1
0 24.687500 0.025644 -25.227106 0.000000 0.000000 -1
0 24.687500 123.775635 -25.227106 1.000000 -1.000000 -1
0 24.687500 0.025644 -25.227106 1.000000 0.000000 -1
0 -25.312500 123.775635 -25.227106 0.000000 -1.000000 -1
0 -25.312500 0.025644 -25.227106 0.000000 0.000000 -1
0 -25.312500 123.775635 24.147894 1.000000 -1.000000 -1
0 -25.312500 0.025644 24.147894 1.000000 0.000000 -1
0 -25.312500 0.025644 24.147894 0.000000 1.000000 -1
0 24.687500 0.025644 24.147894 1.000000 1.000000 -1
5
0.000000 0.000000 1.000000
1.000000 0.000000 0.000000
0.000000 0.000000 -1.000000
-1.000000 0.000000 0.000000
0.000000 -1.000000 0.000000
10
0 0 1 2 0 0 0 1
0 1 3 2 0 0 0 1
0 2 3 4 1 1 1 2
0 3 5 4 1 1 1 2
0 6 7 8 2 2 2 1
0 7 9 8 2 2 2 1
0 8 9 10 3 3 3 2
0 9 11 10 3 3 3 2
0 12 9 13 4 4 4 3
0 9 7 13 4 4 4 3
"roof" 0 2
93
0 -19.920330 123.686768 -0.533911 0.891605 0.000000 -1
0 -19.920330 123.686768 -0.533911 0.945816 -0.003369 -1
0 -17.272308 133.644531 -0.534340 0.945816 -0.502125 -1
0 -17.272308 133.644531 -0.534340 0.891601 -0.502113 -1
0 -19.920330 123.686768 -0.533911 0.500005 0.000000 -1
0 -19.920441 123.727676 24.158772 1.000000 -0.001030 -1
0 -17.272308 133.644531 -0.534340 0.499996 -0.250737 -1
0 -17.272106 133.644730 24.158756 0.999999 -0.250742 -1
0 -10.012451 140.888763 -0.534256 0.891633 -0.866460 -1
0 -10.012451 140.888763 -0.534256 0.945816 -0.866460 -1
0 -10.012403 140.888947 24.158772 1.000000 -0.433151 -1
0 -10.012451 140.888763 -0.534256 0.499998 -0.433146 -1
0 -10.012451 140.888763 -0.534256 0.306002 0.891633 -1
0 -10.012451 140.888763 -0.534256 0.306002 0.945816 -1
0 -0.104138 143.543686 -0.569125 0.504163 0.945816 -1
0 -0.104138 143.543686 -0.569125 0.504163 0.891633 -1
0 -10.012451 140.888763 -0.534256 0.306001 0.499998 -1
0 -10.012403 140.888947 24.158772 0.306002 1.000000 -1
0 -0.104138 143.543686 -0.569125 0.504167 0.499292 -1
0 -0.104365 143.543793 24.158791 0.504163 1.000000 -1
0 9.804221 140.888947 -0.498286 0.702341 0.891633 -1
0 9.804221 140.888947 -0.498286 0.702341 0.945816 -1
0 9.804536 140.888947 24.158772 0.702341 1.000000 -1
0 9.804221 140.888947 -0.498286 0.702334 0.500726 -1
0 9.804221 140.888947 -0.498286 0.891633 -0.866460 -1
0 9.804221 140.888947 -0.498286 0.945816 -0.866460 -1
0 17.054441 133.639297 -0.533616 0.945816 -0.501844 -1
0 17.054441 133.639297 -0.533616 0.891625 -0.501855 -1
0 9.804221 140.888947 -0.498286 0.500726 -0.433151 -1
0 9.804536 140.888947 24.158772 1.000000 -0.433151 -1
0 17.054441 133.639297 -0.533616 0.500011 -0.250605 -1
0 17.054317 133.639145 24.158756 0.999999 -0.250601 -1
0 19.711637 123.686768 -0.533576 0.891620 0.000000 -1
0 19.711637 123.686768 -0.533576 0.945816 -0.003369 -1
0 19.711704 123.727676 24.158772 1.000000 -0.001030 -1
0 19.711637 123.686768 -0.533576 0.500012 0.000000 -1
0 -19.920441 123.727692 -25.225744 0.000028 -0.001030 -1
0 -17.272106 133.644684 -25.225754 0.000027 -0.250740 -1
0 -19.920330 123.686768 -0.533911 0.054211 -0.003369 -1
0 -19.920330 123.686768 -0.533911 0.108397 -0.000561 -1
0 -17.272308 133.644531 -0.534340 0.054211 -0.502126 -1
0 -17.272308 133.644531 -0.534340 0.108374 -0.502110 -1
0 -10.012403 140.888947 -25.225744 0.000028 -0.433151 -1
0 -10.012451 140.888763 -0.534256 0.108394 -0.866460 -1
0 -10.012451 140.888763 -0.534256 0.054211 -0.866460 -1
0 -10.012403 140.888947 -25.225744 0.306002 0.000028 -1
0 -0.104365 143.543793 -25.225712 0.504163 0.000028 -1
0 -10.012451 140.888763 -0.534256 0.306002 0.054211 -1
0 -10.012451 140.888763 -0.534256 0.306002 0.108394 -1
0 -0.104138 143.543686 -0.569125 0.504163 0.054211 -1
0 -0.104138 143.543686 -0.569125 0.504163 0.108395 -1
0 9.804536 140.888947 -25.225744 0.702341 0.000028 -1
0 9.804221 140.888947 -0.498286 0.702341 0.108394 -1
0 9.804221 140.888947 -0.498286 0.702341 0.054211 -1
0 9.804536 140.888947 -25.225744 0.000028 -0.433151 -1
0 17.054317 133.639084 -25.225754 0.000027 -0.250599 -1
0 9.804221 140.888947 -0.498286 0.054211 -0.866460 -1
0 9.804221 140.888947 -0.498286 0.108394 -0.866460 -1
0 17.054441 133.639297 -0.533616 0.054211 -0.501844 -1
0 17.054441 133.639297 -0.533616 0.108394 -0.501860 -1
0 19.711704 123.727692 -25.225744 0.000028 -0.001030 -1
0 19.711637 123.686768 -0.533576 0.108402 -0.000561 -1
0 19.711637 123.686768 -0.533576 0.054211 -0.003369 -1
0 -17.272308 133.644531 -0.534340 0.160804 0.108374 -1
0 -17.272308 133.644531 -0.534340 0.160800 0.891601 -1
0 17.054441 133.639297 -0.533616 0.847341 0.108394 -1
0 17.054441 133.639297 -0.533616 0.847340 0.891625 -1
0 -19.920330 123.686768 -0.533911 0.107849 0.891605 -1
0 -19.920330 123.686768 -0.533911 0.107840 0.108397 -1
0 19.711637 123.686768 -0.533576 0.900475 0.891620 -1
0 19.711637 123.686768 -0.533576 0.900489 0.108402 -1
0 9.804221 140.888947 -0.498286 0.108393 -0.866467 -1
0 9.804221 140.888947 -0.498286 0.891635 -0.866430 -1
0 9.804221 140.888947 -0.498286 0.891651 -0.866430 -1
0 -10.012451 140.888763 -0.534256 0.891599 -0.866435 -1
0 -10.012451 140.888763 -0.534256 0.108357 -0.866399 -1
0 -10.012451 140.888763 -0.534256 0.108341 -0.866399 -1
0 -10.012451 140.888763 -0.534256 0.306006 0.891599 -1
0 -0.104138 143.543686 -0.569125 0.504194 0.891599 -1
0 -0.104138 143.543686 -0.569125 0.504164 0.108357 -1
0 -0.104138 143.543686 -0.569125 0.504181 0.108341 -1
0 -10.012451 140.888763 -0.534256 0.306002 0.108340 -1
0 -10.012451 140.888763 -0.534256 0.305987 0.891583 -1
0 -0.104138 143.543686 -0.569125 0.504182 0.108357 -1
0 -0.104138 143.543686 -0.569125 0.504153 0.891599 -1
0 9.804221 140.888947 -0.498286 0.702301 0.891599 -1
0 9.804221 140.888947 -0.498286 0.702321 0.891583 -1
0 9.804221 140.888947 -0.498286 0.702306 0.108340 -1
0 -0.104138 143.543686 -0.569125 0.504165 0.108341 -1
0 -25.312500 123.775635 -25.227106 0.000000 0.000000 -1
0 -25.312500 123.775635 24.147894 0.000000 0.999779 -1
0 24.687500 123.775635 -25.227106 1.000000 0.000000 -1
0 24.687500 123.775635 24.147894 1.000000 0.999779 -1
29
0.000000 0.000000 0.000000
-0.966413 0.256994 0.000000
-0.966278 0.257500 -0.000212
-0.866099 0.499873 -0.000000
-0.865969 0.500098 0.000003
-0.706348 0.707865 -0.000002
-0.706345 0.707868 0.000000
-0.258819 0.965926 0.000000
-0.258819 0.965926 -0.000007
-0.000010 1.000000 0.000000
-0.000011 1.000000 -0.000004
0.258799 0.965931 -0.000003
0.258801 0.965931 -0.000000
0.707079 0.707135 -0.000000
0.707093 0.707120 -0.000001
0.866114 0.499847 -0.000000
0.865988 0.500065 0.000007
0.966022 0.258459 -0.000212
0.966158 0.257952 0.000000
-0.966278 0.257501 0.000212
-0.865969 0.500098 -0.000004
-0.706349 0.707864 0.000001
-0.258819 0.965926 0.000007
-0.000011 1.000000 0.000004
0.258799 0.965931 0.000003
0.707095 0.707119 -0.000000
0.865988 0.500064 -0.000009
0.966022 0.258460 0.000212
0.000000 1.000000 0.000000
66
0 0 1 2 0 0 0 1
0 0 2 3 0 0 0 1
0 4 5 6 1 2 3 1
0 5 7 6 2 4 3 1
0 3 2 8 0 0 0 1
0 2 9 8 0 0 0 1
0 6 7 10 3 4 5 1
0 6 10 11 3 5 6 1
0 12 13 14 0 0 0 1
0 12 14 15 0 0 0 1
0 16 17 18 7 8 9 1
0 17 19 18 8 10 9 1
0 15 14 20 0 0 0 1
0 14 21 20 0 0 0 1
0 18 19 22 9 10 11 1
0 18 22 23 9 11 12 1
0 24 25 26 0 0 0 1
0 24 26 27 0 0 0 1
0 28 29 30 13 14 15 1
0 29 31 30 14 16 15 1
0 27 26 32 0 0 0 1
0 26 33 32 0 0 0 1
0 30 31 34 15 16 17 1
0 30 34 35 15 17 18 1
0 36 4 6 19 1 3 1
0 36 6 37 19 3 20 1
0 38 39 40 0 0 0 1
0 39 41 40 0 0 0 1
0 37 6 42 20 3 21 1
0 6 11 42 3 6 21 1
0 40 41 43 0 0 0 1
0 40 43 44 0 0 0 1
0 45 16 18 22 7 9 1
0 45 18 46 22 9 23 1
0 47 48 49 0 0 0 1
0 48 50 49 0 0 0 1
0 46 18 51 23 9 24 1
0 18 23 51 9 12 24 1
0 49 50 52 0 0 0 1
0 49 52 53 0 0 0 1
0 54 28 30 25 13 15 1
0 54 30 55 25 15 26 1
0 56 57 58 0 0 0 1
0 57 59 58 0 0 0 1
0 55 30 60 26 15 27 1
0 30 35 60 15 18 27 1
0 58 59 61 0 0 0 1
0 58 61 62 0 0 0 1
0 27 32 59 0 0 0 2
0 32 61 59 0 0 0 2
0 41 39 3 0 0 0 2
0 39 0 3 0 0 0 2
0 63 64 65 0 0 0 3
0 64 66 65 0 0 0 3
0 67 68 69 0 0 0 3
0 68 70 69 0 0 0 3
0 59 71 72 0 0 0 1
0 73 27 59 0 0 0 1
0 3 74 75 0 0 0 1
0 76 41 3 0 0 0 1
0 77 78 79 0 0 0 1
0 80 81 82 0 0 0 1
0 83 84 85 0 0 0 1
0 86 87 88 0 0 0 1
0 89 90 91 28 28 28 3
0 90 92 91 28 28 28 3
"arches" 0 3
16
0 -19.920441 123.727676 24.158772 0.000000 1.000000 -1
0 -0.104365 123.727676 24.158772 0.500000 1.000000 -1
0 -17.272106 133.644730 24.158756 0.066823 0.499546 -1
0 -10.012403 140.888947 24.158772 0.250000 0.133974 -1
0 -0.104365 143.543793 24.158791 0.500000 0.000000 -1
0 9.804536 140.888947 24.158772 0.750022 0.133974 -1
0 17.054317 133.639145 24.158756 0.932949 0.499828 -1
0 19.711704 123.727676 24.158772 1.000000 1.000000 -1
0 -19.920441 123.727692 -25.225744 0.000000 0.999999 -1
0 -17.272106 133.644684 -25.225754 0.066823 0.499548 -1
0 -0.104365 123.727692 -25.225744 0.500000 0.999999 -1
0 -10.012403 140.888947 -25.225744 0.250000 0.133974 -1
0 -0.104365 143.543793 -25.225712 0.500000 0.000000 -1
0 9.804536 140.888947 -25.225744 0.750022 0.133974 -1
0 17.054317 133.639084 -25.225754 0.932949 0.499831 -1
0 19.711704 123.727692 -25.225744 1.000000 0.999999 -1
16
0.000000 0.000002 1.000000
0.000000 -0.000000 1.000000
-0.000001 0.000000 1.000000
-0.000002 -0.000001 1.000000
-0.000000 -0.000001 1.000000
0.000002 -0.000001 1.000000
0.000001 0.000000 1.000000
0.000000 0.000002 1.000000
0.000000 -0.000001 -1.000000
0.000000 -0.000000 -1.000000
-0.000000 0.000000 -1.000000
0.000002 0.000001 -1.000000
0.000000 0.000002 -1.000000
-0.000002 0.000001 -1.000000
-0.000000 -0.000000 -1.000000
0.000000 -0.000001 -1.000000
12
0 0 1 2 0 1 2 2
0 2 1 3 2 1 3 2
0 3 1 4 3 1 4 2
0 4 1 5 4 1 5 2
0 5 1 6 5 1 6 2
0 6 1 7 6 1 7 2
0 8 9 10 8 9 10 2
0 9 11 10 9 11 10 2
0 11 12 10 11 12 10 2
0 12 13 10 12 13 10 2
0 13 14 10 13 14 10 2
0 14 15 10 14 15 10 2

Materials: 4
"glasstop"
0.200000 0.200000 0.200000 1.000000
0.800000 0.800000 0.800000 1.000000
0.000000 0.000000 0.000000 1.000000
0.000000 0.000000 0.000000 1.000000
0.000000
1.000000
".\glasstop.bmp"
""
"windows"
0.200000 0.200000 0.200000 1.000000
0.800000 0.800000 0.800000 1.000000
0.000000 0.000000 0.000000 1.000000
0.000000 0.000000 0.000000 1.000000
0.000000
1.000000
".\glassoffices.bmp"
""
"concrete"
0.200000 0.200000 0.200000 1.000000
0.800000 0.800000 0.800000 1.000000
0.000000 0.000000 0.000000 1.000000
0.000000 0.000000 0.000000 1.000000
0.000000
1.000000
"..\common\concrete.bmp"
""
"arches"
0.200000 0.200000 0.200000 1.000000
0.800000 0.800000 0.800000 1.000000
0.000000 0.000000 0.000000 1.000000
0.000000 0.000000 0.000000 1.000000
0.000000
1.000000
".\arches.bmp"
""

Bones: 0
GroupComments: 0
MaterialComments: 0
BoneComments: 0
ModelComment: 0
