// MilkShape 3D ASCII

Frames: 30
Frame: 1

Meshes: 4
"GeoSphere01" 0 0
42
0 -17.611992 0.000000 28.496801 0.000000 0.000000 -1
0 0.000000 0.000000 33.500000 0.000000 0.000000 -1
0 -10.352070 16.750000 27.102070 0.000000 0.000000 -1
0 0.000000 28.496803 17.611992 0.000000 0.000000 -1
0 10.352070 16.750000 27.102070 0.000000 0.000000 -1
0 17.611992 0.000000 28.496801 0.000000 0.000000 -1
0 -27.102070 10.352070 16.750000 0.000000 0.000000 -1
0 -28.496801 17.611992 0.000000 0.000000 0.000000 -1
0 -16.750000 27.102070 10.352070 0.000000 0.000000 -1
0 -16.750000 27.102070 -10.352070 0.000000 0.000000 -1
0 0.000000 28.496803 -17.611992 0.000000 0.000000 -1
0 0.000000 33.500000 0.000000 0.000000 0.000000 -1
0 16.750000 27.102070 10.352070 0.000000 0.000000 -1
0 16.750000 27.102070 -10.352070 0.000000 0.000000 -1
0 28.496801 17.611992 0.000000 0.000000 0.000000 -1
0 27.102070 10.352070 16.750000 0.000000 0.000000 -1
0 33.500000 0.000000 0.000000 0.000000 0.000000 -1
0 28.496801 -17.611992 0.000000 0.000000 0.000000 -1
0 27.102070 -10.352070 16.750000 0.000000 0.000000 -1
0 27.102070 10.352070 -16.750000 0.000000 0.000000 -1
0 17.611992 0.000000 -28.496803 0.000000 0.000000 -1
0 27.102070 -10.352070 -16.750000 0.000000 0.000000 -1
0 10.352070 16.750000 -27.102070 0.000000 0.000000 -1
0 -10.352070 16.750000 -27.102070 0.000000 0.000000 -1
0 -17.611992 0.000000 -28.496803 0.000000 0.000000 -1
0 0.000000 0.000000 -33.500000 0.000000 0.000000 -1
0 -10.352070 -16.750000 -27.102070 0.000000 0.000000 -1
0 0.000000 -28.496801 -17.611992 0.000000 0.000000 -1
0 10.352070 -16.750000 -27.102070 0.000000 0.000000 -1
0 16.750000 -27.102070 -10.352070 0.000000 0.000000 -1
0 0.000000 -33.500000 0.000000 0.000000 0.000000 -1
0 0.000000 -28.496801 17.611992 0.000000 0.000000 -1
0 16.750000 -27.102070 10.352070 0.000000 0.000000 -1
0 -16.750000 -27.102070 -10.352070 0.000000 0.000000 -1
0 -28.496801 -17.611992 0.000000 0.000000 0.000000 -1
0 -16.750000 -27.102070 10.352070 0.000000 0.000000 -1
0 -27.102070 -10.352070 16.750000 0.000000 0.000000 -1
0 -10.352070 -16.750000 27.102070 0.000000 0.000000 -1
0 10.352070 -16.750000 27.102070 0.000000 0.000000 -1
0 -33.500000 0.000000 0.000000 0.000000 0.000000 -1
0 -27.102070 10.352070 -16.750000 0.000000 0.000000 -1
0 -27.102070 -10.352070 -16.750000 0.000000 0.000000 -1
42
-0.525731 0.000000 0.850651
0.000000 0.000000 1.000000
-0.309017 0.500000 0.809017
0.000000 0.850651 0.525731
0.309017 0.500000 0.809017
0.525731 0.000000 0.850651
-0.809017 0.309017 0.500000
-0.850651 0.525731 0.000000
-0.500000 0.809017 0.309017
-0.500000 0.809017 -0.309017
0.000000 0.850651 -0.525731
0.000000 1.000000 0.000000
0.500000 0.809017 0.309017
0.500000 0.809017 -0.309017
0.850651 0.525731 0.000000
0.809017 0.309017 0.500000
1.000000 0.000000 0.000000
0.850651 -0.525731 0.000000
0.809017 -0.309017 0.500000
0.809017 0.309017 -0.500000
0.525731 -0.000000 -0.850651
0.809017 -0.309017 -0.500000
0.309017 0.500000 -0.809017
-0.309017 0.500000 -0.809017
-0.525731 0.000000 -0.850651
0.000000 0.000000 -1.000000
-0.309017 -0.500000 -0.809017
0.000000 -0.850651 -0.525731
0.309017 -0.500000 -0.809017
0.500000 -0.809017 -0.309017
0.000000 -1.000000 0.000000
0.000000 -0.850651 0.525731
0.500000 -0.809017 0.309017
-0.500000 -0.809017 -0.309017
-0.850651 -0.525731 0.000000
-0.500000 -0.809017 0.309017
-0.809017 -0.309017 0.500000
-0.309017 -0.500000 0.809017
0.309017 -0.500000 0.809017
-1.000000 0.000000 0.000000
-0.809017 0.309017 -0.500000
-0.809017 -0.309017 -0.500000
80
0 0 1 2 0 1 2 1
0 3 2 4 3 2 4 1
0 5 4 1 5 4 1 1
0 2 1 4 2 1 4 1
0 0 2 6 0 2 6 1
0 7 6 8 7 6 8 1
0 3 8 2 3 8 2 1
0 6 2 8 6 2 8 1
0 7 8 9 7 8 9 1
0 10 9 11 10 9 11 1
0 3 11 8 3 11 8 1
0 9 8 11 9 8 11 1
0 3 12 11 3 12 11 1
0 10 11 13 10 11 13 1
0 14 13 12 14 13 12 1
0 11 12 13 11 12 13 1
0 3 4 12 3 4 12 1
0 14 12 15 14 12 15 1
0 5 15 4 5 15 4 1
0 12 4 15 12 4 15 1
0 14 15 16 14 15 16 1
0 17 16 18 17 16 18 1
0 5 18 15 5 18 15 1
0 16 15 18 16 15 18 1
0 14 16 19 14 16 19 1
0 20 19 21 20 19 21 1
0 17 21 16 17 21 16 1
0 19 16 21 19 16 21 1
0 10 13 22 10 13 22 1
0 20 22 19 20 22 19 1
0 14 19 13 14 19 13 1
0 22 13 19 22 13 19 1
0 10 22 23 10 22 23 1
0 24 23 25 24 23 25 1
0 20 25 22 20 25 22 1
0 23 22 25 23 22 25 1
0 24 25 26 24 25 26 1
0 27 26 28 27 26 28 1
0 20 28 25 20 28 25 1
0 26 25 28 26 25 28 1
0 27 28 29 27 28 29 1
0 17 29 21 17 29 21 1
0 20 21 28 20 21 28 1
0 29 28 21 29 28 21 1
0 27 29 30 27 29 30 1
0 31 30 32 31 30 32 1
0 17 32 29 17 32 29 1
0 30 29 32 30 29 32 1
0 27 30 33 27 30 33 1
0 34 33 35 34 33 35 1
0 31 35 30 31 35 30 1
0 33 30 35 33 30 35 1
0 34 35 36 34 35 36 1
0 0 36 37 0 36 37 1
0 31 37 35 31 37 35 1
0 36 35 37 36 35 37 1
0 0 37 1 0 37 1 1
0 5 1 38 5 1 38 1
0 31 38 37 31 38 37 1
0 1 37 38 1 37 38 1
0 31 32 38 31 32 38 1
0 5 38 18 5 38 18 1
0 17 18 32 17 18 32 1
0 38 32 18 38 32 18 1
0 7 39 6 7 39 6 1
0 0 6 36 0 6 36 1
0 34 36 39 34 36 39 1
0 6 39 36 6 39 36 1
0 7 40 39 7 40 39 1
0 34 39 41 34 39 41 1
0 24 41 40 24 41 40 1
0 39 40 41 39 40 41 1
0 7 9 40 7 9 40 1
0 24 40 23 24 40 23 1
0 10 23 9 10 23 9 1
0 40 9 23 40 9 23 1
0 27 33 26 27 33 26 1
0 24 26 41 24 26 41 1
0 34 41 33 34 41 33 1
0 26 33 41 26 33 41 1
"Cylinder01" 0 0
39
0 15.000000 -39.250000 0.250000 0.000000 0.000000 -1
0 12.990381 -39.250000 7.750000 0.000000 0.000000 -1
0 0.000000 -39.250000 0.250000 0.000000 0.000000 -1
0 15.000000 -39.250000 0.250000 0.000000 1.000000 -1
0 15.000000 -26.750000 0.250000 0.000000 0.000000 -1
0 12.990381 -39.250000 7.750000 0.083333 1.000000 -1
0 12.990381 -26.750000 7.750000 0.083333 0.000000 -1
0 7.500000 -39.250000 13.240381 0.000000 0.000000 -1
0 7.500000 -26.750000 13.240381 0.166667 0.000000 -1
0 7.500000 -39.250000 13.240381 0.166667 1.000000 -1
0 0.000000 -39.250000 15.250000 0.000000 0.000000 -1
0 0.000000 -39.250000 15.250000 0.250000 1.000000 -1
0 0.000000 -26.750000 15.250000 0.250000 0.000000 -1
0 -7.500000 -39.250000 13.240381 0.000000 0.000000 -1
0 -7.500000 -26.750000 13.240381 0.333333 0.000000 -1
0 -7.500000 -39.250000 13.240381 0.333333 1.000000 -1
0 -12.990381 -39.250000 7.750000 0.000000 0.000000 -1
0 -12.990381 -39.250000 7.750000 0.416667 1.000000 -1
0 -12.990381 -26.750000 7.750000 0.416667 0.000000 -1
0 -15.000000 -39.250000 0.250000 0.000000 0.000000 -1
0 -15.000000 -26.750000 0.250000 0.500000 0.000000 -1
0 -15.000000 -39.250000 0.250000 0.500000 1.000000 -1
0 -12.990381 -39.250000 -7.250000 0.000000 0.000000 -1
0 -12.990381 -39.250000 -7.250000 0.583333 1.000000 -1
0 -12.990381 -26.750000 -7.250000 0.583333 0.000000 -1
0 -7.500000 -39.250000 -12.740381 0.000000 0.000000 -1
0 -7.500000 -26.750000 -12.740381 0.666667 0.000000 -1
0 -7.500000 -39.250000 -12.740381 0.666667 1.000000 -1
0 0.000000 -39.250000 -14.750000 0.000000 0.000000 -1
0 0.000000 -39.250000 -14.750000 0.750000 1.000000 -1
0 0.000000 -26.750000 -14.750000 0.750000 0.000000 -1
0 7.500000 -39.250000 -12.740381 0.000000 0.000000 -1
0 7.500000 -26.750000 -12.740381 0.833333 0.000000 -1
0 7.500000 -39.250000 -12.740381 0.833333 1.000000 -1
0 12.990381 -39.250000 -7.250000 0.000000 0.000000 -1
0 12.990381 -39.250000 -7.250000 0.916667 1.000000 -1
0 12.990381 -26.750000 -7.250000 0.916667 0.000000 -1
0 15.000000 -26.750000 0.250000 1.000000 0.000000 -1
0 15.000000 -39.250000 0.250000 1.000000 1.000000 -1
13
0.000000 -1.000000 0.000000
1.000000 0.000000 0.000000
0.866025 0.000000 0.500000
0.500000 0.000000 0.866025
0.000000 0.000000 1.000000
-0.500000 0.000000 0.866025
-0.866025 0.000000 0.500000
-1.000000 0.000000 0.000000
-0.866025 0.000000 -0.500000
-0.500000 0.000000 -0.866025
0.000000 0.000000 -1.000000
0.500000 0.000000 -0.866025
0.866025 0.000000 -0.500000
36
0 0 1 2 0 0 0 2
0 3 4 5 1 1 2 1
0 4 6 5 1 2 2 1
0 1 7 2 0 0 0 2
0 5 6 8 2 2 3 1
0 5 8 9 2 3 3 1
0 7 10 2 0 0 0 2
0 9 8 11 3 3 4 1
0 8 12 11 3 4 4 1
0 10 13 2 0 0 0 2
0 11 12 14 4 4 5 1
0 11 14 15 4 5 5 1
0 13 16 2 0 0 0 2
0 15 14 17 5 5 6 1
0 14 18 17 5 6 6 1
0 16 19 2 0 0 0 2
0 17 18 20 6 6 7 1
0 17 20 21 6 7 7 1
0 19 22 2 0 0 0 2
0 21 20 23 7 7 8 1
0 20 24 23 7 8 8 1
0 22 25 2 0 0 0 2
0 23 24 26 8 8 9 1
0 23 26 27 8 9 9 1
0 25 28 2 0 0 0 2
0 27 26 29 9 9 10 1
0 26 30 29 9 10 10 1
0 28 31 2 0 0 0 2
0 29 30 32 10 10 11 1
0 29 32 33 10 11 11 1
0 31 34 2 0 0 0 2
0 33 32 35 11 11 12 1
0 32 36 35 11 12 12 1
0 34 0 2 0 0 0 2
0 35 36 37 12 12 1 1
0 35 37 38 12 1 1 1
"flare" 0 -1
20
0 -1.333333 -153.500000 2.000000 0.000000 0.000000 -1
0 -1.333333 -155.500000 2.000000 0.000000 1.000000 -1
0 1.333333 -153.500000 2.000000 1.000000 0.000000 -1
0 1.333333 -155.500000 2.000000 1.000000 1.000000 -1
0 1.333333 -153.500000 2.000000 0.000000 0.000000 -1
0 1.333333 -155.500000 2.000000 0.000000 1.000000 -1
0 1.333333 -153.500000 -0.666666 1.000000 0.000000 -1
0 1.333333 -155.500000 -0.666666 1.000000 1.000000 -1
0 1.333333 -153.500000 -0.666666 0.000000 0.000000 -1
0 1.333333 -155.500000 -0.666666 0.000000 1.000000 -1
0 -1.333333 -153.500000 -0.666666 1.000000 0.000000 -1
0 -1.333333 -155.500000 -0.666666 1.000000 1.000000 -1
0 -1.333333 -153.500000 -0.666666 0.000000 0.000000 -1
0 -1.333333 -155.500000 -0.666666 0.000000 1.000000 -1
0 -1.333333 -153.500000 2.000000 1.000000 0.000000 -1
0 -1.333333 -155.500000 2.000000 1.000000 1.000000 -1
0 -1.333333 -153.500000 2.000000 0.000000 1.000000 -1
0 1.333333 -153.500000 2.000000 1.000000 1.000000 -1
0 -1.333333 -155.500000 2.000000 0.000000 0.000000 -1
0 1.333333 -155.500000 2.000000 1.000000 0.000000 -1
6
0.000000 0.000000 1.000000
1.000000 0.000000 0.000000
0.000000 0.000000 -1.000000
-1.000000 0.000000 0.000000
0.000000 1.000000 0.000000
0.000000 -1.000000 0.000000
12
0 0 1 2 0 0 0 1
0 1 3 2 0 0 0 1
0 4 5 6 1 1 1 2
0 5 7 6 1 1 1 2
0 8 9 10 2 2 2 1
0 9 11 10 2 2 2 1
0 12 13 14 3 3 3 2
0 13 15 14 3 3 3 2
0 12 16 6 4 4 4 3
0 16 17 6 4 4 4 3
0 18 13 19 5 5 5 3
0 13 7 19 5 5 5 3
"Cylinder03" 1 1
10
1 1.500000 -153.500000 0.500000 0.000000 1.000000 -1
1 1.500000 -31.000000 0.500000 0.000000 0.000000 -1
1 0.000000 -153.500000 2.000000 0.250000 1.000000 -1
1 0.000000 -31.000000 2.000000 0.250000 0.000000 -1
1 -1.500000 -31.000000 0.500000 0.500000 0.000000 -1
1 -1.500000 -153.500000 0.500000 0.500000 1.000000 -1
1 -0.000000 -153.500000 -1.000000 0.750000 1.000000 -1
1 -0.000000 -31.000000 -1.000000 0.750000 0.000000 -1
1 1.500000 -31.000000 0.500000 1.000000 0.000000 -1
1 1.500000 -153.500000 0.500000 1.000000 1.000000 -1
4
1.000000 0.000000 0.000000
0.000000 0.000000 1.000000
-1.000000 0.000000 0.000000
0.000000 0.000000 -1.000000
8
1 0 1 2 0 0 1 1
1 1 3 2 0 1 1 1
1 2 3 4 1 1 2 1
1 2 4 5 1 2 2 1
1 5 4 6 2 2 3 1
1 4 7 6 2 3 3 1
1 6 7 8 3 3 0 1
1 6 8 9 3 0 0 1

Materials: 2
"Material01"
1.000000 1.000000 1.000000 1.000000
1.000000 1.000000 1.000000 1.000000
1.000000 1.000000 1.000000 1.000000
1.000000 1.000000 1.000000 1.000000
2.000000
1.000000
".\black.bmp"
""
"Material02"
0.200000 0.200000 0.200000 1.000000
1.000000 1.000000 1.000000 1.000000
1.000000 1.000000 1.000000 1.000000
0.000000 0.000000 0.000000 1.000000
0.000000
1.000000
".\white.bmp"
""

Bones: 0
