// MilkShape 3D ASCII

Frames: 30
Frame: 1

Meshes: 24
"Duplicate09" 0 0
25
0 28.481306 16.951672 70.880569 0.000000 1.000000 -1
0 22.371931 16.951672 70.880569 0.000000 0.000000 -1
0 28.481300 10.072330 66.908775 0.166667 1.000000 -1
0 22.371927 10.072330 66.908783 0.166667 0.000000 -1
0 22.371931 10.072330 58.965218 0.333333 0.000000 -1
0 28.481302 10.072330 58.965214 0.333333 1.000000 -1
0 28.481308 16.951672 54.993420 0.500000 1.000000 -1
0 22.371929 16.951672 54.993412 0.500000 0.000000 -1
0 22.371931 23.831017 58.965218 0.666667 0.000000 -1
0 28.481302 23.831017 58.965214 0.666667 1.000000 -1
0 28.481300 23.831017 66.908775 0.833333 1.000000 -1
0 22.371927 23.831017 66.908783 0.833333 0.000000 -1
0 22.371931 16.951672 70.880569 1.000000 0.000000 -1
0 28.481306 16.951672 70.880569 1.000000 1.000000 -1
0 28.481302 23.831017 58.965214 0.000000 0.000000 -1
0 28.481300 23.831017 66.908775 0.000000 0.000000 -1
0 28.481308 16.951672 54.993420 0.000000 0.000000 -1
0 28.481306 16.951672 70.880569 0.000000 0.000000 -1
0 28.481300 10.072330 66.908775 0.000000 0.000000 -1
0 28.481302 10.072330 58.965214 0.000000 0.000000 -1
0 22.371927 23.831017 66.908783 0.000000 0.000000 -1
0 22.371931 23.831017 58.965218 0.000000 0.000000 -1
0 22.371929 16.951672 54.993412 0.000000 0.000000 -1
0 22.371931 10.072330 58.965218 0.000000 0.000000 -1
0 22.371927 10.072330 66.908783 0.000000 0.000000 -1
12
0.755929 -0.000000 0.654654
-0.654653 -0.000000 0.755929
0.500000 -0.750000 0.433013
-0.500000 -0.750000 0.433013
-0.500000 -0.750000 -0.433012
0.500000 -0.750000 -0.433012
0.755929 -0.000000 -0.654653
-0.866025 -0.000000 -0.500000
-0.277350 0.832051 -0.480384
0.500000 0.750000 -0.433012
0.500000 0.750000 0.433013
-0.755929 0.566947 0.327327
20
0 0 1 2 0 1 2 1
0 1 3 2 1 3 2 1
0 2 3 4 2 3 4 1
0 2 4 5 2 4 5 1
0 5 4 6 5 4 6 1
0 4 7 6 4 7 6 1
0 6 7 8 6 7 8 1
0 6 8 9 6 8 9 1
0 9 8 10 9 8 10 1
0 8 11 10 8 11 10 1
0 10 11 12 10 11 1 1
0 10 12 13 10 1 0 1
0 14 15 16 9 10 6 1
0 16 15 17 6 10 0 1
0 17 18 16 0 2 6 1
0 16 18 19 6 2 5 1
0 20 21 22 11 8 7 1
0 20 22 1 11 7 1 1
0 1 22 23 1 7 4 1
0 1 23 24 1 4 3 1
"Duplicate10" 0 0
25
0 28.481295 15.285000 -51.959717 0.000000 1.000000 -1
0 22.371923 15.285000 -51.959717 0.000000 0.000000 -1
0 28.481297 10.721111 -54.594673 0.166667 1.000000 -1
0 22.371923 10.721111 -54.594666 0.166667 0.000000 -1
0 22.371925 10.721111 -59.864609 0.333333 0.000000 -1
0 28.481291 10.721111 -59.864609 0.333333 1.000000 -1
0 28.481287 15.285000 -62.499565 0.500000 1.000000 -1
0 22.371920 15.285000 -62.499573 0.500000 0.000000 -1
0 22.371925 19.848904 -59.864609 0.666667 0.000000 -1
0 28.481291 19.848904 -59.864609 0.666667 1.000000 -1
0 28.481297 19.848904 -54.594673 0.833333 1.000000 -1
0 22.371923 19.848904 -54.594666 0.833333 0.000000 -1
0 22.371923 15.285000 -51.959717 1.000000 0.000000 -1
0 28.481295 15.285000 -51.959717 1.000000 1.000000 -1
0 28.481291 19.848904 -59.864609 0.000000 0.000000 -1
0 28.481297 19.848904 -54.594673 0.000000 0.000000 -1
0 28.481287 15.285000 -62.499565 0.000000 0.000000 -1
0 28.481295 15.285000 -51.959717 0.000000 0.000000 -1
0 28.481297 10.721111 -54.594673 0.000000 0.000000 -1
0 28.481291 10.721111 -59.864609 0.000000 0.000000 -1
0 22.371923 19.848904 -54.594666 0.000000 0.000000 -1
0 22.371925 19.848904 -59.864609 0.000000 0.000000 -1
0 22.371920 15.285000 -62.499573 0.000000 0.000000 -1
0 22.371925 10.721111 -59.864609 0.000000 0.000000 -1
0 22.371923 10.721111 -54.594666 0.000000 0.000000 -1
12
0.755929 -0.000000 0.654654
-0.654653 -0.000001 0.755930
0.500001 -0.749999 0.433013
-0.500000 -0.750000 0.433013
-0.500000 -0.750000 -0.433013
0.500000 -0.750000 -0.433013
0.755929 -0.000000 -0.654654
-0.866025 -0.000000 -0.500000
-0.277350 0.832050 -0.480385
0.500000 0.749999 -0.433014
0.500001 0.749999 0.433013
-0.755929 0.566946 0.327328
20
0 0 1 2 0 1 2 1
0 1 3 2 1 3 2 1
0 2 3 4 2 3 4 1
0 2 4 5 2 4 5 1
0 5 4 6 5 4 6 1
0 4 7 6 4 7 6 1
0 6 7 8 6 7 8 1
0 6 8 9 6 8 9 1
0 9 8 10 9 8 10 1
0 8 11 10 8 11 10 1
0 10 11 12 10 11 1 1
0 10 12 13 10 1 0 1
0 14 15 16 9 10 6 1
0 16 15 17 6 10 0 1
0 17 18 16 0 2 6 1
0 16 18 19 6 2 5 1
0 20 21 22 11 8 7 1
0 20 22 1 11 7 1 1
0 1 22 23 1 7 4 1
0 1 23 24 1 4 3 1
"Duplicate11" 0 0
25
0 31.397972 26.692406 72.880554 0.000000 1.000000 -1
0 -32.794727 26.692406 72.880554 0.000000 0.000000 -1
0 31.397970 25.776024 72.019882 0.166667 1.000000 -1
0 -32.794727 25.776024 72.019882 0.166667 0.000000 -1
0 -32.794727 25.905655 -59.534767 0.333333 0.000000 -1
0 31.397966 25.905655 -59.534760 0.333333 1.000000 -1
0 31.397961 26.534996 -59.423225 0.500000 1.000000 -1
0 -32.794731 26.534996 -59.423233 0.500000 0.000000 -1
0 -32.794724 40.164352 -28.034771 0.666667 0.000000 -1
0 31.397966 40.164352 -28.034779 0.666667 1.000000 -1
0 31.397972 40.164352 50.242115 0.833333 1.000000 -1
0 -32.794724 40.164352 50.242119 0.833333 0.000000 -1
0 -32.794727 26.692406 72.880554 1.000000 0.000000 -1
0 31.397972 26.692406 72.880554 1.000000 1.000000 -1
0 31.397966 40.164352 -28.034779 0.000000 0.000000 -1
0 31.397972 40.164352 50.242115 0.000000 0.000000 -1
0 31.397961 26.534996 -59.423225 0.000000 0.000000 -1
0 31.397972 26.692406 72.880554 0.000000 0.000000 -1
0 31.397970 25.776024 72.019882 0.000000 0.000000 -1
0 31.397966 25.905655 -59.534760 0.000000 0.000000 -1
0 -32.794724 40.164352 50.242119 0.000000 0.000000 -1
0 -32.794724 40.164352 -28.034771 0.000000 0.000000 -1
0 -32.794731 26.534996 -59.423233 0.000000 0.000000 -1
0 -32.794727 25.905655 -59.534767 0.000000 0.000000 -1
0 -32.794727 25.776024 72.019882 0.000000 0.000000 -1
12
0.847511 0.074048 0.525587
-0.767578 0.089419 0.634688
0.478488 -0.806060 0.348306
-0.478487 -0.806060 0.348305
-0.613955 -0.506819 -0.605140
0.613957 -0.506813 -0.605142
0.750349 0.409604 -0.518846
-0.862280 0.313801 -0.397495
-0.247400 0.948660 -0.197073
0.454803 0.871976 -0.181143
0.460351 0.855953 0.235419
-0.719876 0.669251 0.184069
20
0 0 1 2 0 1 2 1
0 1 3 2 1 3 2 1
0 2 3 4 2 3 4 1
0 2 4 5 2 4 5 1
0 5 4 6 5 4 6 1
0 4 7 6 4 7 6 1
0 6 7 8 6 7 8 1
0 6 8 9 6 8 9 1
0 9 8 10 9 8 10 1
0 8 11 10 8 11 10 1
0 10 11 12 10 11 1 1
0 10 12 13 10 1 0 1
0 14 15 16 9 10 6 1
0 16 15 17 6 10 0 1
0 17 18 16 0 2 6 1
0 16 18 19 6 2 5 1
0 20 21 22 11 8 7 1
0 20 22 1 11 7 1 1
0 1 22 23 1 7 4 1
0 1 23 24 1 4 3 1
"5cylinder" 0 0
21
0 25.551603 41.597176 -66.681335 0.000000 1.000000 -1
0 25.551613 41.597176 -28.181355 0.000000 0.000000 -1
0 30.836643 37.032837 -65.931343 0.200000 1.000000 -1
0 30.836645 37.032837 -28.181358 0.200000 0.000000 -1
0 31.135567 22.661514 -28.181355 0.400000 0.000000 -1
0 31.135559 22.661514 -63.431351 0.400000 1.000000 -1
0 19.967655 22.661514 -63.431358 0.600000 1.000000 -1
0 19.967649 22.661514 -28.181358 0.600000 0.000000 -1
0 20.016577 41.532841 -28.181358 0.800000 0.000000 -1
0 20.016573 41.532841 -66.681335 0.800000 1.000000 -1
0 25.551603 41.597176 -66.681335 1.000000 1.000000 -1
0 25.551613 41.597176 -28.181355 1.000000 0.000000 -1
0 25.551603 41.597176 -66.681335 0.000000 0.000000 -1
0 30.836643 37.032837 -65.931343 0.000000 0.000000 -1
0 20.016573 41.532841 -66.681335 0.000000 0.000000 -1
0 19.967655 22.661514 -63.431358 0.000000 0.000000 -1
0 31.135559 22.661514 -63.431351 0.000000 0.000000 -1
0 20.016577 41.532841 -28.181358 0.000000 0.000000 -1
0 30.836645 37.032837 -28.181358 0.000000 0.000000 -1
0 31.135567 22.661514 -28.181355 0.000000 0.000000 -1
0 19.967649 22.661514 -28.181358 0.000000 0.000000 -1
10
0.221916 0.911431 -0.346478
0.431951 0.838013 0.333395
0.725115 0.231171 -0.648667
0.610347 0.287055 0.738293
0.581269 -0.569304 0.581394
0.550860 -0.633950 -0.542827
-0.548017 -0.639336 -0.539376
-0.577848 -0.576352 0.577850
-0.489075 0.484677 0.725186
-0.436807 0.290376 -0.851400
16
0 0 1 2 0 1 2 1
0 1 3 2 1 3 2 1
0 2 3 4 2 3 4 1
0 2 4 5 2 4 5 1
0 5 4 6 5 4 6 1
0 4 7 6 4 7 6 1
0 6 7 8 6 7 8 1
0 6 8 9 6 8 9 1
0 9 8 10 9 8 0 1
0 8 11 10 8 1 0 1
0 12 13 14 0 2 9 1
0 14 13 15 9 2 6 1
0 15 13 16 6 2 5 1
0 1 17 18 1 8 3 1
0 18 17 19 3 8 4 1
0 19 17 20 4 8 7 1
"tread" 0 1
50
0 30.853689 12.472172 72.319550 0.000000 1.000000 -1
0 20.082874 12.472172 72.319565 0.000000 0.000000 -1
0 30.853710 0.205258 47.131596 0.166667 1.000000 -1
0 20.082870 0.205258 47.131592 0.166667 0.000000 -1
0 20.082861 0.205258 -48.494324 0.333333 0.000000 -1
0 30.853703 0.205258 -48.494324 0.333333 1.000000 -1
0 30.853680 15.222172 -65.932289 0.500000 1.000000 -1
0 20.082859 15.222172 -65.932281 0.500000 0.000000 -1
0 20.082863 25.489082 -59.994324 0.666667 0.000000 -1
0 30.853701 25.489082 -59.994308 0.666667 1.000000 -1
0 30.853704 25.739082 69.131584 0.833333 1.000000 -1
0 20.082870 25.739082 69.131592 0.833333 0.000000 -1
0 20.082874 12.472172 72.319565 1.000000 0.000000 -1
0 30.853689 12.472172 72.319550 1.000000 1.000000 -1
0 30.853710 1.898525 44.314266 0.166667 1.000000 -1
0 20.082865 13.872166 69.886475 0.000000 0.000000 -1
0 30.853693 13.872166 69.886475 0.000000 1.000000 -1
0 20.082870 1.898525 44.314270 0.166667 0.000000 -1
0 20.082865 1.898525 -46.177010 0.333333 0.000000 -1
0 30.853703 1.898525 -46.177002 0.333333 1.000000 -1
0 30.853682 15.222172 -62.249191 0.500000 1.000000 -1
0 20.082865 15.222172 -62.249191 0.500000 0.000000 -1
0 20.082861 23.795818 -57.737999 0.666667 0.000000 -1
0 30.853703 23.795818 -57.737991 0.666667 1.000000 -1
0 30.853708 24.045818 66.875259 0.833333 1.000000 -1
0 20.082869 24.045818 66.875259 0.833333 0.000000 -1
0 20.082865 13.872166 69.886475 1.000000 0.000000 -1
0 30.853693 13.872166 69.886475 1.000000 1.000000 -1
0 30.853701 25.489082 -59.994308 0.000000 0.000000 -1
0 30.853704 25.739082 69.131584 0.000000 0.000000 -1
0 30.853708 24.045818 66.875259 0.000000 0.000000 -1
0 30.853703 23.795818 -57.737991 0.000000 0.000000 -1
0 30.853680 15.222172 -65.932289 0.000000 0.000000 -1
0 30.853682 15.222172 -62.249191 0.000000 0.000000 -1
0 30.853703 0.205258 -48.494324 0.000000 0.000000 -1
0 30.853703 1.898525 -46.177002 0.000000 0.000000 -1
0 30.853710 0.205258 47.131596 0.000000 0.000000 -1
0 30.853710 1.898525 44.314266 0.000000 0.000000 -1
0 30.853689 12.472172 72.319550 0.000000 0.000000 -1
0 30.853693 13.872166 69.886475 0.000000 0.000000 -1
0 20.082870 25.739082 69.131592 0.000000 0.000000 -1
0 20.082863 25.489082 -59.994324 0.000000 0.000000 -1
0 20.082861 23.795818 -57.737999 0.000000 0.000000 -1
0 20.082869 24.045818 66.875259 0.000000 0.000000 -1
0 20.082870 0.205258 47.131592 0.000000 0.000000 -1
0 20.082870 1.898525 44.314270 0.000000 0.000000 -1
0 20.082861 0.205258 -48.494324 0.000000 0.000000 -1
0 20.082865 1.898525 -46.177010 0.000000 0.000000 -1
0 20.082859 15.222172 -65.932281 0.000000 0.000000 -1
0 20.082865 15.222172 -62.249191 0.000000 0.000000 -1
24
0.887304 -0.196805 0.417084
-0.693274 -0.307539 0.651760
0.609933 -0.772194 0.178039
-0.838587 -0.530840 0.122392
-0.624702 -0.732046 -0.271764
0.848003 -0.496858 -0.184454
0.697787 -0.119599 -0.706250
-0.889656 -0.076241 -0.450222
-0.654363 0.654648 -0.378476
0.865857 0.433118 -0.250401
0.690905 0.568220 0.446964
-0.886058 0.364360 0.286606
0.609269 0.774032 -0.172239
-0.703277 0.291545 -0.648385
0.892480 0.184989 -0.411410
-0.838156 0.532409 -0.118472
-0.623393 0.735548 0.265237
0.847183 0.499800 0.180226
0.694666 0.140887 0.705401
-0.888031 0.090052 0.450878
-0.658755 -0.643666 0.389534
0.868386 -0.424249 0.256746
0.683673 -0.585137 -0.436126
-0.882210 -0.377529 -0.281386
48
0 0 1 2 0 1 2 1
0 1 3 2 1 3 2 1
0 2 3 4 2 3 4 1
0 2 4 5 2 4 5 1
0 5 4 6 5 4 6 1
0 4 7 6 4 7 6 1
0 6 7 8 6 7 8 1
0 6 8 9 6 8 9 1
0 9 8 10 9 8 10 1
0 8 11 10 8 11 10 1
0 10 11 12 10 11 1 1
0 10 12 13 10 1 0 1
0 14 15 16 12 13 14 1
0 14 17 15 12 15 13 1
0 18 17 14 16 15 12 1
0 19 18 14 17 16 12 1
0 20 18 19 18 16 17 1
0 20 21 18 18 19 16 1
0 22 21 20 20 19 18 1
0 23 22 20 21 20 18 1
0 24 22 23 22 20 21 1
0 24 25 22 22 23 20 1
0 26 25 24 13 23 22 1
0 27 26 24 14 13 22 1
0 28 29 30 9 10 22 1
0 28 30 31 9 22 21 1
0 32 28 31 6 9 21 1
0 32 31 33 6 21 18 1
0 34 32 33 5 6 18 1
0 34 33 35 5 18 17 1
0 36 34 35 2 5 17 1
0 36 35 37 2 17 12 1
0 36 37 38 2 12 0 1
0 38 37 39 0 12 14 1
0 38 39 29 0 14 10 1
0 29 39 30 10 14 22 1
0 40 41 42 11 8 20 1
0 40 42 43 11 20 23 1
0 1 40 43 1 11 23 1
0 1 43 15 1 23 13 1
0 44 1 15 3 1 13 1
0 44 15 45 3 13 15 1
0 46 44 45 4 3 15 1
0 46 45 47 4 15 16 1
0 48 46 47 7 4 16 1
0 48 47 49 7 16 19 1
0 41 48 49 8 7 19 1
0 41 49 42 8 19 20 1
"Duplicate14" 0 0
25
0 5.555370 41.566349 20.236454 0.000000 1.000000 -1
0 5.555377 41.566349 49.682022 0.000000 0.000000 -1
0 5.657384 11.551090 20.236454 0.166667 1.000000 -1
0 5.657382 11.551090 49.682011 0.166667 0.000000 -1
0 -26.447054 11.551090 49.682018 0.333333 0.000000 -1
0 -26.447050 11.551090 20.236456 0.333333 1.000000 -1
0 -26.344992 41.566349 20.236456 0.500000 1.000000 -1
0 -26.344990 41.566349 49.682018 0.500000 0.000000 -1
0 -20.927206 45.581619 42.715351 0.666667 0.000000 -1
0 -20.927206 45.581619 20.236456 0.666667 1.000000 -1
0 5.709029 45.581619 20.236454 0.833333 1.000000 -1
0 5.709032 45.581619 42.715351 0.833333 0.000000 -1
0 5.555377 41.566349 49.682022 1.000000 0.000000 -1
0 5.555370 41.566349 20.236454 1.000000 1.000000 -1
0 -20.927206 45.581619 20.236456 0.000000 0.000000 -1
0 5.709029 45.581619 20.236454 0.000000 0.000000 -1
0 -26.344992 41.566349 20.236456 0.000000 0.000000 -1
0 5.555370 41.566349 20.236454 0.000000 0.000000 -1
0 5.657384 11.551090 20.236454 0.000000 0.000000 -1
0 -26.447050 11.551090 20.236456 0.000000 0.000000 -1
0 5.709032 45.581619 42.715351 0.000000 0.000000 -1
0 -20.927206 45.581619 42.715351 0.000000 0.000000 -1
0 -26.344990 41.566349 49.682018 0.000000 0.000000 -1
0 -26.447054 11.551090 49.682018 0.000000 0.000000 -1
0 5.657382 11.551090 49.682011 0.000000 0.000000 -1
12
0.706923 -0.012320 -0.707184
0.836122 0.166599 0.522633
0.578002 -0.576041 -0.578005
0.578002 -0.576041 0.578005
-0.578002 -0.576040 0.578006
-0.578002 -0.576040 -0.578006
-0.594731 0.300757 -0.745547
-0.442664 0.704637 0.554559
-0.255775 0.960768 0.107252
-0.277414 0.840221 -0.465907
0.584425 0.562488 -0.584853
0.328440 0.885650 0.328255
20
0 0 1 2 0 1 2 1
0 1 3 2 1 3 2 1
0 2 3 4 2 3 4 1
0 2 4 5 2 4 5 1
0 5 4 6 5 4 6 1
0 4 7 6 4 7 6 1
0 6 7 8 6 7 8 1
0 6 8 9 6 8 9 1
0 9 8 10 9 8 10 1
0 8 11 10 8 11 10 1
0 10 11 12 10 11 1 1
0 10 12 13 10 1 0 1
0 14 15 16 9 10 6 1
0 16 15 17 6 10 0 1
0 17 18 16 0 2 6 1
0 16 18 19 6 2 5 1
0 20 21 22 11 8 7 1
0 20 22 1 11 7 1 1
0 1 22 23 1 7 4 1
0 1 23 24 1 4 3 1
"Box02" 0 0
20
0 24.718287 25.963840 48.764370 0.000000 0.000000 -1
0 24.718287 11.497173 48.764370 0.000000 1.000000 -1
0 -26.615040 25.963840 48.764362 1.000000 0.000000 -1
0 -26.615040 11.497173 48.764362 1.000000 1.000000 -1
0 -26.615040 25.963840 48.764362 0.000000 0.000000 -1
0 -26.615040 11.497173 48.764362 0.000000 1.000000 -1
0 -26.615047 25.963840 71.164383 1.000000 0.000000 -1
0 -26.615046 11.497173 60.097702 1.000000 1.000000 -1
0 -26.615047 25.963840 71.164383 0.000000 0.000000 -1
0 -26.615046 11.497173 60.097702 0.000000 1.000000 -1
0 24.718287 25.963840 71.164368 1.000000 0.000000 -1
0 24.718290 11.497173 60.097702 1.000000 1.000000 -1
0 24.718287 25.963840 71.164368 0.000000 0.000000 -1
0 24.718290 11.497173 60.097702 0.000000 1.000000 -1
0 24.718287 25.963840 48.764370 1.000000 0.000000 -1
0 24.718287 11.497173 48.764370 1.000000 1.000000 -1
0 24.718287 25.963840 48.764370 0.000000 1.000000 -1
0 -26.615040 25.963840 48.764362 1.000000 1.000000 -1
0 24.718287 11.497173 48.764370 0.000000 0.000000 -1
0 -26.615040 11.497173 48.764362 1.000000 0.000000 -1
12
0.000000 0.000000 -1.000000
-1.000000 0.000000 -0.000000
-1.000000 0.000000 -0.000000
-1.000000 0.000000 -0.000001
0.000000 -0.607586 0.794254
0.000000 -0.607586 0.794254
0.000000 -0.607586 0.794254
1.000000 0.000000 0.000000
1.000000 0.000000 -0.000000
1.000000 0.000000 -0.000000
0.000000 1.000000 0.000000
0.000000 -1.000000 0.000000
12
0 0 1 2 0 0 0 1
0 1 3 2 0 0 0 1
0 4 5 6 1 2 2 2
0 5 7 6 2 3 2 2
0 8 9 10 4 5 5 1
0 9 11 10 5 6 5 1
0 12 13 14 7 8 8 2
0 13 15 14 8 9 8 2
0 12 16 6 10 10 10 3
0 16 17 6 10 10 10 3
0 18 13 19 11 11 11 3
0 13 7 19 11 11 11 3
"Duplicate23" 0 0
25
0 -29.878065 10.072330 66.908791 0.166667 1.000000 -1
0 -23.768686 16.951672 70.880569 0.000000 0.000000 -1
0 -29.878061 16.951672 70.880569 0.000000 1.000000 -1
0 -23.768684 10.072330 66.908775 0.166667 0.000000 -1
0 -23.768688 10.072330 58.965210 0.333333 0.000000 -1
0 -29.878059 10.072330 58.965214 0.333333 1.000000 -1
0 -29.878061 16.951672 54.993416 0.500000 1.000000 -1
0 -23.768686 16.951672 54.993412 0.500000 0.000000 -1
0 -23.768688 23.831017 58.965210 0.666667 0.000000 -1
0 -29.878059 23.831017 58.965214 0.666667 1.000000 -1
0 -29.878065 23.831017 66.908791 0.833333 1.000000 -1
0 -23.768684 23.831017 66.908775 0.833333 0.000000 -1
0 -23.768686 16.951672 70.880569 1.000000 0.000000 -1
0 -29.878061 16.951672 70.880569 1.000000 1.000000 -1
0 -29.878061 16.951672 54.993416 0.000000 0.000000 -1
0 -29.878065 23.831017 66.908791 0.000000 0.000000 -1
0 -29.878059 23.831017 58.965214 0.000000 0.000000 -1
0 -29.878061 16.951672 70.880569 0.000000 0.000000 -1
0 -29.878065 10.072330 66.908791 0.000000 0.000000 -1
0 -29.878059 10.072330 58.965214 0.000000 0.000000 -1
0 -23.768686 16.951672 54.993412 0.000000 0.000000 -1
0 -23.768688 23.831017 58.965210 0.000000 0.000000 -1
0 -23.768684 23.831017 66.908775 0.000000 0.000000 -1
0 -23.768688 10.072330 58.965210 0.000000 0.000000 -1
0 -23.768684 10.072330 66.908775 0.000000 0.000000 -1
12
-0.500000 -0.750000 0.433013
0.654654 -0.000000 0.755929
-0.755929 -0.000000 0.654654
0.500001 -0.750000 0.433012
0.500000 -0.750000 -0.433013
-0.500000 -0.750000 -0.433013
-0.755929 -0.000000 -0.654653
0.866025 -0.000000 -0.500000
0.277350 0.832051 -0.480384
-0.500000 0.750000 -0.433013
-0.500000 0.750000 0.433013
0.755929 0.566947 0.327326
20
0 0 1 2 0 1 2 1
0 0 3 1 0 3 1 1
0 4 3 0 4 3 0 1
0 5 4 0 5 4 0 1
0 6 4 5 6 4 5 1
0 6 7 4 6 7 4 1
0 8 7 6 8 7 6 1
0 9 8 6 9 8 6 1
0 10 8 9 10 8 9 1
0 10 11 8 10 11 8 1
0 12 11 10 1 11 10 1
0 13 12 10 2 1 10 1
0 14 15 16 6 10 9 1
0 17 15 14 2 10 6 1
0 14 18 17 6 0 2 1
0 19 18 14 5 0 6 1
0 20 21 22 7 8 11 1
0 1 20 22 1 7 11 1
0 23 20 1 4 7 1 1
0 24 23 1 3 4 1 1
"Duplicate24" 0 0
25
0 -29.878071 10.721111 -54.594666 0.166667 1.000000 -1
0 -23.768686 15.285000 -51.959717 0.000000 0.000000 -1
0 -29.878063 15.285000 -51.959717 0.000000 1.000000 -1
0 -23.768686 10.721111 -54.594658 0.166667 0.000000 -1
0 -23.768692 10.721111 -59.864601 0.333333 0.000000 -1
0 -29.878069 10.721111 -59.864609 0.333333 1.000000 -1
0 -29.878065 15.285000 -62.499573 0.500000 1.000000 -1
0 -23.768696 15.285000 -62.499573 0.500000 0.000000 -1
0 -23.768692 19.848904 -59.864601 0.666667 0.000000 -1
0 -29.878069 19.848904 -59.864609 0.666667 1.000000 -1
0 -29.878071 19.848904 -54.594666 0.833333 1.000000 -1
0 -23.768686 19.848904 -54.594658 0.833333 0.000000 -1
0 -23.768686 15.285000 -51.959717 1.000000 0.000000 -1
0 -29.878063 15.285000 -51.959717 1.000000 1.000000 -1
0 -29.878065 15.285000 -62.499573 0.000000 0.000000 -1
0 -29.878071 19.848904 -54.594666 0.000000 0.000000 -1
0 -29.878069 19.848904 -59.864609 0.000000 0.000000 -1
0 -29.878063 15.285000 -51.959717 0.000000 0.000000 -1
0 -29.878071 10.721111 -54.594666 0.000000 0.000000 -1
0 -29.878069 10.721111 -59.864609 0.000000 0.000000 -1
0 -23.768696 15.285000 -62.499573 0.000000 0.000000 -1
0 -23.768692 19.848904 -59.864601 0.000000 0.000000 -1
0 -23.768686 19.848904 -54.594658 0.000000 0.000000 -1
0 -23.768692 10.721111 -59.864601 0.000000 0.000000 -1
0 -23.768686 10.721111 -54.594658 0.000000 0.000000 -1
12
-0.500001 -0.749999 0.433014
0.654653 -0.000000 0.755930
-0.755928 -0.000000 0.654654
0.500000 -0.749999 0.433014
0.500000 -0.750000 -0.433013
-0.500000 -0.750000 -0.433013
-0.755929 -0.000000 -0.654654
0.866025 -0.000000 -0.500000
0.277350 0.832050 -0.480385
-0.500000 0.750000 -0.433013
-0.500001 0.749999 0.433014
0.755930 0.566946 0.327327
20
0 0 1 2 0 1 2 1
0 0 3 1 0 3 1 1
0 4 3 0 4 3 0 1
0 5 4 0 5 4 0 1
0 6 4 5 6 4 5 1
0 6 7 4 6 7 4 1
0 8 7 6 8 7 6 1
0 9 8 6 9 8 6 1
0 10 8 9 10 8 9 1
0 10 11 8 10 11 8 1
0 12 11 10 1 11 10 1
0 13 12 10 2 1 10 1
0 14 15 16 6 10 9 1
0 17 15 14 2 10 6 1
0 14 18 17 6 0 2 1
0 19 18 14 5 0 6 1
0 20 21 22 7 8 11 1
0 1 20 22 1 7 11 1
0 23 20 1 4 7 1 1
0 24 23 1 3 4 1 1
"Duplicate25" 0 0
21
0 -32.233418 37.032837 -65.931351 0.200000 1.000000 -1
0 -26.948378 41.597176 -28.181355 0.000000 0.000000 -1
0 -26.948387 41.597176 -66.681351 0.000000 1.000000 -1
0 -32.233410 37.032837 -28.181358 0.200000 0.000000 -1
0 -32.532330 22.661514 -28.181347 0.400000 0.000000 -1
0 -32.532337 22.661514 -63.431351 0.400000 1.000000 -1
0 -21.364418 22.661514 -63.431351 0.600000 1.000000 -1
0 -21.364420 22.661514 -28.181355 0.600000 0.000000 -1
0 -21.413340 41.532841 -28.181347 0.800000 0.000000 -1
0 -21.413349 41.532841 -66.681351 0.800000 1.000000 -1
0 -26.948387 41.597176 -66.681351 1.000000 1.000000 -1
0 -26.948378 41.597176 -28.181355 1.000000 0.000000 -1
0 -21.413349 41.532841 -66.681351 0.000000 0.000000 -1
0 -32.233418 37.032837 -65.931351 0.000000 0.000000 -1
0 -26.948387 41.597176 -66.681351 0.000000 0.000000 -1
0 -21.364418 22.661514 -63.431351 0.000000 0.000000 -1
0 -32.532337 22.661514 -63.431351 0.000000 0.000000 -1
0 -32.233410 37.032837 -28.181358 0.000000 0.000000 -1
0 -21.413340 41.532841 -28.181347 0.000000 0.000000 -1
0 -32.532330 22.661514 -28.181347 0.000000 0.000000 -1
0 -21.364420 22.661514 -28.181355 0.000000 0.000000 -1
10
-0.725115 0.231170 -0.648667
-0.431951 0.838013 0.333394
-0.221917 0.911431 -0.346478
-0.610348 0.287055 0.738292
-0.581269 -0.569304 0.581394
-0.550860 -0.633950 -0.542827
0.548017 -0.639336 -0.539376
0.577848 -0.576352 0.577850
0.489074 0.484678 0.725186
0.436807 0.290375 -0.851400
16
0 0 1 2 0 1 2 1
0 0 3 1 0 3 1 1
0 4 3 0 4 3 0 1
0 5 4 0 5 4 0 1
0 6 4 5 6 4 5 1
0 6 7 4 6 7 4 1
0 8 7 6 8 7 6 1
0 9 8 6 9 8 6 1
0 10 8 9 2 8 9 1
0 10 11 8 2 1 8 1
0 12 13 14 9 0 2 1
0 15 13 12 6 0 9 1
0 16 13 15 5 0 6 1
0 17 18 1 3 8 1 1
0 19 18 17 4 8 3 1
0 20 18 19 7 8 4 1
"Duplicate26" 0 1
50
0 -32.250469 0.205258 47.131603 0.166667 1.000000 -1
0 -21.479618 12.472172 72.319550 0.000000 0.000000 -1
0 -32.250450 12.472172 72.319565 0.000000 1.000000 -1
0 -21.479628 0.205258 47.131596 0.166667 0.000000 -1
0 -21.479628 0.205258 -48.494324 0.333333 0.000000 -1
0 -32.250469 0.205258 -48.494324 0.333333 1.000000 -1
0 -32.250465 15.222172 -65.932297 0.500000 1.000000 -1
0 -21.479637 15.222172 -65.932289 0.500000 0.000000 -1
0 -21.479630 25.489082 -59.994316 0.666667 0.000000 -1
0 -32.250477 25.489082 -59.994316 0.666667 1.000000 -1
0 -32.250469 25.739082 69.131592 0.833333 1.000000 -1
0 -21.479620 25.739082 69.131577 0.833333 0.000000 -1
0 -21.479618 12.472172 72.319550 1.000000 0.000000 -1
0 -32.250450 12.472172 72.319565 1.000000 1.000000 -1
0 -32.250454 13.872166 69.886490 0.000000 1.000000 -1
0 -21.479620 13.872166 69.886475 0.000000 0.000000 -1
0 -32.250469 1.898525 44.314270 0.166667 1.000000 -1
0 -21.479626 1.898525 44.314266 0.166667 0.000000 -1
0 -21.479624 1.898525 -46.176994 0.333333 0.000000 -1
0 -32.250469 1.898525 -46.176998 0.333333 1.000000 -1
0 -32.250458 15.222172 -62.249199 0.500000 1.000000 -1
0 -21.479626 15.222172 -62.249176 0.500000 0.000000 -1
0 -21.479624 23.795818 -57.737984 0.666667 0.000000 -1
0 -32.250481 23.795818 -57.737991 0.666667 1.000000 -1
0 -32.250473 24.045818 66.875259 0.833333 1.000000 -1
0 -21.479626 24.045818 66.875259 0.833333 0.000000 -1
0 -21.479620 13.872166 69.886475 1.000000 0.000000 -1
0 -32.250454 13.872166 69.886490 1.000000 1.000000 -1
0 -32.250473 24.045818 66.875259 0.000000 0.000000 -1
0 -32.250469 25.739082 69.131592 0.000000 0.000000 -1
0 -32.250477 25.489082 -59.994316 0.000000 0.000000 -1
0 -32.250481 23.795818 -57.737991 0.000000 0.000000 -1
0 -32.250465 15.222172 -65.932297 0.000000 0.000000 -1
0 -32.250458 15.222172 -62.249199 0.000000 0.000000 -1
0 -32.250469 0.205258 -48.494324 0.000000 0.000000 -1
0 -32.250469 1.898525 -46.176998 0.000000 0.000000 -1
0 -32.250469 0.205258 47.131603 0.000000 0.000000 -1
0 -32.250469 1.898525 44.314270 0.000000 0.000000 -1
0 -32.250450 12.472172 72.319565 0.000000 0.000000 -1
0 -32.250454 13.872166 69.886490 0.000000 0.000000 -1
0 -21.479624 23.795818 -57.737984 0.000000 0.000000 -1
0 -21.479630 25.489082 -59.994316 0.000000 0.000000 -1
0 -21.479620 25.739082 69.131577 0.000000 0.000000 -1
0 -21.479626 24.045818 66.875259 0.000000 0.000000 -1
0 -21.479628 0.205258 47.131596 0.000000 0.000000 -1
0 -21.479626 1.898525 44.314266 0.000000 0.000000 -1
0 -21.479628 0.205258 -48.494324 0.000000 0.000000 -1
0 -21.479624 1.898525 -46.176994 0.000000 0.000000 -1
0 -21.479637 15.222172 -65.932289 0.000000 0.000000 -1
0 -21.479626 15.222172 -62.249176 0.000000 0.000000 -1
24
-0.609933 -0.772194 0.178039
0.693276 -0.307539 0.651758
-0.887304 -0.196806 0.417085
0.838588 -0.530840 0.122392
0.624701 -0.732047 -0.271764
-0.848003 -0.496858 -0.184453
-0.697788 -0.119598 -0.706250
0.889655 -0.076243 -0.450224
0.654362 0.654649 -0.378477
-0.865857 0.433118 -0.250401
-0.690905 0.568220 0.446964
0.886058 0.364359 0.286605
-0.892480 0.184989 -0.411410
0.703276 0.291545 -0.648386
-0.609269 0.774032 -0.172239
0.838157 0.532407 -0.118472
0.623394 0.735547 0.265236
-0.847183 0.499800 0.180226
-0.694666 0.140886 0.705401
0.888032 0.090052 0.450876
0.658754 -0.643666 0.389533
-0.868386 -0.424249 0.256746
-0.683674 -0.585137 -0.436125
0.882208 -0.377530 -0.281388
48
0 0 1 2 0 1 2 1
0 0 3 1 0 3 1 1
0 4 3 0 4 3 0 1
0 5 4 0 5 4 0 1
0 6 4 5 6 4 5 1
0 6 7 4 6 7 4 1
0 8 7 6 8 7 6 1
0 9 8 6 9 8 6 1
0 10 8 9 10 8 9 1
0 10 11 8 10 11 8 1
0 12 11 10 1 11 10 1
0 13 12 10 2 1 10 1
0 14 15 16 12 13 14 1
0 15 17 16 13 15 14 1
0 16 17 18 14 15 16 1
0 16 18 19 14 16 17 1
0 19 18 20 17 16 18 1
0 18 21 20 16 19 18 1
0 20 21 22 18 19 20 1
0 20 22 23 18 20 21 1
0 23 22 24 21 20 22 1
0 22 25 24 20 23 22 1
0 24 25 26 22 23 13 1
0 24 26 27 22 13 12 1
0 28 29 30 22 10 9 1
0 31 28 30 21 22 9 1
0 31 30 32 21 9 6 1
0 33 31 32 18 21 6 1
0 33 32 34 18 6 5 1
0 35 33 34 17 18 5 1
0 35 34 36 17 5 0 1
0 37 35 36 14 17 0 1
0 38 37 36 2 14 0 1
0 39 37 38 12 14 2 1
0 29 39 38 10 12 2 1
0 28 39 29 22 12 10 1
0 40 41 42 20 8 11 1
0 43 40 42 23 20 11 1
0 43 42 1 23 11 1 1
0 15 43 1 13 23 1 1
0 15 1 44 13 1 3 1
0 45 15 44 15 13 3 1
0 45 44 46 15 3 4 1
0 47 45 46 16 15 4 1
0 47 46 48 16 4 7 1
0 49 47 48 19 16 7 1
0 49 48 41 19 7 8 1
0 40 49 41 20 19 8 1
"Duplicate27" 0 0
25
0 24.698215 41.566349 -60.960205 0.000000 1.000000 -1
0 24.698219 41.566349 20.477980 0.000000 0.000000 -1
0 24.800232 11.551090 -60.960205 0.166667 1.000000 -1
0 24.800232 11.551090 20.477980 0.166667 0.000000 -1
0 -26.447048 11.551090 20.477983 0.333333 0.000000 -1
0 -26.447062 11.551090 -60.960205 0.333333 1.000000 -1
0 -26.345001 41.566349 -60.960213 0.500000 1.000000 -1
0 -26.344990 41.566349 20.477983 0.500000 0.000000 -1
0 -20.927204 45.581619 20.380144 0.666667 0.000000 -1
0 -20.927212 45.581619 -60.960205 0.666667 1.000000 -1
0 19.280455 45.581619 -60.960213 0.833333 1.000000 -1
0 19.280455 45.581619 20.380142 0.833333 0.000000 -1
0 24.698219 41.566349 20.477980 1.000000 0.000000 -1
0 24.698215 41.566349 -60.960205 1.000000 1.000000 -1
0 -20.927212 45.581619 -60.960205 0.000000 0.000000 -1
0 19.280455 45.581619 -60.960213 0.000000 0.000000 -1
0 -26.345001 41.566349 -60.960213 0.000000 0.000000 -1
0 24.698215 41.566349 -60.960205 0.000000 0.000000 -1
0 24.800232 11.551090 -60.960205 0.000000 0.000000 -1
0 -26.447062 11.551090 -60.960205 0.000000 0.000000 -1
0 19.280455 45.581619 20.380142 0.000000 0.000000 -1
0 -20.927204 45.581619 20.380144 0.000000 0.000000 -1
0 -26.344990 41.566349 20.477983 0.000000 0.000000 -1
0 -26.447048 11.551090 20.477983 0.000000 0.000000 -1
0 24.800232 11.551090 20.477980 0.000000 0.000000 -1
12
0.594732 0.300755 -0.745547
0.682424 0.350312 0.641544
0.578002 -0.576041 -0.578005
0.578002 -0.576041 0.578005
-0.578002 -0.576040 0.578006
-0.578002 -0.576041 -0.578006
-0.594731 0.300757 -0.745547
-0.455394 0.244200 0.856144
-0.301478 0.919271 0.253085
-0.277414 0.840222 -0.465907
0.277415 0.840221 -0.465907
0.213437 0.663911 0.716705
20
0 0 1 2 0 1 2 1
0 1 3 2 1 3 2 1
0 2 3 4 2 3 4 1
0 2 4 5 2 4 5 1
0 5 4 6 5 4 6 1
0 4 7 6 4 7 6 1
0 6 7 8 6 7 8 1
0 6 8 9 6 8 9 1
0 9 8 10 9 8 10 1
0 8 11 10 8 11 10 1
0 10 11 12 10 11 1 1
0 10 12 13 10 1 0 1
0 14 15 16 9 10 6 1
0 16 15 17 6 10 0 1
0 17 18 16 0 2 6 1
0 16 18 19 6 2 5 1
0 20 21 22 11 8 7 1
0 20 22 1 11 7 1 1
0 1 22 23 1 7 4 1
0 1 23 24 1 4 3 1
"Box03" 0 0
20
0 25.527802 41.697174 20.051960 1.000000 0.000000 -1
0 5.646857 11.530506 20.051962 0.000000 1.000000 -1
0 5.646857 41.697174 20.051962 0.000000 0.000000 -1
0 25.527802 11.530506 20.051960 1.000000 1.000000 -1
0 25.527802 41.697174 49.718616 1.000000 0.000000 -1
0 25.527802 11.530506 20.051960 0.000000 1.000000 -1
0 25.527802 41.697174 20.051960 0.000000 0.000000 -1
0 25.527802 11.530506 49.718616 1.000000 1.000000 -1
0 5.646861 41.697174 49.718624 1.000000 0.000000 -1
0 25.527802 11.530506 49.718616 0.000000 1.000000 -1
0 25.527802 41.697174 49.718616 0.000000 0.000000 -1
0 5.646861 11.530506 49.718624 1.000000 1.000000 -1
0 5.646857 41.697174 20.051962 1.000000 0.000000 -1
0 5.646861 11.530506 49.718624 0.000000 1.000000 -1
0 5.646861 41.697174 49.718624 0.000000 0.000000 -1
0 5.646857 11.530506 20.051962 1.000000 1.000000 -1
0 5.646857 41.697174 20.051962 0.000000 1.000000 -1
0 25.527802 41.697174 20.051960 1.000000 1.000000 -1
0 25.527802 11.530506 20.051960 1.000000 0.000000 -1
0 5.646857 11.530506 20.051962 0.000000 0.000000 -1
6
-0.000000 0.000000 -1.000000
1.000000 0.000000 0.000000
0.000000 0.000000 1.000000
-1.000000 0.000000 0.000000
0.000000 1.000000 0.000000
0.000000 -1.000000 0.000000
12
0 0 1 2 0 0 0 1
0 0 3 1 0 0 0 1
0 4 5 6 1 1 1 2
0 4 7 5 1 1 1 2
0 8 9 10 2 2 2 1
0 8 11 9 2 2 2 1
0 12 13 14 3 3 3 2
0 12 15 13 3 3 3 2
0 4 16 14 4 4 4 3
0 4 17 16 4 4 4 3
0 18 13 19 5 5 5 3
0 18 7 13 5 5 5 3
"Cylinder06" 0 0
20
0 6.484908 44.423691 31.218624 0.000000 0.000000 -1
0 15.444474 45.916954 31.218624 0.000000 0.000000 -1
0 6.445575 44.423691 18.709414 0.000000 0.000000 -1
0 6.484908 41.572918 31.218624 0.000000 1.000000 -1
0 6.445575 41.572918 18.709414 0.166667 1.000000 -1
0 6.445575 44.423691 18.709414 0.166667 0.000000 -1
0 24.443371 44.423691 18.709414 0.000000 0.000000 -1
0 24.443371 44.423691 18.709414 0.333333 0.000000 -1
0 24.443371 41.572918 18.709414 0.333333 1.000000 -1
0 24.404039 44.423691 31.218624 0.000000 0.000000 -1
0 24.404039 41.572918 31.218624 0.500000 1.000000 -1
0 24.404039 44.423691 31.218624 0.500000 0.000000 -1
0 19.924257 44.423691 38.977837 0.000000 0.000000 -1
0 19.924257 44.423691 38.977837 0.666667 0.000000 -1
0 19.924257 41.572918 38.977837 0.666667 1.000000 -1
0 10.964687 44.423691 38.977829 0.000000 0.000000 -1
0 10.964687 41.572918 38.977829 0.833333 1.000000 -1
0 10.964687 44.423691 38.977829 0.833333 0.000000 -1
0 6.484908 44.423691 31.218624 1.000000 0.000000 -1
0 6.484908 41.572918 31.218624 1.000000 1.000000 -1
16
-0.164213 0.985278 0.047557
-0.000000 0.999031 0.044017
-0.082627 0.994814 -0.059314
-0.965518 0.000000 0.260337
-0.708218 0.000000 -0.705994
-0.708218 0.000000 -0.705994
0.082627 0.994814 -0.059314
0.708218 0.000000 -0.705994
0.708218 0.000000 -0.705994
0.164213 0.985278 0.047557
0.965518 0.000000 0.260337
0.965518 0.000000 0.260337
0.082200 0.986394 0.142374
0.500000 0.000000 0.866026
-0.082200 0.986394 0.142374
-0.500000 0.000000 0.866025
18
0 0 1 2 0 1 2 2
0 3 0 4 3 3 4 1
0 0 5 4 3 5 4 1
0 2 1 6 2 1 6 2
0 4 5 7 4 5 7 1
0 4 7 8 4 7 8 1
0 6 1 9 6 1 9 2
0 8 7 10 8 7 10 1
0 7 11 10 7 11 10 1
0 9 1 12 9 1 12 2
0 10 11 13 10 11 13 1
0 10 13 14 10 13 13 1
0 12 1 15 12 1 14 2
0 14 13 16 13 13 15 1
0 13 17 16 13 15 15 1
0 15 1 0 14 1 0 2
0 16 17 18 15 15 3 1
0 16 18 19 15 3 3 1
"turretbase" 0 0
35
0 1.756703 61.152687 -16.091705 0.000000 0.000000 -1
0 -4.974215 61.152687 0.158179 0.000000 0.000000 -1
0 11.275669 61.152687 -6.572741 0.000000 0.000000 -1
0 1.756703 45.500290 -16.091705 0.000000 1.000000 -1
0 1.925430 51.743156 -22.707035 0.000000 0.500000 -1
0 15.319565 51.743156 -9.312897 0.125000 0.500000 -1
0 11.275669 45.500290 -6.572741 0.125000 1.000000 -1
0 11.275669 61.152687 -6.572741 0.125000 0.000000 -1
0 11.275669 61.152687 6.889098 0.000000 0.000000 -1
0 11.275669 45.500290 6.889098 0.250000 1.000000 -1
0 15.319567 51.743156 9.629254 0.250000 0.500000 -1
0 11.275669 61.152687 6.889098 0.250000 0.000000 -1
0 1.756707 61.152687 16.408060 0.000000 0.000000 -1
0 1.925436 51.743156 23.023390 0.375000 0.500000 -1
0 1.756707 45.500290 16.408060 0.375000 1.000000 -1
0 1.756707 61.152687 16.408060 0.375000 0.000000 -1
0 -17.133703 61.152687 16.408062 0.000000 0.000000 -1
0 -17.133703 45.500290 16.408062 0.500000 1.000000 -1
0 -17.016722 51.743156 23.023390 0.500000 0.500000 -1
0 -17.133703 61.152687 16.408062 0.500000 0.000000 -1
0 -21.224092 61.152687 6.889101 0.000000 0.000000 -1
0 -30.410841 51.743156 9.629258 0.625000 0.500000 -1
0 -21.224092 45.500290 6.889101 0.625000 1.000000 -1
0 -21.224092 61.152687 6.889101 0.625000 0.000000 -1
0 -21.224091 61.152687 -6.572741 0.000000 0.000000 -1
0 -21.224091 45.500290 -6.572741 0.750000 1.000000 -1
0 -30.410843 51.743156 -9.312902 0.750000 0.500000 -1
0 -21.224091 61.152687 -6.572741 0.750000 0.000000 -1
0 -17.133707 61.152687 -16.091705 0.000000 0.000000 -1
0 -17.016726 51.743156 -22.707031 0.875000 0.500000 -1
0 -17.133707 45.500290 -16.091705 0.875000 1.000000 -1
0 -17.133707 61.152687 -16.091705 0.875000 0.000000 -1
0 1.756703 45.500290 -16.091705 1.000000 1.000000 -1
0 1.925430 51.743156 -22.707035 1.000000 0.500000 -1
0 1.756703 61.152687 -16.091705 1.000000 0.000000 -1
25
0.000000 1.000000 0.000000
0.293243 -0.699034 -0.652197
0.401933 -0.103723 -0.909775
0.923054 -0.095142 -0.372720
0.737484 -0.607355 -0.295360
0.334203 0.546067 -0.768192
0.825909 0.452781 -0.335953
0.737483 -0.607356 0.295360
0.923054 -0.095142 0.372720
0.825909 0.452781 0.335952
0.401933 -0.103723 0.909775
0.293243 -0.699034 0.652197
0.334203 0.546067 0.768192
-0.285539 -0.767220 0.574318
-0.404202 -0.102696 0.908886
-0.349592 0.627700 0.695542
-0.940034 -0.102626 0.325275
-0.536284 -0.836981 0.108919
-0.687744 0.712287 0.140195
-0.632288 -0.746406 -0.207584
-0.914608 -0.108868 -0.389409
-0.752148 0.613723 -0.240035
-0.493528 -0.102041 -0.863723
-0.488704 -0.630189 -0.603349
-0.519576 0.487075 -0.701996
40
0 0 1 2 0 0 0 2
0 3 4 5 1 2 3 1
0 3 5 6 1 3 4 1
0 4 0 5 2 5 3 1
0 0 7 5 5 6 3 1
0 2 1 8 0 0 0 2
0 6 5 9 4 3 7 1
0 5 10 9 3 8 7 1
0 5 7 11 3 6 9 1
0 5 11 10 3 9 8 1
0 8 1 12 0 0 0 2
0 9 10 13 7 8 10 1
0 9 13 14 7 10 11 1
0 10 11 13 8 9 10 1
0 11 15 13 9 12 10 1
0 12 1 16 0 0 0 2
0 14 13 17 11 10 13 1
0 13 18 17 10 14 13 1
0 13 15 19 10 12 15 1
0 13 19 18 10 15 14 1
0 16 1 20 0 0 0 2
0 17 18 21 13 14 16 1
0 17 21 22 13 16 17 1
0 18 19 21 14 15 16 1
0 19 23 21 15 18 16 1
0 20 1 24 0 0 0 2
0 22 21 25 17 16 19 1
0 21 26 25 16 20 19 1
0 21 23 27 16 18 21 1
0 21 27 26 16 21 20 1
0 24 1 28 0 0 0 2
0 25 26 29 19 20 22 1
0 25 29 30 19 22 23 1
0 26 27 29 20 21 22 1
0 27 31 29 21 24 22 1
0 28 1 0 0 0 0 2
0 30 29 32 23 22 1 1
0 29 33 32 22 2 1 1
0 29 31 34 22 24 5 1
0 29 34 33 22 5 2 1
"turretback" 0 0
20
0 11.325422 60.220989 -26.448029 0.000000 0.000000 -1
0 11.325421 48.554321 -28.948025 0.000000 1.000000 -1
0 -21.150759 60.220989 -26.448025 1.000000 0.000000 -1
0 -21.150759 48.554321 -28.948029 1.000000 1.000000 -1
0 -21.150759 60.220989 -26.448025 0.000000 0.000000 -1
0 -21.150759 48.554321 -28.948029 0.000000 1.000000 -1
0 -21.150763 61.054321 -6.614697 1.000000 0.000000 -1
0 -25.579334 48.554321 -5.448032 1.000000 1.000000 -1
0 -21.150763 61.054321 -6.614697 0.000000 0.000000 -1
0 -25.579334 48.554321 -5.448032 0.000000 1.000000 -1
0 11.325425 61.054317 -6.614698 1.000000 0.000000 -1
0 11.325425 48.554321 -5.448032 1.000000 1.000000 -1
0 11.325425 61.054317 -6.614698 0.000000 0.000000 -1
0 11.325425 48.554321 -5.448032 0.000000 1.000000 -1
0 11.325422 60.220989 -26.448029 1.000000 0.000000 -1
0 11.325421 48.554321 -28.948025 1.000000 1.000000 -1
0 11.325422 60.220989 -26.448029 0.000000 1.000000 -1
0 -21.150759 60.220989 -26.448025 1.000000 1.000000 -1
0 11.325421 48.554321 -28.948025 0.000000 0.000000 -1
0 -21.150759 48.554321 -28.948029 1.000000 0.000000 -1
16
-0.000000 0.209529 -0.977802
-0.000000 0.209529 -0.977802
0.000000 0.209529 -0.977802
-1.000000 0.000000 -0.000000
-0.983097 0.159763 -0.089420
-0.932960 0.314125 -0.175816
0.000000 0.092929 0.995673
0.000000 0.092929 0.995673
0.000000 0.092929 0.995673
1.000000 -0.000000 -0.000000
1.000000 -0.000000 -0.000000
1.000000 -0.000000 -0.000000
0.000000 0.999118 -0.041980
0.000000 0.999118 -0.041980
-0.000000 0.999118 -0.041980
0.000000 -1.000000 0.000000
12
0 0 1 2 0 1 1 1
0 1 3 2 1 2 1 1
0 4 5 6 3 4 4 2
0 5 7 6 4 5 4 2
0 8 9 10 6 7 7 1
0 9 11 10 7 8 7 1
0 12 13 14 9 10 10 2
0 13 15 14 10 11 10 2
0 12 16 6 12 13 13 3
0 16 17 6 13 14 13 3
0 18 13 19 15 15 15 3
0 13 7 19 15 15 15 3
"turrethatch" 0 0
19
0 -1.344079 56.920792 -8.396309 0.000000 1.000000 -1
0 -1.344082 63.030167 -8.396311 0.000000 0.000000 -1
0 -5.315875 56.920792 -1.516970 0.166667 1.000000 -1
0 -5.315875 63.030167 -1.516970 0.166667 0.000000 -1
0 -13.259457 63.030167 -1.516970 0.333333 0.000000 -1
0 -13.259452 56.920792 -1.516968 0.333333 1.000000 -1
0 -17.231245 56.920792 -8.396305 0.500000 1.000000 -1
0 -17.231245 63.030167 -8.396305 0.500000 0.000000 -1
0 -16.080772 63.030167 -15.275658 0.666667 0.000000 -1
0 -16.080769 56.920792 -15.275658 0.666667 1.000000 -1
0 -2.494563 56.920792 -15.275654 0.833333 1.000000 -1
0 -2.494560 63.030167 -15.275660 0.833333 0.000000 -1
0 -1.344082 63.030167 -8.396311 1.000000 0.000000 -1
0 -1.344079 56.920792 -8.396309 1.000000 1.000000 -1
0 -2.494560 63.030167 -15.275660 0.000000 0.000000 -1
0 -16.080772 63.030167 -15.275658 0.000000 0.000000 -1
0 -17.231245 63.030167 -8.396305 0.000000 0.000000 -1
0 -13.259457 63.030167 -1.516970 0.000000 0.000000 -1
0 -5.315875 63.030167 -1.516970 0.000000 0.000000 -1
12
0.984031 0.000001 0.177994
0.769576 0.623197 0.139203
0.500000 0.000000 0.866026
0.433013 0.500000 0.750000
-0.433013 0.500000 0.750000
-0.500000 -0.000000 0.866026
-0.984031 -0.000000 0.177995
-0.523011 0.847060 0.094604
-0.614058 0.311293 -0.725279
-0.646163 -0.000000 -0.763199
0.646163 -0.000000 -0.763199
0.392024 0.794935 -0.463029
16
0 0 1 2 0 1 2 1
0 1 3 2 1 3 2 1
0 2 3 4 2 3 4 1
0 2 4 5 2 4 5 1
0 5 4 6 5 4 6 1
0 4 7 6 4 7 6 1
0 6 7 8 6 7 8 1
0 6 8 9 6 8 9 1
0 9 8 10 9 8 10 1
0 8 11 10 8 11 10 1
0 10 11 12 10 11 1 1
0 10 12 13 10 1 0 1
0 14 15 16 11 8 7 1
0 14 16 1 11 7 1 1
0 1 16 17 1 7 4 1
0 1 17 18 1 4 3 1
"gunbarrel" 0 0
63
0 -8.519478 53.863838 66.635292 0.000000 0.000000 -1
0 -8.195303 53.081196 66.635292 0.000000 0.000000 -1
0 -7.412657 53.863838 66.635292 0.000000 0.000000 -1
0 -8.519478 53.863838 66.635292 0.000000 1.000000 -1
0 -8.519479 53.863838 61.701958 0.000000 0.800000 -1
0 -8.195303 53.081196 66.635292 0.125000 1.000000 -1
0 -8.195302 53.081200 61.701954 0.125000 0.800000 -1
0 -8.185597 53.863838 60.935284 0.000000 0.600000 -1
0 -7.959205 53.317291 60.935295 0.125000 0.600000 -1
0 -8.464146 53.863838 28.668629 0.000000 0.400000 -1
0 -8.156177 53.120327 28.668633 0.125000 0.400000 -1
0 -10.500160 53.863838 19.068640 0.000000 0.200000 -1
0 -9.595851 51.680649 19.068640 0.125000 0.200000 -1
0 -10.500162 53.863838 -0.031363 0.000000 0.000000 -1
0 -9.595854 51.680649 -0.031364 0.125000 0.000000 -1
0 -7.412659 52.757015 66.635277 0.000000 0.000000 -1
0 -7.412654 52.757015 61.701954 0.250000 0.800000 -1
0 -7.412659 52.757015 66.635277 0.250000 1.000000 -1
0 -7.412663 53.090904 60.935295 0.250000 0.600000 -1
0 -7.412661 52.812355 28.668629 0.250000 0.400000 -1
0 -7.412662 50.776337 19.068636 0.250000 0.200000 -1
0 -7.412662 50.776337 -0.031359 0.250000 0.000000 -1
0 -6.630014 53.081196 66.635300 0.000000 0.000000 -1
0 -6.630014 53.081196 66.635300 0.375000 1.000000 -1
0 -6.630012 53.081200 61.701958 0.375000 0.800000 -1
0 -6.866114 53.317291 60.935291 0.375000 0.600000 -1
0 -6.669151 53.120327 28.668633 0.375000 0.400000 -1
0 -5.229469 51.680649 19.068642 0.375000 0.200000 -1
0 -5.229470 51.680649 -0.031364 0.375000 0.000000 -1
0 -6.305830 53.863838 66.635300 0.000000 0.000000 -1
0 -6.305830 53.863838 61.701962 0.500000 0.800000 -1
0 -6.305830 53.863838 66.635300 0.500000 1.000000 -1
0 -6.639718 53.863838 60.935284 0.500000 0.600000 -1
0 -6.361177 53.863838 28.668627 0.500000 0.400000 -1
0 -4.325163 53.863838 19.068640 0.500000 0.200000 -1
0 -4.325163 53.863838 -0.031361 0.500000 0.000000 -1
0 -6.630014 54.646484 66.635300 0.000000 0.000000 -1
0 -6.630014 54.646484 66.635300 0.625000 1.000000 -1
0 -6.630012 54.646481 61.701958 0.625000 0.800000 -1
0 -6.866105 54.410385 60.935295 0.625000 0.600000 -1
0 -6.669151 54.607353 28.668633 0.625000 0.400000 -1
0 -5.229469 56.047028 19.068638 0.625000 0.200000 -1
0 -5.229471 56.047028 -0.031359 0.625000 0.000000 -1
0 -7.412659 54.970665 66.635277 0.000000 0.000000 -1
0 -7.412654 54.970665 61.701954 0.750000 0.800000 -1
0 -7.412659 54.970665 66.635277 0.750000 1.000000 -1
0 -7.412657 54.636772 60.935291 0.750000 0.600000 -1
0 -7.412661 54.915321 28.668629 0.750000 0.400000 -1
0 -7.412660 56.951340 19.068642 0.750000 0.200000 -1
0 -7.412663 56.951340 -0.031363 0.750000 0.000000 -1
0 -8.195303 54.646484 66.635292 0.000000 0.000000 -1
0 -8.195303 54.646484 66.635292 0.875000 1.000000 -1
0 -8.195302 54.646481 61.701954 0.875000 0.800000 -1
0 -7.959204 54.410385 60.935303 0.875000 0.600000 -1
0 -8.156177 54.607353 28.668633 0.875000 0.400000 -1
0 -9.595851 56.047028 19.068634 0.875000 0.200000 -1
0 -9.595855 56.047028 -0.031359 0.875000 0.000000 -1
0 -8.519479 53.863838 61.701958 1.000000 0.800000 -1
0 -8.519478 53.863838 66.635292 1.000000 1.000000 -1
0 -8.185597 53.863838 60.935284 1.000000 0.600000 -1
0 -8.464146 53.863838 28.668629 1.000000 0.400000 -1
0 -10.500160 53.863838 19.068640 1.000000 0.200000 -1
0 -10.500162 53.863838 -0.031363 1.000000 0.000000 -1
57
0.000000 0.000000 1.000000
0.000007 -0.000007 1.000000
-0.000004 -0.000000 1.000000
-1.000000 -0.000001 0.000000
-0.978735 0.000000 -0.205130
-0.707108 -0.707105 -0.000000
-0.692071 -0.692068 -0.205134
-0.979607 0.000002 -0.200925
-0.692685 -0.692687 -0.200930
-0.994069 -0.000000 0.108753
-0.702913 -0.702912 0.108753
-0.994528 0.000000 0.104469
-0.703238 -0.703237 0.104469
-1.000000 -0.000000 0.000000
-0.707107 -0.707106 0.000000
-0.000005 -0.000014 1.000000
-0.000000 -0.978734 -0.205133
-0.000000 -1.000000 -0.000000
-0.000003 -0.979605 -0.200933
0.000000 -0.994069 0.108753
-0.000000 -0.994528 0.104469
-0.000000 -1.000000 0.000000
-0.000015 -0.000005 1.000000
0.707106 -0.707108 -0.000000
0.692070 -0.692068 -0.205134
0.692683 -0.692688 -0.200932
0.702912 -0.702913 0.108754
0.703238 -0.703237 0.104469
0.707107 -0.707106 -0.000000
-0.000007 0.000000 1.000000
0.978735 -0.000002 -0.205131
1.000000 -0.000001 -0.000000
0.979606 -0.000007 -0.200928
0.994069 -0.000002 0.108754
0.994528 0.000000 0.104469
1.000000 0.000000 -0.000000
-0.000015 0.000005 1.000000
0.707107 0.707107 -0.000000
0.692071 0.692068 -0.205132
0.692685 0.692686 -0.200931
0.702911 0.702914 0.108753
0.703238 0.703237 0.104469
0.707107 0.707106 -0.000000
-0.000005 0.000014 1.000000
-0.000000 0.978734 -0.205135
-0.000000 1.000000 -0.000000
-0.000003 0.979605 -0.200934
0.000000 0.994069 0.108753
0.000000 0.994528 0.104469
0.000000 1.000000 0.000000
0.000007 0.000007 1.000000
-0.707109 0.707104 -0.000000
-0.692071 0.692067 -0.205137
-0.692684 0.692687 -0.200932
-0.702912 0.702913 0.108753
-0.703238 0.703237 0.104469
-0.707107 0.707106 0.000000
88
0 0 1 2 0 1 2 2
0 3 4 5 3 4 5 1
0 4 6 5 4 6 5 1
0 4 7 8 4 7 8 1
0 4 8 6 4 8 6 1
0 7 9 8 7 9 8 1
0 9 10 8 9 10 8 1
0 9 11 12 9 11 12 1
0 9 12 10 9 12 10 1
0 11 13 12 11 13 12 1
0 13 14 12 13 14 12 1
0 1 15 2 1 15 2 2
0 5 6 16 5 6 16 1
0 5 16 17 5 16 17 1
0 6 8 16 6 8 16 1
0 8 18 16 8 18 16 1
0 8 10 19 8 10 19 1
0 8 19 18 8 19 18 1
0 10 12 19 10 12 19 1
0 12 20 19 12 20 19 1
0 12 14 21 12 14 21 1
0 12 21 20 12 21 20 1
0 15 22 2 15 22 2 2
0 17 16 23 17 16 23 1
0 16 24 23 16 24 23 1
0 16 18 25 16 18 25 1
0 16 25 24 16 25 24 1
0 18 19 25 18 19 25 1
0 19 26 25 19 26 25 1
0 19 20 27 19 20 27 1
0 19 27 26 19 27 26 1
0 20 21 27 20 21 27 1
0 21 28 27 21 28 27 1
0 22 29 2 22 29 2 2
0 23 24 30 23 24 30 1
0 23 30 31 23 30 31 1
0 24 25 30 24 25 30 1
0 25 32 30 25 32 30 1
0 25 26 33 25 26 33 1
0 25 33 32 25 33 32 1
0 26 27 33 26 27 33 1
0 27 34 33 27 34 33 1
0 27 28 35 27 28 35 1
0 27 35 34 27 35 34 1
0 29 36 2 29 36 2 2
0 31 30 37 31 30 37 1
0 30 38 37 30 38 37 1
0 30 32 39 30 32 39 1
0 30 39 38 30 39 38 1
0 32 33 39 32 33 39 1
0 33 40 39 33 40 39 1
0 33 34 41 33 34 41 1
0 33 41 40 33 41 40 1
0 34 35 41 34 35 41 1
0 35 42 41 35 42 41 1
0 36 43 2 36 43 2 2
0 37 38 44 37 38 44 1
0 37 44 45 37 44 45 1
0 38 39 44 38 39 44 1
0 39 46 44 39 46 44 1
0 39 40 47 39 40 47 1
0 39 47 46 39 47 46 1
0 40 41 47 40 41 47 1
0 41 48 47 41 48 47 1
0 41 42 49 41 42 49 1
0 41 49 48 41 49 48 1
0 43 50 2 43 50 2 2
0 45 44 51 45 44 51 1
0 44 52 51 44 52 51 1
0 44 46 53 44 46 53 1
0 44 53 52 44 53 52 1
0 46 47 53 46 47 53 1
0 47 54 53 47 54 53 1
0 47 48 55 47 48 55 1
0 47 55 54 47 55 54 1
0 48 49 55 48 49 55 1
0 49 56 55 49 56 55 1
0 50 0 2 50 0 2 2
0 51 52 57 51 52 4 1
0 51 57 58 51 4 3 1
0 52 53 57 52 53 4 1
0 53 59 57 53 7 4 1
0 53 54 60 53 54 9 1
0 53 60 59 53 9 7 1
0 54 55 60 54 55 9 1
0 55 61 60 55 11 9 1
0 55 56 62 55 56 13 1
0 55 62 61 55 13 11 1
"gunmissile" 0 0
25
0 21.509165 46.981571 -16.117668 0.000000 1.000000 -1
0 21.509165 46.981571 18.658365 0.000000 0.000000 -1
0 15.905898 47.000633 -16.117668 0.166667 1.000000 -1
0 15.905902 47.000641 18.658363 0.166667 0.000000 -1
0 15.905902 59.902710 18.658363 0.333333 0.000000 -1
0 15.905898 59.902702 -16.117668 0.333333 1.000000 -1
0 21.509165 59.921768 -16.117661 0.500000 1.000000 -1
0 21.509165 59.921768 18.658363 0.500000 0.000000 -1
0 24.436205 57.786949 18.658363 0.666667 0.000000 -1
0 24.436203 57.786942 -16.117668 0.666667 1.000000 -1
0 24.436203 49.116394 -16.117668 0.833333 1.000000 -1
0 24.436205 49.116402 18.658363 0.833333 0.000000 -1
0 21.509165 46.981571 18.658365 1.000000 0.000000 -1
0 21.509165 46.981571 -16.117668 1.000000 1.000000 -1
0 24.436203 57.786942 -16.117668 0.000000 0.000000 -1
0 24.436203 49.116394 -16.117668 0.000000 0.000000 -1
0 21.509165 59.921768 -16.117661 0.000000 0.000000 -1
0 21.509165 46.981571 -16.117668 0.000000 0.000000 -1
0 15.905898 47.000633 -16.117668 0.000000 0.000000 -1
0 15.905898 59.902702 -16.117668 0.000000 0.000000 -1
0 24.436205 49.116402 18.658363 0.000000 0.000000 -1
0 24.436205 57.786949 18.658363 0.000000 0.000000 -1
0 21.509165 59.921768 18.658363 0.000000 0.000000 -1
0 15.905902 59.902710 18.658363 0.000000 0.000000 -1
0 15.905902 47.000641 18.658363 0.000000 0.000000 -1
12
0.212350 -0.655295 -0.724911
0.241980 -0.746732 0.619546
-0.578659 -0.576693 -0.576697
-0.578659 -0.576693 0.576696
-0.578659 0.576693 0.576697
-0.578658 0.576693 -0.576697
0.212349 0.655295 -0.724911
0.164971 0.509088 0.844757
0.858307 0.436339 0.270032
0.777472 0.395245 -0.489202
0.777472 -0.395245 -0.489202
0.593170 -0.301550 0.746469
20
0 0 1 2 0 1 2 1
0 1 3 2 1 3 2 1
0 2 3 4 2 3 4 1
0 2 4 5 2 4 5 1
0 5 4 6 5 4 6 1
0 4 7 6 4 7 6 1
0 6 7 8 6 7 8 1
0 6 8 9 6 8 9 1
0 9 8 10 9 8 10 1
0 8 11 10 8 11 10 1
0 10 11 12 10 11 1 1
0 10 12 13 10 1 0 1
0 14 15 16 9 10 6 1
0 16 15 17 6 10 0 1
0 17 18 16 0 2 6 1
0 16 18 19 6 2 5 1
0 20 21 22 11 8 7 1
0 20 22 1 11 7 1 1
0 1 22 23 1 7 4 1
0 1 23 24 1 4 3 1
"turretmissile" 0 0
16
0 17.670660 57.530510 -13.114698 0.000000 0.000000 -1
0 17.670660 50.030510 -13.114698 0.000000 1.000000 -1
0 -4.496000 57.530510 -13.114698 1.000000 0.000000 -1
0 -4.496000 50.030510 -13.114698 1.000000 1.000000 -1
0 -4.495999 57.530510 9.051964 0.000000 0.000000 -1
0 -4.495999 50.030510 9.051964 0.000000 1.000000 -1
0 17.670660 57.530510 9.051963 1.000000 0.000000 -1
0 17.670660 50.030510 9.051963 1.000000 1.000000 -1
0 17.670660 57.530510 9.051963 0.000000 0.000000 -1
0 17.670660 57.530510 -13.114698 0.000000 1.000000 -1
0 -4.495999 57.530510 9.051964 1.000000 0.000000 -1
0 -4.496000 57.530510 -13.114698 1.000000 1.000000 -1
0 17.670660 50.030510 -13.114698 0.000000 0.000000 -1
0 17.670660 50.030510 9.051963 0.000000 1.000000 -1
0 -4.496000 50.030510 -13.114698 1.000000 0.000000 -1
0 -4.495999 50.030510 9.051964 1.000000 1.000000 -1
4
0.000000 0.000000 -1.000000
0.000000 0.000000 1.000000
0.000000 1.000000 0.000000
0.000000 -1.000000 0.000000
8
0 0 1 2 0 0 0 1
0 1 3 2 0 0 0 1
0 4 5 6 1 1 1 1
0 5 7 6 1 1 1 1
0 8 9 10 2 2 2 3
0 9 11 10 2 2 2 3
0 12 13 14 3 3 3 3
0 13 15 14 3 3 3 3
"gunpivot" 0 0
20
0 -8.119048 54.617714 17.766268 0.000000 0.000000 -1
0 -8.119048 53.617714 17.766268 0.000000 1.000000 -1
0 -6.452382 54.617714 17.766268 1.000000 0.000000 -1
0 -6.452382 53.617714 17.766268 1.000000 1.000000 -1
0 -6.452382 54.617714 17.766268 0.000000 0.000000 -1
0 -6.452382 53.617714 17.766268 0.000000 1.000000 -1
0 -6.452382 54.617714 16.099602 1.000000 0.000000 -1
0 -6.452382 53.617714 16.099602 1.000000 1.000000 -1
0 -6.452382 54.617714 16.099602 0.000000 0.000000 -1
0 -6.452382 53.617714 16.099602 0.000000 1.000000 -1
0 -8.119048 54.617714 16.099602 1.000000 0.000000 -1
0 -8.119048 53.617714 16.099602 1.000000 1.000000 -1
0 -8.119048 54.617714 16.099602 0.000000 0.000000 -1
0 -8.119048 53.617714 16.099602 0.000000 1.000000 -1
0 -8.119048 54.617714 17.766268 1.000000 0.000000 -1
0 -8.119048 53.617714 17.766268 1.000000 1.000000 -1
0 -8.119048 54.617714 17.766268 0.000000 1.000000 -1
0 -6.452382 54.617714 17.766268 1.000000 1.000000 -1
0 -8.119048 53.617714 17.766268 0.000000 0.000000 -1
0 -6.452382 53.617714 17.766268 1.000000 0.000000 -1
6
0.000000 0.000000 1.000000
1.000000 0.000000 0.000000
0.000000 0.000000 -1.000000
-1.000000 0.000000 0.000000
0.000000 1.000000 0.000000
0.000000 -1.000000 0.000000
12
0 0 1 2 0 0 0 1
0 1 3 2 0 0 0 1
0 4 5 6 1 1 1 2
0 5 7 6 1 1 1 2
0 8 9 10 2 2 2 1
0 9 11 10 2 2 2 1
0 12 13 14 3 3 3 2
0 13 15 14 3 3 3 2
0 12 16 6 4 4 4 3
0 16 17 6 4 4 4 3
0 18 13 19 5 5 5 3
0 13 7 19 5 5 5 3
"turretpivot" 0 0
20
0 -6.476190 46.998665 1.766268 0.000000 0.000000 -1
0 -6.476190 44.332001 1.766268 0.000000 1.000000 -1
0 -3.809524 46.998665 1.766268 1.000000 0.000000 -1
0 -3.809524 44.332001 1.766268 1.000000 1.000000 -1
0 -3.809524 46.998665 1.766268 0.000000 0.000000 -1
0 -3.809524 44.332001 1.766268 0.000000 1.000000 -1
0 -3.809524 46.998665 -0.900398 1.000000 0.000000 -1
0 -3.809524 44.332001 -0.900398 1.000000 1.000000 -1
0 -3.809524 46.998665 -0.900398 0.000000 0.000000 -1
0 -3.809524 44.332001 -0.900398 0.000000 1.000000 -1
0 -6.476190 46.998665 -0.900398 1.000000 0.000000 -1
0 -6.476190 44.332001 -0.900398 1.000000 1.000000 -1
0 -6.476190 46.998665 -0.900398 0.000000 0.000000 -1
0 -6.476190 44.332001 -0.900398 0.000000 1.000000 -1
0 -6.476190 46.998665 1.766268 1.000000 0.000000 -1
0 -6.476190 44.332001 1.766268 1.000000 1.000000 -1
0 -6.476190 46.998665 1.766268 0.000000 1.000000 -1
0 -3.809524 46.998665 1.766268 1.000000 1.000000 -1
0 -6.476190 44.332001 1.766268 0.000000 0.000000 -1
0 -3.809524 44.332001 1.766268 1.000000 0.000000 -1
6
0.000000 0.000000 1.000000
1.000000 0.000000 0.000000
0.000000 0.000000 -1.000000
-1.000000 0.000000 0.000000
0.000000 1.000000 0.000000
0.000000 -1.000000 0.000000
12
0 0 1 2 0 0 0 1
0 1 3 2 0 0 0 1
0 4 5 6 1 1 1 2
0 5 7 6 1 1 1 2
0 8 9 10 2 2 2 1
0 9 11 10 2 2 2 1
0 12 13 14 3 3 3 2
0 13 15 14 3 3 3 2
0 12 16 6 4 4 4 3
0 16 17 6 4 4 4 3
0 18 13 19 5 5 5 3
0 13 7 19 5 5 5 3
"armor" 0 0
40
0 32.664299 26.418507 70.479599 0.000000 1.000000 -1
0 31.241220 26.668507 72.867004 0.000000 0.000000 -1
0 32.664303 18.372250 62.316151 0.166667 1.000000 -1
0 31.241220 16.106159 63.134838 0.166667 0.000000 -1
0 31.241209 16.356159 -61.447083 0.333333 0.000000 -1
0 32.664295 18.372250 -59.378387 0.333333 1.000000 -1
0 32.664291 25.168510 -61.041847 0.500000 1.000000 -1
0 31.241207 25.168510 -63.929222 0.500000 0.000000 -1
0 31.241209 34.480865 -65.697067 0.666667 0.000000 -1
0 32.664288 31.964767 -63.378387 0.666667 1.000000 -1
0 32.664303 33.714767 55.566154 0.833333 1.000000 -1
0 31.241224 34.980862 56.384846 0.833333 0.000000 -1
0 31.241220 26.668507 72.867004 1.000000 0.000000 -1
0 32.664299 26.418507 70.479599 1.000000 1.000000 -1
0 32.664288 31.964767 -63.378387 0.000000 0.000000 -1
0 32.664303 33.714767 55.566154 0.000000 0.000000 -1
0 32.664299 26.418507 70.479599 0.000000 0.000000 -1
0 32.664291 25.168510 -61.041847 0.000000 0.000000 -1
0 32.664295 18.372250 -59.378387 0.000000 0.000000 -1
0 32.664303 18.372250 62.316151 0.000000 0.000000 -1
0 -34.061066 18.372250 62.316158 0.166667 1.000000 -1
0 -32.637974 26.668507 72.867004 0.000000 0.000000 -1
0 -34.061058 26.418507 70.479614 0.000000 1.000000 -1
0 -32.637978 16.106159 63.134842 0.166667 0.000000 -1
0 -32.637989 16.356159 -61.447098 0.333333 0.000000 -1
0 -34.061062 18.372250 -59.378387 0.333333 1.000000 -1
0 -34.061062 25.168510 -61.041847 0.500000 1.000000 -1
0 -32.637981 25.168510 -63.929230 0.500000 0.000000 -1
0 -32.637985 34.480865 -65.697083 0.666667 0.000000 -1
0 -34.061069 31.964767 -63.378387 0.666667 1.000000 -1
0 -34.061058 33.714767 55.566151 0.833333 1.000000 -1
0 -32.637974 34.980862 56.384842 0.833333 0.000000 -1
0 -32.637974 26.668507 72.867004 1.000000 0.000000 -1
0 -34.061058 26.418507 70.479614 1.000000 1.000000 -1
0 -34.061058 26.418507 70.479614 0.000000 0.000000 -1
0 -34.061058 33.714767 55.566151 0.000000 0.000000 -1
0 -34.061069 31.964767 -63.378387 0.000000 0.000000 -1
0 -34.061062 25.168510 -61.041847 0.000000 0.000000 -1
0 -34.061062 18.372250 -59.378387 0.000000 0.000000 -1
0 -34.061066 18.372250 62.316158 0.000000 0.000000 -1
24
0.988347 0.032768 0.148651
0.880919 0.124832 0.456508
0.889692 -0.416245 0.187586
0.860415 -0.465082 0.208288
0.902287 -0.356065 -0.243098
0.974668 -0.183738 -0.127528
0.929790 -0.097216 -0.355020
0.892144 -0.103620 -0.439706
0.906416 0.266164 -0.327974
0.979567 0.069580 -0.188701
0.834318 0.534952 0.133190
0.705104 0.691771 0.155824
-0.889691 -0.416246 0.187587
-0.880917 0.124833 0.456511
-0.988347 0.032768 0.148652
-0.860414 -0.465084 0.208289
-0.902288 -0.356063 -0.243095
-0.974668 -0.183737 -0.127526
-0.929791 -0.097217 -0.355018
-0.892145 -0.103619 -0.439704
-0.906416 0.266164 -0.327973
-0.979567 0.069580 -0.188700
-0.834317 0.534954 0.133190
-0.705103 0.691772 0.155825
32
0 0 1 2 0 1 2 1
0 1 3 2 1 3 2 1
0 2 3 4 2 3 4 1
0 2 4 5 2 4 5 1
0 5 4 6 5 4 6 1
0 4 7 6 4 7 6 1
0 6 7 8 6 7 8 1
0 6 8 9 6 8 9 1
0 9 8 10 9 8 10 1
0 8 11 10 8 11 10 1
0 10 11 12 10 11 1 1
0 10 12 13 10 1 0 1
0 14 15 16 9 10 0 1
0 14 16 17 9 0 6 1
0 17 16 18 6 0 5 1
0 18 16 19 5 0 2 1
0 20 21 22 12 13 14 1
0 20 23 21 12 15 13 1
0 24 23 20 16 15 12 1
0 25 24 20 17 16 12 1
0 26 24 25 18 16 17 1
0 26 27 24 18 19 16 1
0 28 27 26 20 19 18 1
0 29 28 26 21 20 18 1
0 30 28 29 22 20 21 1
0 30 31 28 22 23 20 1
0 32 31 30 13 23 22 1
0 33 32 30 14 13 22 1
0 34 35 36 14 22 21 1
0 37 34 36 18 14 21 1
0 38 34 37 17 14 18 1
0 39 34 38 12 14 17 1
"roadWheels" 1 0
300
1 28.481300 8.951664 -3.452730 0.000000 1.000000 -1
1 22.371923 8.951664 -3.452728 0.000000 0.000000 -1
1 28.481298 2.072330 -7.424522 0.166667 1.000000 -1
1 22.371925 2.072330 -7.424519 0.166667 0.000000 -1
1 22.371923 2.072330 -15.368101 0.333333 0.000000 -1
1 28.481295 2.072330 -15.368099 0.333333 1.000000 -1
1 28.481298 8.951664 -19.339890 0.500000 1.000000 -1
1 22.371927 8.951664 -19.339897 0.500000 0.000000 -1
1 22.371923 15.831013 -15.368101 0.666667 0.000000 -1
1 28.481295 15.831013 -15.368099 0.666667 1.000000 -1
1 28.481298 15.831013 -7.424522 0.833333 1.000000 -1
1 22.371925 15.831013 -7.424519 0.833333 0.000000 -1
1 22.371923 8.951664 -3.452728 1.000000 0.000000 -1
1 28.481300 8.951664 -3.452730 1.000000 1.000000 -1
1 28.481295 15.831013 -15.368099 0.000000 0.000000 -1
1 28.481298 15.831013 -7.424522 0.000000 0.000000 -1
1 28.481298 8.951664 -19.339890 0.000000 0.000000 -1
1 28.481300 8.951664 -3.452730 0.000000 0.000000 -1
1 28.481298 2.072330 -7.424522 0.000000 0.000000 -1
1 28.481295 2.072330 -15.368099 0.000000 0.000000 -1
1 22.371925 15.831013 -7.424519 0.000000 0.000000 -1
1 22.371923 15.831013 -15.368101 0.000000 0.000000 -1
1 22.371927 8.951664 -19.339897 0.000000 0.000000 -1
1 22.371923 2.072330 -15.368101 0.000000 0.000000 -1
1 22.371925 2.072330 -7.424519 0.000000 0.000000 -1
1 28.481297 8.951664 -19.786057 0.000000 1.000000 -1
1 22.371927 8.951664 -19.786057 0.000000 0.000000 -1
1 28.481297 2.072330 -23.757851 0.166667 1.000000 -1
1 22.371922 2.072330 -23.757851 0.166667 0.000000 -1
1 22.371925 2.072330 -31.701435 0.333333 0.000000 -1
1 28.481298 2.072330 -31.701435 0.333333 1.000000 -1
1 28.481295 8.951664 -35.673225 0.500000 1.000000 -1
1 22.371922 8.951664 -35.673225 0.500000 0.000000 -1
1 22.371925 15.831013 -31.701435 0.666667 0.000000 -1
1 28.481298 15.831013 -31.701435 0.666667 1.000000 -1
1 28.481297 15.831013 -23.757851 0.833333 1.000000 -1
1 22.371922 15.831013 -23.757851 0.833333 0.000000 -1
1 22.371927 8.951664 -19.786057 1.000000 0.000000 -1
1 28.481297 8.951664 -19.786057 1.000000 1.000000 -1
1 28.481298 15.831013 -31.701435 0.000000 0.000000 -1
1 28.481297 15.831013 -23.757851 0.000000 0.000000 -1
1 28.481295 8.951664 -35.673225 0.000000 0.000000 -1
1 28.481297 8.951664 -19.786057 0.000000 0.000000 -1
1 28.481297 2.072330 -23.757851 0.000000 0.000000 -1
1 28.481298 2.072330 -31.701435 0.000000 0.000000 -1
1 22.371922 15.831013 -23.757851 0.000000 0.000000 -1
1 22.371925 15.831013 -31.701435 0.000000 0.000000 -1
1 22.371922 8.951664 -35.673225 0.000000 0.000000 -1
1 22.371925 2.072330 -31.701435 0.000000 0.000000 -1
1 22.371922 2.072330 -23.757851 0.000000 0.000000 -1
1 28.481297 8.951664 -37.119389 0.000000 1.000000 -1
1 22.371922 8.951664 -37.119392 0.000000 0.000000 -1
1 28.481300 2.072330 -41.091183 0.166667 1.000000 -1
1 22.371923 2.072330 -41.091171 0.166667 0.000000 -1
1 22.371925 2.072330 -49.034760 0.333333 0.000000 -1
1 28.481298 2.072330 -49.034752 0.333333 1.000000 -1
1 28.481298 8.951664 -53.006561 0.500000 1.000000 -1
1 22.371929 8.951664 -53.006561 0.500000 0.000000 -1
1 22.371925 15.831013 -49.034760 0.666667 0.000000 -1
1 28.481298 15.831013 -49.034752 0.666667 1.000000 -1
1 28.481300 15.831013 -41.091183 0.833333 1.000000 -1
1 22.371923 15.831013 -41.091171 0.833333 0.000000 -1
1 22.371922 8.951664 -37.119392 1.000000 0.000000 -1
1 28.481297 8.951664 -37.119389 1.000000 1.000000 -1
1 28.481298 15.831013 -49.034752 0.000000 0.000000 -1
1 28.481300 15.831013 -41.091183 0.000000 0.000000 -1
1 28.481298 8.951664 -53.006561 0.000000 0.000000 -1
1 28.481297 8.951664 -37.119389 0.000000 0.000000 -1
1 28.481300 2.072330 -41.091183 0.000000 0.000000 -1
1 28.481298 2.072330 -49.034752 0.000000 0.000000 -1
1 22.371923 15.831013 -41.091171 0.000000 0.000000 -1
1 22.371925 15.831013 -49.034760 0.000000 0.000000 -1
1 22.371929 8.951664 -53.006561 0.000000 0.000000 -1
1 22.371925 2.072330 -49.034760 0.000000 0.000000 -1
1 22.371923 2.072330 -41.091171 0.000000 0.000000 -1
1 28.481300 8.951664 18.880598 0.000000 1.000000 -1
1 22.371927 8.951664 18.880596 0.000000 0.000000 -1
1 28.481298 2.072330 14.908802 0.166667 1.000000 -1
1 22.371923 2.072330 14.908804 0.166667 0.000000 -1
1 22.371927 2.072330 6.965231 0.333333 0.000000 -1
1 28.481300 2.072330 6.965231 0.333333 1.000000 -1
1 28.481298 8.951664 2.993428 0.500000 1.000000 -1
1 22.371923 8.951664 2.993429 0.500000 0.000000 -1
1 22.371927 15.831013 6.965231 0.666667 0.000000 -1
1 28.481300 15.831013 6.965231 0.666667 1.000000 -1
1 28.481298 15.831013 14.908802 0.833333 1.000000 -1
1 22.371923 15.831013 14.908804 0.833333 0.000000 -1
1 22.371927 8.951664 18.880596 1.000000 0.000000 -1
1 28.481300 8.951664 18.880598 1.000000 1.000000 -1
1 28.481300 15.831013 6.965231 0.000000 0.000000 -1
1 28.481298 15.831013 14.908802 0.000000 0.000000 -1
1 28.481298 8.951664 2.993428 0.000000 0.000000 -1
1 28.481300 8.951664 18.880598 0.000000 0.000000 -1
1 28.481298 2.072330 14.908802 0.000000 0.000000 -1
1 28.481300 2.072330 6.965231 0.000000 0.000000 -1
1 22.371923 15.831013 14.908804 0.000000 0.000000 -1
1 22.371927 15.831013 6.965231 0.000000 0.000000 -1
1 22.371923 8.951664 2.993429 0.000000 0.000000 -1
1 22.371927 2.072330 6.965231 0.000000 0.000000 -1
1 22.371923 2.072330 14.908804 0.000000 0.000000 -1
1 28.481300 8.951664 36.213913 0.000000 1.000000 -1
1 22.371935 8.951664 36.213924 0.000000 0.000000 -1
1 28.481302 2.072330 32.242130 0.166667 1.000000 -1
1 22.371931 2.072330 32.242134 0.166667 0.000000 -1
1 22.371929 2.072330 24.298563 0.333333 0.000000 -1
1 28.481304 2.072330 24.298561 0.333333 1.000000 -1
1 28.481304 8.951664 20.326763 0.500000 1.000000 -1
1 22.371927 8.951664 20.326759 0.500000 0.000000 -1
1 22.371929 15.831013 24.298563 0.666667 0.000000 -1
1 28.481304 15.831013 24.298561 0.666667 1.000000 -1
1 28.481302 15.831013 32.242130 0.833333 1.000000 -1
1 22.371931 15.831013 32.242134 0.833333 0.000000 -1
1 22.371935 8.951664 36.213924 1.000000 0.000000 -1
1 28.481300 8.951664 36.213913 1.000000 1.000000 -1
1 28.481304 15.831013 24.298561 0.000000 0.000000 -1
1 28.481302 15.831013 32.242130 0.000000 0.000000 -1
1 28.481304 8.951664 20.326763 0.000000 0.000000 -1
1 28.481300 8.951664 36.213913 0.000000 0.000000 -1
1 28.481302 2.072330 32.242130 0.000000 0.000000 -1
1 28.481304 2.072330 24.298561 0.000000 0.000000 -1
1 22.371931 15.831013 32.242134 0.000000 0.000000 -1
1 22.371929 15.831013 24.298563 0.000000 0.000000 -1
1 22.371927 8.951664 20.326759 0.000000 0.000000 -1
1 22.371929 2.072330 24.298563 0.000000 0.000000 -1
1 22.371931 2.072330 32.242134 0.000000 0.000000 -1
1 28.481306 8.951664 53.213913 0.000000 1.000000 -1
1 22.371929 8.951664 53.213913 0.000000 0.000000 -1
1 28.481304 2.072330 49.242123 0.166667 1.000000 -1
1 22.371937 2.072330 49.242126 0.166667 0.000000 -1
1 22.371933 2.072330 41.298553 0.333333 0.000000 -1
1 28.481304 2.072330 41.298561 0.333333 1.000000 -1
1 28.481304 8.951664 37.326759 0.500000 1.000000 -1
1 22.371933 8.951664 37.326759 0.500000 0.000000 -1
1 22.371933 15.831013 41.298553 0.666667 0.000000 -1
1 28.481304 15.831013 41.298561 0.666667 1.000000 -1
1 28.481304 15.831013 49.242123 0.833333 1.000000 -1
1 22.371937 15.831013 49.242126 0.833333 0.000000 -1
1 22.371929 8.951664 53.213913 1.000000 0.000000 -1
1 28.481306 8.951664 53.213913 1.000000 1.000000 -1
1 28.481304 15.831013 41.298561 0.000000 0.000000 -1
1 28.481304 15.831013 49.242123 0.000000 0.000000 -1
1 28.481304 8.951664 37.326759 0.000000 0.000000 -1
1 28.481306 8.951664 53.213913 0.000000 0.000000 -1
1 28.481304 2.072330 49.242123 0.000000 0.000000 -1
1 28.481304 2.072330 41.298561 0.000000 0.000000 -1
1 22.371937 15.831013 49.242126 0.000000 0.000000 -1
1 22.371933 15.831013 41.298553 0.000000 0.000000 -1
1 22.371933 8.951664 37.326759 0.000000 0.000000 -1
1 22.371933 2.072330 41.298553 0.000000 0.000000 -1
1 22.371937 2.072330 49.242126 0.000000 0.000000 -1
1 -29.878059 2.072330 -7.424517 0.166667 1.000000 -1
1 -23.768688 8.951664 -3.452723 0.000000 0.000000 -1
1 -29.878067 8.951664 -3.452726 0.000000 1.000000 -1
1 -23.768690 2.072330 -7.424519 0.166667 0.000000 -1
1 -23.768690 2.072330 -15.368099 0.333333 0.000000 -1
1 -29.878063 2.072330 -15.368099 0.333333 1.000000 -1
1 -29.878067 8.951664 -19.339890 0.500000 1.000000 -1
1 -23.768690 8.951664 -19.339890 0.500000 0.000000 -1
1 -23.768690 15.831013 -15.368099 0.666667 0.000000 -1
1 -29.878063 15.831013 -15.368099 0.666667 1.000000 -1
1 -29.878059 15.831013 -7.424517 0.833333 1.000000 -1
1 -23.768690 15.831013 -7.424519 0.833333 0.000000 -1
1 -23.768688 8.951664 -3.452723 1.000000 0.000000 -1
1 -29.878067 8.951664 -3.452726 1.000000 1.000000 -1
1 -29.878067 8.951664 -19.339890 0.000000 0.000000 -1
1 -29.878059 15.831013 -7.424517 0.000000 0.000000 -1
1 -29.878063 15.831013 -15.368099 0.000000 0.000000 -1
1 -29.878067 8.951664 -3.452726 0.000000 0.000000 -1
1 -29.878059 2.072330 -7.424517 0.000000 0.000000 -1
1 -29.878063 2.072330 -15.368099 0.000000 0.000000 -1
1 -23.768690 8.951664 -19.339890 0.000000 0.000000 -1
1 -23.768690 15.831013 -15.368099 0.000000 0.000000 -1
1 -23.768690 15.831013 -7.424519 0.000000 0.000000 -1
1 -23.768690 2.072330 -15.368099 0.000000 0.000000 -1
1 -23.768690 2.072330 -7.424519 0.000000 0.000000 -1
1 -29.878061 2.072330 -23.757847 0.166667 1.000000 -1
1 -23.768688 8.951664 -19.786053 0.000000 0.000000 -1
1 -29.878057 8.951664 -19.786049 0.000000 1.000000 -1
1 -23.768684 2.072330 -23.757847 0.166667 0.000000 -1
1 -23.768690 2.072330 -31.701427 0.333333 0.000000 -1
1 -29.878059 2.072330 -31.701424 0.333333 1.000000 -1
1 -29.878059 8.951664 -35.673222 0.500000 1.000000 -1
1 -23.768692 8.951664 -35.673225 0.500000 0.000000 -1
1 -23.768690 15.831013 -31.701427 0.666667 0.000000 -1
1 -29.878059 15.831013 -31.701424 0.666667 1.000000 -1
1 -29.878061 15.831013 -23.757847 0.833333 1.000000 -1
1 -23.768684 15.831013 -23.757847 0.833333 0.000000 -1
1 -23.768688 8.951664 -19.786053 1.000000 0.000000 -1
1 -29.878057 8.951664 -19.786049 1.000000 1.000000 -1
1 -29.878059 8.951664 -35.673222 0.000000 0.000000 -1
1 -29.878061 15.831013 -23.757847 0.000000 0.000000 -1
1 -29.878059 15.831013 -31.701424 0.000000 0.000000 -1
1 -29.878057 8.951664 -19.786049 0.000000 0.000000 -1
1 -29.878061 2.072330 -23.757847 0.000000 0.000000 -1
1 -29.878059 2.072330 -31.701424 0.000000 0.000000 -1
1 -23.768692 8.951664 -35.673225 0.000000 0.000000 -1
1 -23.768690 15.831013 -31.701427 0.000000 0.000000 -1
1 -23.768684 15.831013 -23.757847 0.000000 0.000000 -1
1 -23.768690 2.072330 -31.701427 0.000000 0.000000 -1
1 -23.768684 2.072330 -23.757847 0.000000 0.000000 -1
1 -29.878063 2.072330 -41.091175 0.166667 1.000000 -1
1 -23.768686 8.951664 -37.119385 0.000000 0.000000 -1
1 -29.878065 8.951664 -37.119385 0.000000 1.000000 -1
1 -23.768694 2.072330 -41.091179 0.166667 0.000000 -1
1 -23.768696 2.072330 -49.034760 0.333333 0.000000 -1
1 -29.878067 2.072330 -49.034760 0.333333 1.000000 -1
1 -29.878067 8.951664 -53.006554 0.500000 1.000000 -1
1 -23.768686 8.951664 -53.006561 0.500000 0.000000 -1
1 -23.768696 15.831013 -49.034760 0.666667 0.000000 -1
1 -29.878067 15.831013 -49.034760 0.666667 1.000000 -1
1 -29.878063 15.831013 -41.091175 0.833333 1.000000 -1
1 -23.768694 15.831013 -41.091179 0.833333 0.000000 -1
1 -23.768686 8.951664 -37.119385 1.000000 0.000000 -1
1 -29.878065 8.951664 -37.119385 1.000000 1.000000 -1
1 -29.878067 8.951664 -53.006554 0.000000 0.000000 -1
1 -29.878063 15.831013 -41.091175 0.000000 0.000000 -1
1 -29.878067 15.831013 -49.034760 0.000000 0.000000 -1
1 -29.878065 8.951664 -37.119385 0.000000 0.000000 -1
1 -29.878063 2.072330 -41.091175 0.000000 0.000000 -1
1 -29.878067 2.072330 -49.034760 0.000000 0.000000 -1
1 -23.768686 8.951664 -53.006561 0.000000 0.000000 -1
1 -23.768696 15.831013 -49.034760 0.000000 0.000000 -1
1 -23.768694 15.831013 -41.091179 0.000000 0.000000 -1
1 -23.768696 2.072330 -49.034760 0.000000 0.000000 -1
1 -23.768694 2.072330 -41.091179 0.000000 0.000000 -1
1 -29.878061 2.072330 14.908806 0.166667 1.000000 -1
1 -23.768688 8.951664 18.880598 0.000000 0.000000 -1
1 -29.878067 8.951664 18.880598 0.000000 1.000000 -1
1 -23.768690 2.072330 14.908804 0.166667 0.000000 -1
1 -23.768690 2.072330 6.965231 0.333333 0.000000 -1
1 -29.878063 2.072330 6.965233 0.333333 1.000000 -1
1 -29.878063 8.951664 2.993431 0.500000 1.000000 -1
1 -23.768692 8.951664 2.993434 0.500000 0.000000 -1
1 -23.768690 15.831013 6.965231 0.666667 0.000000 -1
1 -29.878063 15.831013 6.965233 0.666667 1.000000 -1
1 -29.878061 15.831013 14.908806 0.833333 1.000000 -1
1 -23.768690 15.831013 14.908804 0.833333 0.000000 -1
1 -23.768688 8.951664 18.880598 1.000000 0.000000 -1
1 -29.878067 8.951664 18.880598 1.000000 1.000000 -1
1 -29.878063 8.951664 2.993431 0.000000 0.000000 -1
1 -29.878061 15.831013 14.908806 0.000000 0.000000 -1
1 -29.878063 15.831013 6.965233 0.000000 0.000000 -1
1 -29.878067 8.951664 18.880598 0.000000 0.000000 -1
1 -29.878061 2.072330 14.908806 0.000000 0.000000 -1
1 -29.878063 2.072330 6.965233 0.000000 0.000000 -1
1 -23.768692 8.951664 2.993434 0.000000 0.000000 -1
1 -23.768690 15.831013 6.965231 0.000000 0.000000 -1
1 -23.768690 15.831013 14.908804 0.000000 0.000000 -1
1 -23.768690 2.072330 6.965231 0.000000 0.000000 -1
1 -23.768690 2.072330 14.908804 0.000000 0.000000 -1
1 -29.878063 2.072330 32.242134 0.166667 1.000000 -1
1 -23.768688 8.951664 36.213913 0.000000 0.000000 -1
1 -29.878063 8.951664 36.213913 0.000000 1.000000 -1
1 -23.768688 2.072330 32.242134 0.166667 0.000000 -1
1 -23.768684 2.072330 24.298559 0.333333 0.000000 -1
1 -29.878065 2.072330 24.298563 0.333333 1.000000 -1
1 -29.878065 8.951664 20.326759 0.500000 1.000000 -1
1 -23.768688 8.951664 20.326763 0.500000 0.000000 -1
1 -23.768684 15.831013 24.298559 0.666667 0.000000 -1
1 -29.878065 15.831013 24.298563 0.666667 1.000000 -1
1 -29.878063 15.831013 32.242134 0.833333 1.000000 -1
1 -23.768688 15.831013 32.242134 0.833333 0.000000 -1
1 -23.768688 8.951664 36.213913 1.000000 0.000000 -1
1 -29.878063 8.951664 36.213913 1.000000 1.000000 -1
1 -29.878065 8.951664 20.326759 0.000000 0.000000 -1
1 -29.878063 15.831013 32.242134 0.000000 0.000000 -1
1 -29.878065 15.831013 24.298563 0.000000 0.000000 -1
1 -29.878063 8.951664 36.213913 0.000000 0.000000 -1
1 -29.878063 2.072330 32.242134 0.000000 0.000000 -1
1 -29.878065 2.072330 24.298563 0.000000 0.000000 -1
1 -23.768688 8.951664 20.326763 0.000000 0.000000 -1
1 -23.768684 15.831013 24.298559 0.000000 0.000000 -1
1 -23.768688 15.831013 32.242134 0.000000 0.000000 -1
1 -23.768684 2.072330 24.298559 0.000000 0.000000 -1
1 -23.768688 2.072330 32.242134 0.000000 0.000000 -1
1 -29.878065 2.072330 49.242130 0.166667 1.000000 -1
1 -23.768690 8.951664 53.213913 0.000000 0.000000 -1
1 -29.878061 8.951664 53.213909 0.000000 1.000000 -1
1 -23.768688 2.072330 49.242126 0.166667 0.000000 -1
1 -23.768686 2.072330 41.298553 0.333333 0.000000 -1
1 -29.878063 2.072330 41.298561 0.333333 1.000000 -1
1 -29.878063 8.951664 37.326759 0.500000 1.000000 -1
1 -23.768686 8.951664 37.326759 0.500000 0.000000 -1
1 -23.768686 15.831013 41.298553 0.666667 0.000000 -1
1 -29.878063 15.831013 41.298561 0.666667 1.000000 -1
1 -29.878065 15.831013 49.242130 0.833333 1.000000 -1
1 -23.768688 15.831013 49.242126 0.833333 0.000000 -1
1 -23.768690 8.951664 53.213913 1.000000 0.000000 -1
1 -29.878061 8.951664 53.213909 1.000000 1.000000 -1
1 -29.878063 8.951664 37.326759 0.000000 0.000000 -1
1 -29.878065 15.831013 49.242130 0.000000 0.000000 -1
1 -29.878063 15.831013 41.298561 0.000000 0.000000 -1
1 -29.878061 8.951664 53.213909 0.000000 0.000000 -1
1 -29.878065 2.072330 49.242130 0.000000 0.000000 -1
1 -29.878063 2.072330 41.298561 0.000000 0.000000 -1
1 -23.768686 8.951664 37.326759 0.000000 0.000000 -1
1 -23.768686 15.831013 41.298553 0.000000 0.000000 -1
1 -23.768688 15.831013 49.242126 0.000000 0.000000 -1
1 -23.768686 2.072330 41.298553 0.000000 0.000000 -1
1 -23.768688 2.072330 49.242126 0.000000 0.000000 -1
143
0.755929 -0.000000 0.654653
-0.654654 -0.000000 0.755929
0.500000 -0.750000 0.433012
-0.500000 -0.750000 0.433013
-0.500000 -0.750000 -0.433012
0.500000 -0.750000 -0.433013
0.755929 -0.000000 -0.654653
-0.866025 -0.000000 -0.500000
-0.277350 0.832050 -0.480385
0.500000 0.750000 -0.433013
0.500000 0.750000 0.433013
-0.755929 0.566947 0.327327
0.755929 -0.000000 0.654653
-0.654654 -0.000000 0.755929
0.500000 -0.750000 0.433012
-0.500000 -0.750000 0.433012
-0.500000 -0.750000 -0.433013
0.500000 -0.750000 -0.433013
0.755929 -0.000000 -0.654654
-0.866025 -0.000000 -0.500000
-0.277350 0.832050 -0.480385
0.500000 0.750000 -0.433013
0.500000 0.750000 0.433013
-0.755929 0.566947 0.327327
0.755929 -0.000000 0.654654
-0.654653 -0.000000 0.755929
0.500000 -0.750000 0.433013
-0.499999 -0.750000 0.433013
-0.500000 -0.750001 -0.433012
0.500000 -0.750000 -0.433012
0.755929 -0.000000 -0.654653
-0.866025 -0.000000 -0.500000
-0.277350 0.832051 -0.480384
0.500000 0.750000 -0.433012
0.500000 0.750000 0.433013
-0.755929 0.566947 0.327327
0.755929 -0.000000 0.654654
-0.654654 -0.000000 0.755929
0.500000 -0.750000 0.433012
-0.500000 -0.750000 0.433012
-0.500000 -0.750000 -0.433012
0.500000 -0.750000 -0.433012
0.755929 -0.000000 -0.654653
-0.866026 -0.000000 -0.500000
-0.277350 0.832051 -0.480384
0.500000 0.750000 -0.433012
0.500000 0.750000 0.433013
-0.755929 0.566947 0.327327
0.755929 -0.000000 0.654653
-0.654653 -0.000000 0.755930
0.500000 -0.750000 0.433013
-0.500000 -0.750000 0.433013
-0.500000 -0.750000 -0.433012
0.500000 -0.750000 -0.433012
0.755929 -0.000000 -0.654653
-0.866026 -0.000000 -0.500000
-0.277350 0.832051 -0.480384
0.500000 0.750000 -0.433013
0.500001 0.749999 0.433013
-0.755929 0.566947 0.327327
0.755929 -0.000000 0.654654
-0.654653 -0.000000 0.755929
0.500000 -0.750000 0.433013
-0.499999 -0.750000 0.433013
-0.499999 -0.750001 -0.433012
0.500000 -0.750000 -0.433012
0.755929 -0.000000 -0.654653
-0.866025 -0.000000 -0.500000
-0.277350 0.832051 -0.480384
0.500000 0.750000 -0.433012
0.500000 0.750000 0.433013
-0.755929 0.566947 0.327327
-0.500000 -0.750000 0.433012
0.654654 -0.000000 0.755929
-0.755929 -0.000000 0.654653
0.500000 -0.750000 0.433012
0.500000 -0.750000 -0.433013
-0.500000 -0.750000 -0.433012
-0.755929 -0.000000 -0.654654
0.866025 -0.000000 -0.500000
0.277350 0.832050 -0.480385
-0.500000 0.750000 -0.433013
-0.500000 0.750000 0.433013
0.755929 0.566947 0.327327
-0.500000 -0.750000 0.433012
0.654654 -0.000000 0.755929
-0.755929 -0.000000 0.654654
0.500000 -0.750000 0.433012
0.500000 -0.750000 -0.433013
-0.500000 -0.750000 -0.433012
-0.755929 -0.000000 -0.654653
0.866025 -0.000000 -0.500000
0.277350 0.832050 -0.480384
-0.500000 0.750000 -0.433013
-0.500000 0.750000 0.433013
0.755929 0.566947 0.327327
-0.500000 -0.750000 0.433013
0.654654 -0.000001 0.755929
-0.755929 -0.000000 0.654654
0.500000 -0.750000 0.433012
0.499999 -0.750001 -0.433012
-0.500000 -0.750000 -0.433012
-0.755929 -0.000000 -0.654653
0.866025 0.000000 -0.500000
0.277350 0.832051 -0.480384
-0.500000 0.750000 0.433013
0.755929 0.566947 0.327327
-0.500000 -0.750000 0.433012
0.654654 -0.000000 0.755929
-0.755929 -0.000000 0.654653
0.500000 -0.750000 0.433012
0.500000 -0.750000 -0.433012
-0.500000 -0.750000 -0.433012
-0.755929 -0.000000 -0.654653
0.866026 -0.000000 -0.500000
0.277350 0.832050 -0.480384
-0.500000 0.750000 -0.433012
-0.500000 0.750000 0.433013
0.755929 0.566947 0.327327
-0.500000 -0.750000 0.433013
0.654653 -0.000000 0.755929
-0.755929 -0.000000 0.654654
0.500000 -0.750000 0.433013
0.500000 -0.750000 -0.433012
-0.500000 -0.750000 -0.433012
-0.755929 -0.000000 -0.654653
0.866026 -0.000000 -0.500000
0.277350 0.832050 -0.480384
-0.500000 0.750000 -0.433012
-0.500000 0.750000 0.433013
0.755929 0.566946 0.327327
-0.500000 -0.750000 0.433013
0.654653 -0.000000 0.755929
-0.755929 -0.000000 0.654654
0.500000 -0.750000 0.433013
0.500000 -0.750000 -0.433012
-0.500000 -0.750000 -0.433012
-0.755929 -0.000000 -0.654653
0.866026 -0.000000 -0.500000
0.277350 0.832051 -0.480384
-0.500000 0.750000 -0.433012
-0.500000 0.750000 0.433013
0.755929 0.566946 0.327327
240
1 0 1 2 0 1 2 1
1 1 3 2 1 3 2 1
1 2 3 4 2 3 4 1
1 2 4 5 2 4 5 1
1 5 4 6 5 4 6 1
1 4 7 6 4 7 6 1
1 6 7 8 6 7 8 1
1 6 8 9 6 8 9 1
1 9 8 10 9 8 10 1
1 8 11 10 8 11 10 1
1 10 11 12 10 11 1 1
1 10 12 13 10 1 0 1
1 14 15 16 9 10 6 1
1 16 15 17 6 10 0 1
1 17 18 16 0 2 6 1
1 16 18 19 6 2 5 1
1 20 21 22 11 8 7 1
1 20 22 1 11 7 1 1
1 1 22 23 1 7 4 1
1 1 23 24 1 4 3 1
1 25 26 27 12 13 14 1
1 26 28 27 13 15 14 1
1 27 28 29 14 15 16 1
1 27 29 30 14 16 17 1
1 30 29 31 17 16 18 1
1 29 32 31 16 19 18 1
1 31 32 33 18 19 20 1
1 31 33 34 18 20 21 1
1 34 33 35 21 20 22 1
1 33 36 35 20 23 22 1
1 35 36 37 22 23 13 1
1 35 37 38 22 13 12 1
1 39 40 41 21 22 18 1
1 41 40 42 18 22 12 1
1 42 43 41 12 14 18 1
1 41 43 44 18 14 17 1
1 45 46 47 23 20 19 1
1 45 47 26 23 19 13 1
1 26 47 48 13 19 16 1
1 26 48 49 13 16 15 1
1 50 51 52 24 25 26 1
1 51 53 52 25 27 26 1
1 52 53 54 26 27 28 1
1 52 54 55 26 28 29 1
1 55 54 56 29 28 30 1
1 54 57 56 28 31 30 1
1 56 57 58 30 31 32 1
1 56 58 59 30 32 33 1
1 59 58 60 33 32 34 1
1 58 61 60 32 35 34 1
1 60 61 62 34 35 25 1
1 60 62 63 34 25 24 1
1 64 65 66 33 34 30 1
1 66 65 67 30 34 24 1
1 67 68 66 24 26 30 1
1 66 68 69 30 26 29 1
1 70 71 72 35 32 31 1
1 70 72 51 35 31 25 1
1 51 72 73 25 31 28 1
1 51 73 74 25 28 27 1
1 75 76 77 36 37 38 1
1 76 78 77 37 39 38 1
1 77 78 79 38 39 40 1
1 77 79 80 38 40 41 1
1 80 79 81 41 40 42 1
1 79 82 81 40 43 42 1
1 81 82 83 42 43 44 1
1 81 83 84 42 44 45 1
1 84 83 85 45 44 46 1
1 83 86 85 44 47 46 1
1 85 86 87 46 47 37 1
1 85 87 88 46 37 36 1
1 89 90 91 45 46 42 1
1 91 90 92 42 46 36 1
1 92 93 91 36 38 42 1
1 91 93 94 42 38 41 1
1 95 96 97 47 44 43 1
1 95 97 76 47 43 37 1
1 76 97 98 37 43 40 1
1 76 98 99 37 40 39 1
1 100 101 102 48 49 50 1
1 101 103 102 49 51 50 1
1 102 103 104 50 51 52 1
1 102 104 105 50 52 53 1
1 105 104 106 53 52 54 1
1 104 107 106 52 55 54 1
1 106 107 108 54 55 56 1
1 106 108 109 54 56 57 1
1 109 108 110 57 56 58 1
1 108 111 110 56 59 58 1
1 110 111 112 58 59 49 1
1 110 112 113 58 49 48 1
1 114 115 116 57 58 54 1
1 116 115 117 54 58 48 1
1 117 118 116 48 50 54 1
1 116 118 119 54 50 53 1
1 120 121 122 59 56 55 1
1 120 122 101 59 55 49 1
1 101 122 123 49 55 52 1
1 101 123 124 49 52 51 1
1 125 126 127 60 61 62 1
1 126 128 127 61 63 62 1
1 127 128 129 62 63 64 1
1 127 129 130 62 64 65 1
1 130 129 131 65 64 66 1
1 129 132 131 64 67 66 1
1 131 132 133 66 67 68 1
1 131 133 134 66 68 69 1
1 134 133 135 69 68 70 1
1 133 136 135 68 71 70 1
1 135 136 137 70 71 61 1
1 135 137 138 70 61 60 1
1 139 140 141 69 70 66 1
1 141 140 142 66 70 60 1
1 142 143 141 60 62 66 1
1 141 143 144 66 62 65 1
1 145 146 147 71 68 67 1
1 145 147 126 71 67 61 1
1 126 147 148 61 67 64 1
1 126 148 149 61 64 63 1
1 150 151 152 72 73 74 1
1 150 153 151 72 75 73 1
1 154 153 150 76 75 72 1
1 155 154 150 77 76 72 1
1 156 154 155 78 76 77 1
1 156 157 154 78 79 76 1
1 158 157 156 80 79 78 1
1 159 158 156 81 80 78 1
1 160 158 159 82 80 81 1
1 160 161 158 82 83 80 1
1 162 161 160 73 83 82 1
1 163 162 160 74 73 82 1
1 164 165 166 78 82 81 1
1 167 165 164 74 82 78 1
1 164 168 167 78 72 74 1
1 169 168 164 77 72 78 1
1 170 171 172 79 80 83 1
1 151 170 172 73 79 83 1
1 173 170 151 76 79 73 1
1 174 173 151 75 76 73 1
1 175 176 177 84 85 86 1
1 175 178 176 84 87 85 1
1 179 178 175 88 87 84 1
1 180 179 175 89 88 84 1
1 181 179 180 90 88 89 1
1 181 182 179 90 91 88 1
1 183 182 181 92 91 90 1
1 184 183 181 93 92 90 1
1 185 183 184 94 92 93 1
1 185 186 183 94 95 92 1
1 187 186 185 85 95 94 1
1 188 187 185 86 85 94 1
1 189 190 191 90 94 93 1
1 192 190 189 86 94 90 1
1 189 193 192 90 84 86 1
1 194 193 189 89 84 90 1
1 195 196 197 91 92 95 1
1 176 195 197 85 91 95 1
1 198 195 176 88 91 85 1
1 199 198 176 87 88 85 1
1 200 201 202 96 97 98 1
1 200 203 201 96 99 97 1
1 204 203 200 100 99 96 1
1 205 204 200 101 100 96 1
1 206 204 205 102 100 101 1
1 206 207 204 102 103 100 1
1 208 207 206 104 103 102 1
1 209 208 206 93 104 102 1
1 210 208 209 105 104 93 1
1 210 211 208 105 106 104 1
1 212 211 210 97 106 105 1
1 213 212 210 98 97 105 1
1 214 215 216 102 105 93 1
1 217 215 214 98 105 102 1
1 214 218 217 102 96 98 1
1 219 218 214 101 96 102 1
1 220 221 222 103 104 106 1
1 201 220 222 97 103 106 1
1 223 220 201 100 103 97 1
1 224 223 201 99 100 97 1
1 225 226 227 107 108 109 1
1 225 228 226 107 110 108 1
1 229 228 225 111 110 107 1
1 230 229 225 112 111 107 1
1 231 229 230 113 111 112 1
1 231 232 229 113 114 111 1
1 233 232 231 115 114 113 1
1 234 233 231 116 115 113 1
1 235 233 234 117 115 116 1
1 235 236 233 117 118 115 1
1 237 236 235 108 118 117 1
1 238 237 235 109 108 117 1
1 239 240 241 113 117 116 1
1 242 240 239 109 117 113 1
1 239 243 242 113 107 109 1
1 244 243 239 112 107 113 1
1 245 246 247 114 115 118 1
1 226 245 247 108 114 118 1
1 248 245 226 111 114 108 1
1 249 248 226 110 111 108 1
1 250 251 252 119 120 121 1
1 250 253 251 119 122 120 1
1 254 253 250 123 122 119 1
1 255 254 250 124 123 119 1
1 256 254 255 125 123 124 1
1 256 257 254 125 126 123 1
1 258 257 256 127 126 125 1
1 259 258 256 128 127 125 1
1 260 258 259 129 127 128 1
1 260 261 258 129 130 127 1
1 262 261 260 120 130 129 1
1 263 262 260 121 120 129 1
1 264 265 266 125 129 128 1
1 267 265 264 121 129 125 1
1 264 268 267 125 119 121 1
1 269 268 264 124 119 125 1
1 270 271 272 126 127 130 1
1 251 270 272 120 126 130 1
1 273 270 251 123 126 120 1
1 274 273 251 122 123 120 1
1 275 276 277 131 132 133 1
1 275 278 276 131 134 132 1
1 279 278 275 135 134 131 1
1 280 279 275 136 135 131 1
1 281 279 280 137 135 136 1
1 281 282 279 137 138 135 1
1 283 282 281 139 138 137 1
1 284 283 281 140 139 137 1
1 285 283 284 141 139 140 1
1 285 286 283 141 142 139 1
1 287 286 285 132 142 141 1
1 288 287 285 133 132 141 1
1 289 290 291 137 141 140 1
1 292 290 289 133 141 137 1
1 289 293 292 137 131 133 1
1 294 293 289 136 131 137 1
1 295 296 297 138 139 142 1
1 276 295 297 132 138 142 1
1 298 295 276 135 138 132 1
1 299 298 276 134 135 132 1

Materials: 2
"Material01"
0.200000 0.200000 0.200000 1.000000
0.800000 0.800000 0.800000 1.000000
0.000000 0.000000 0.000000 1.000000
0.000000 0.000000 0.000000 1.000000
0.000000
1.000000
".\tan.bmp"
""
"Material03"
0.200000 0.200000 0.200000 1.000000
0.800000 0.800000 0.800000 1.000000
0.000000 0.000000 0.000000 1.000000
0.000000 0.000000 0.000000 1.000000
0.000000
1.000000
".\chrome.bmp"
""

Bones: 0
