// MilkShape 3D ASCII

Frames: 30
Frame: 1

Meshes: 2
"Regroup02" 1 1
196
1 -7.225035 15.982897 -10.076599 0.000000 0.000000 -1
1 -8.658892 15.982897 -8.642743 0.000000 0.000000 -1
1 -6.995735 16.803152 -9.463102 0.000000 0.000000 -1
1 -6.995735 16.803152 -9.463102 0.083333 0.000000 -1
1 -0.602551 10.240591 -3.069917 0.083333 0.166667 -1
1 -7.212077 17.403616 -8.629786 0.166667 0.000000 -1
1 -7.212077 17.403616 -8.629786 0.000000 0.000000 -1
1 -7.816091 17.623392 -7.799943 0.000000 0.000000 -1
1 -7.816091 17.623392 -7.799943 0.250000 0.000000 -1
1 -1.422909 11.060846 -1.406763 0.250000 0.166667 -1
1 -8.645934 17.403616 -7.195934 0.000000 0.000000 -1
1 -8.645934 17.403616 -7.195934 0.333333 0.000000 -1
1 -9.479247 16.803152 -6.979591 0.416667 0.000000 -1
1 -3.086064 10.240591 -0.586406 0.416667 0.166667 -1
1 -9.479247 16.803152 -6.979591 0.000000 0.000000 -1
1 -10.092745 15.982897 -7.208889 0.000000 0.000000 -1
1 -10.092745 15.982897 -7.208889 0.500000 0.000000 -1
1 -10.322051 15.162642 -7.822393 0.000000 0.000000 -1
1 -10.322051 15.162642 -7.822393 0.583333 0.000000 -1
1 -3.928867 8.600086 -1.429210 0.583333 0.166667 -1
1 -10.105707 14.562174 -8.655705 0.666667 0.000000 -1
1 -10.105707 14.562174 -8.655705 0.000000 0.000000 -1
1 -9.501692 14.342379 -9.485546 0.000000 0.000000 -1
1 -9.501692 14.342379 -9.485546 0.750000 0.000000 -1
1 -3.108511 7.779838 -3.092366 0.750000 0.166667 -1
1 -8.671850 14.562174 -10.089562 0.000000 0.000000 -1
1 -8.671850 14.562174 -10.089562 0.833333 0.000000 -1
1 -7.838539 15.162642 -10.305905 0.916667 0.000000 -1
1 -1.445356 8.600086 -3.912723 0.916667 0.166667 -1
1 -7.838539 15.162642 -10.305905 0.000000 0.000000 -1
1 -7.225035 15.982897 -10.076599 1.000000 0.000000 -1
1 -8.554751 15.827620 -8.538608 0.000000 0.000000 -1
1 -6.836862 16.263525 -8.982032 0.083333 0.166667 -1
1 -7.036417 15.549677 -9.515944 0.000000 0.166667 -1
1 -8.554751 15.827620 -8.538608 0.166667 0.000000 -1
1 -7.550794 16.977369 -7.534649 0.250000 0.166667 -1
1 -7.025136 16.786093 -8.256827 0.166667 0.166667 -1
1 -8.554751 15.827620 -8.538608 0.250000 0.000000 -1
1 -8.272974 16.786093 -7.008993 0.333333 0.166667 -1
1 -8.554751 15.827620 -8.538608 0.416667 0.000000 -1
1 -9.532090 15.549677 -7.020273 0.500000 0.166667 -1
1 -8.998178 16.263525 -6.820716 0.416667 0.166667 -1
1 -8.554751 15.827620 -8.538608 0.500000 0.000000 -1
1 -9.731639 14.835844 -7.554179 0.583333 0.166667 -1
1 -8.554751 15.827620 -8.538608 0.666667 0.000000 -1
1 -9.017714 14.122004 -9.001569 0.750000 0.166667 -1
1 -9.543363 14.313276 -8.279382 0.666667 0.166667 -1
1 -8.554751 15.827620 -8.538608 0.750000 0.000000 -1
1 -8.295528 14.313276 -9.527221 0.833333 0.166667 -1
1 -8.554751 15.827620 -8.538608 0.916667 0.000000 -1
1 -7.036417 15.549677 -9.515944 1.000000 0.166667 -1
1 -7.570323 14.835844 -9.715493 0.916667 0.166667 -1
1 -1.225776 9.639631 -3.705303 0.000000 0.833333 -1
1 -2.349753 11.733088 -6.656241 0.000000 0.666667 -1
1 -2.004116 12.969492 -5.731481 0.083333 0.666667 -1
1 -2.330223 13.874609 -4.475394 0.166667 0.666667 -1
1 -1.214500 10.876047 -2.446191 0.166667 0.833333 -1
1 -3.240679 14.205904 -3.224535 0.250000 0.666667 -1
1 -4.491539 13.874609 -2.314077 0.333333 0.666667 -1
1 -2.462337 10.876047 -1.198355 0.333333 0.833333 -1
1 -5.747624 12.969492 -1.987970 0.416667 0.666667 -1
1 -6.672385 11.733088 -2.333606 0.500000 0.666667 -1
1 -3.721448 9.639631 -1.209630 0.500000 0.833333 -1
1 -7.018018 10.496687 -3.258366 0.583333 0.666667 -1
1 -6.691916 9.591566 -4.514455 0.666667 0.666667 -1
1 -3.732726 8.403229 -2.468744 0.666667 0.833333 -1
1 -5.781463 9.260279 -5.765316 0.750000 0.666667 -1
1 -4.530601 9.591566 -6.675773 0.833333 0.666667 -1
1 -2.484890 8.403229 -3.716580 0.833333 0.833333 -1
1 -3.274509 10.496687 -7.001873 0.916667 0.666667 -1
1 -2.349753 11.733088 -6.656241 1.000000 0.666667 -1
1 -1.225776 9.639631 -3.705303 1.000000 0.833333 -1
1 -3.024920 12.770369 -8.000121 0.000000 0.500000 -1
1 -2.625818 14.198038 -6.932303 0.083333 0.500000 -1
1 -3.002368 15.243174 -5.481895 0.166667 0.500000 -1
1 -4.053674 15.625719 -4.037529 0.250000 0.500000 -1
1 -5.498041 15.243174 -2.986222 0.333333 0.500000 -1
1 -6.948452 14.198038 -2.609674 0.416667 0.500000 -1
1 -8.016264 12.770369 -3.008776 0.500000 0.500000 -1
1 -8.415369 11.342684 -4.076592 0.583333 0.500000 -1
1 -8.038820 10.297548 -5.527002 0.666667 0.500000 -1
1 -6.987511 9.915003 -6.971368 0.750000 0.500000 -1
1 -5.543146 10.297548 -8.022673 0.833333 0.500000 -1
1 -4.092738 11.342684 -8.399227 0.916667 0.500000 -1
1 -3.024920 12.770369 -8.000121 1.000000 0.500000 -1
1 -5.231153 14.693689 -9.537640 0.000000 0.333333 -1
1 -4.885520 15.930094 -8.612884 0.083333 0.333333 -1
1 -5.211624 16.835207 -7.356796 0.166667 0.333333 -1
1 -6.122080 17.166491 -6.105933 0.250000 0.333333 -1
1 -7.372938 16.835207 -5.195476 0.333333 0.333333 -1
1 -8.629030 15.930094 -4.869372 0.416667 0.333333 -1
1 -9.553788 14.693689 -5.215010 0.500000 0.333333 -1
1 -9.899421 13.457285 -6.139764 0.583333 0.333333 -1
1 -9.573317 12.552179 -7.395855 0.666667 0.333333 -1
1 -8.662864 12.220881 -8.646717 0.750000 0.333333 -1
1 -7.412003 12.552179 -9.557174 0.833333 0.333333 -1
1 -6.155912 13.457285 -9.883274 0.916667 0.333333 -1
1 -5.231153 14.693689 -9.537640 1.000000 0.333333 -1
1 9.988580 -0.676256 7.521215 0.000000 0.000000 -1
1 8.797375 -1.981434 8.813522 0.000000 0.000000 -1
1 9.761455 -1.498739 6.909885 0.000000 0.000000 -1
1 3.599676 5.894604 1.132309 0.083333 0.166667 -1
1 9.988580 -0.676256 7.521215 0.083333 0.000000 -1
1 9.772239 -0.075789 8.354530 0.166667 0.000000 -1
1 9.168227 0.144001 9.184374 0.000000 0.000000 -1
1 9.772239 -0.075789 8.354530 0.000000 0.000000 -1
1 2.779320 6.714856 2.795466 0.250000 0.166667 -1
1 9.168227 0.144001 9.184374 0.250000 0.000000 -1
1 8.338383 -0.075789 9.788386 0.000000 0.000000 -1
1 8.338383 -0.075789 9.788386 0.333333 0.000000 -1
1 1.116163 5.894604 3.615821 0.416667 0.166667 -1
1 7.505068 -0.676256 10.004724 0.416667 0.000000 -1
1 6.894366 -1.499387 9.778226 0.000000 0.000000 -1
1 7.505068 -0.676256 10.004724 0.000000 0.000000 -1
1 6.894366 -1.499387 9.778226 0.500000 0.000000 -1
1 6.662268 -2.316763 9.161926 0.000000 0.000000 -1
1 0.273363 4.254097 2.773021 0.583333 0.166667 -1
1 6.662268 -2.316763 9.161926 0.583333 0.000000 -1
1 6.878609 -2.917234 8.328612 0.666667 0.000000 -1
1 7.482622 -3.137014 7.498769 0.000000 0.000000 -1
1 6.878609 -2.917234 8.328612 0.000000 0.000000 -1
1 1.093719 3.433842 1.109865 0.750000 0.166667 -1
1 7.482622 -3.137014 7.498769 0.750000 0.000000 -1
1 8.312465 -2.917234 6.894755 0.000000 0.000000 -1
1 8.312465 -2.917234 6.894755 0.833333 0.000000 -1
1 2.756875 4.254097 0.289508 0.916667 0.166667 -1
1 9.145781 -2.316763 6.678416 0.916667 0.000000 -1
1 9.145781 -2.316763 6.678416 0.000000 0.000000 -1
1 9.761455 -1.498739 6.909885 1.000000 0.000000 -1
1 9.166161 -1.126483 6.686632 0.000000 0.166667 -1
1 9.365712 -0.412648 7.220542 0.083333 0.166667 -1
1 8.188823 -1.404422 8.204968 0.000000 0.000000 -1
1 9.177438 0.109919 7.945748 0.166667 0.166667 -1
1 8.651785 0.301190 8.667932 0.250000 0.166667 -1
1 8.188823 -1.404422 8.204968 0.166667 0.000000 -1
1 7.929603 0.109919 9.193587 0.333333 0.166667 -1
1 8.188823 -1.404422 8.204968 0.250000 0.000000 -1
1 7.204394 -0.412648 9.381855 0.416667 0.166667 -1
1 6.670486 -1.126483 9.182305 0.500000 0.166667 -1
1 8.188823 -1.404422 8.204968 0.416667 0.000000 -1
1 6.470932 -1.840327 8.648396 0.583333 0.166667 -1
1 8.188823 -1.404422 8.204968 0.500000 0.000000 -1
1 6.659212 -2.362893 7.923193 0.666667 0.166667 -1
1 7.184862 -2.554167 7.201007 0.750000 0.166667 -1
1 8.188823 -1.404422 8.204968 0.666667 0.000000 -1
1 7.907050 -2.362893 6.675360 0.833333 0.166667 -1
1 8.188823 -1.404422 8.204968 0.750000 0.000000 -1
1 8.632250 -1.840327 6.487081 0.916667 0.166667 -1
1 9.166161 -1.126483 6.686632 1.000000 0.166667 -1
1 8.188823 -1.404422 8.204968 0.916667 0.000000 -1
1 6.692649 4.005429 2.965286 0.083333 0.666667 -1
1 6.347015 2.769026 2.040530 0.000000 0.666667 -1
1 3.396075 4.862488 0.916547 0.000000 0.833333 -1
1 3.407351 6.098892 2.175661 0.166667 0.833333 -1
1 6.366549 4.910545 4.221379 0.166667 0.666667 -1
1 5.456089 5.241837 5.472236 0.250000 0.666667 -1
1 2.159515 6.098892 3.423498 0.333333 0.833333 -1
1 4.205232 4.910545 6.382693 0.333333 0.666667 -1
1 2.949140 4.005429 6.708794 0.416667 0.666667 -1
1 0.900401 4.862488 3.412220 0.500000 0.833333 -1
1 2.024384 2.769026 6.363163 0.500000 0.666667 -1
1 1.678748 1.532621 5.438404 0.583333 0.666667 -1
1 0.889124 3.626080 2.153107 0.666667 0.833333 -1
1 2.004850 0.627509 4.182311 0.666667 0.666667 -1
1 2.915308 0.296218 2.931454 0.750000 0.666667 -1
1 2.136961 3.626080 0.905270 0.833333 0.833333 -1
1 4.166168 0.627509 2.020997 0.833333 0.666667 -1
1 5.422259 1.532621 1.694895 0.916667 0.666667 -1
1 3.396075 4.862488 0.916547 1.000000 0.833333 -1
1 6.347015 2.769026 2.040530 1.000000 0.666667 -1
1 7.690892 1.731752 2.715694 0.000000 0.500000 -1
1 8.089999 3.159435 3.783514 0.083333 0.500000 -1
1 7.713449 4.204566 5.233924 0.166667 0.500000 -1
1 6.662144 4.587112 6.678291 0.250000 0.500000 -1
1 5.217777 4.204566 7.729596 0.333333 0.500000 -1
1 3.767367 3.159435 8.106145 0.416667 0.500000 -1
1 2.699550 1.731752 7.707042 0.500000 0.500000 -1
1 2.300447 0.304077 6.639224 0.583333 0.500000 -1
1 2.676998 -0.741057 5.188817 0.666667 0.500000 -1
1 3.728301 -1.123601 3.744447 0.750000 0.500000 -1
1 5.172669 -0.741057 2.693143 0.833333 0.500000 -1
1 6.623078 0.304077 2.316592 0.916667 0.500000 -1
1 7.690892 1.731752 2.715694 1.000000 0.500000 -1
1 9.574043 1.044841 5.846683 0.083333 0.333333 -1
1 9.228405 -0.191567 4.921923 0.000000 0.333333 -1
1 9.247940 1.949955 7.102770 0.166667 0.333333 -1
1 8.337485 2.281246 8.353632 0.250000 0.333333 -1
1 7.086621 1.949955 9.264084 0.333333 0.333333 -1
1 5.830535 1.044841 9.590192 0.416667 0.333333 -1
1 4.905777 -0.191567 9.244555 0.500000 0.333333 -1
1 4.560142 -1.427972 8.319798 0.583333 0.333333 -1
1 4.886247 -2.333082 7.063709 0.666667 0.333333 -1
1 5.796701 -2.664377 5.812848 0.750000 0.333333 -1
1 7.047563 -2.333082 4.902393 0.833333 0.333333 -1
1 8.303653 -1.427972 4.576291 0.916667 0.333333 -1
1 9.228405 -0.191567 4.921923 1.000000 0.333333 -1
160
-0.572061 0.587786 -0.572061
-0.572061 0.587786 -0.572061
-0.572062 0.587783 -0.572063
0.707107 0.000000 -0.707107
0.820054 0.404644 -0.404690
0.713267 0.700865 0.006166
-0.572063 0.587789 -0.572056
-0.572059 0.587789 -0.572061
0.415362 0.809288 0.415364
-0.572054 0.587789 -0.572066
0.006165 0.700865 0.713268
-0.404690 0.404644 0.820054
-0.572063 0.587783 -0.572063
-0.572061 0.587786 -0.572061
-0.707106 0.000001 0.707107
-0.572059 0.587790 -0.572059
-0.820054 -0.404643 0.404691
-0.713270 -0.700863 -0.006160
-0.572058 0.587784 -0.572066
-0.572062 0.587784 -0.572062
-0.415363 -0.809288 -0.415363
-0.572066 0.587784 -0.572058
-0.006160 -0.700863 -0.713270
0.404692 -0.404643 -0.820054
-0.572059 0.587789 -0.572060
-0.572062 0.587784 -0.572062
0.050498 0.694746 -0.717480
-0.013225 0.461734 -0.886920
-0.268599 0.925045 -0.268600
0.048638 0.911531 -0.408346
-0.408346 0.911531 0.048638
-0.886920 0.461734 -0.013226
-0.717480 0.694746 0.050497
-0.957934 0.224692 -0.178541
-0.705950 0.057207 -0.705947
-0.900263 -0.063998 -0.430617
-0.430618 -0.063997 -0.900263
-0.178539 0.224692 -0.957934
0.859791 -0.200424 -0.469669
0.846229 -0.176461 -0.502751
0.949690 0.219171 -0.223724
0.852324 0.491852 0.177834
0.865798 0.458219 0.201068
0.562087 0.606727 0.562087
0.177835 0.491852 0.852324
0.201068 0.458219 0.865798
-0.223724 0.219172 0.949690
-0.502752 -0.176461 0.846228
-0.469669 -0.200425 0.859791
-0.621931 -0.555938 0.551484
-0.508846 -0.844771 0.165645
-0.475675 -0.859064 0.189056
-0.234328 -0.943494 -0.234328
0.165645 -0.844771 -0.508846
0.189056 -0.859064 -0.475674
0.551484 -0.555938 -0.621931
0.739769 -0.034836 -0.671959
0.852649 0.368961 -0.369943
0.746147 0.664561 0.040284
0.448800 0.772759 0.448800
0.040284 0.664561 0.746147
-0.369944 0.368960 0.852649
-0.671959 -0.034837 0.739769
-0.784839 -0.438634 0.437754
-0.678338 -0.734234 0.027526
-0.380991 -0.842432 -0.380992
0.027526 -0.734234 -0.678338
0.437753 -0.438634 -0.784839
0.407864 0.242191 -0.880335
0.506998 0.612470 -0.606493
0.407330 0.882623 -0.234646
0.136065 0.981312 0.136064
-0.234645 0.882623 0.407330
-0.606493 0.612470 0.506998
-0.880335 0.242191 0.407864
-0.982278 -0.129535 0.135466
-0.883975 -0.402577 -0.237740
-0.611261 -0.502714 -0.611260
-0.237739 -0.402578 -0.883975
0.135467 -0.129534 -0.982278
0.834395 -0.458154 0.306400
0.572150 -0.587786 0.571972
0.795653 -0.544805 0.264808
0.820317 0.404375 -0.404426
0.707107 0.000001 -0.707106
0.713725 0.700395 0.006616
0.686515 -0.239570 0.686515
0.754083 -0.238358 0.612000
0.415890 0.808747 0.415889
0.612000 -0.238358 0.754083
0.006615 0.700394 0.713726
-0.404427 0.404373 0.820317
0.265213 -0.544907 0.795449
0.307141 -0.457497 0.834482
-0.707106 0.000001 0.707107
0.220387 -0.626365 0.747728
-0.820317 -0.404373 0.404428
-0.713724 -0.700395 -0.006618
0.373253 -0.849332 0.373253
0.300328 -0.845035 0.442401
-0.415890 -0.808747 -0.415890
0.442402 -0.845035 0.300328
-0.006618 -0.700395 -0.713724
0.404428 -0.404373 -0.820317
0.748368 -0.625605 0.220373
0.886443 -0.462663 0.012749
0.954259 -0.233858 0.186282
0.572061 -0.587786 0.572061
0.897072 0.039774 0.440091
0.705094 -0.075415 0.705092
0.440091 0.039773 0.897072
0.186282 -0.233859 0.954258
0.012750 -0.462662 0.886443
-0.062996 -0.694842 0.716398
-0.072225 -0.914792 0.397415
0.256622 -0.931821 0.256623
0.397416 -0.914792 -0.072225
0.716398 -0.694842 -0.062996
0.621931 0.555939 -0.551483
0.502751 0.176460 -0.846229
0.469670 0.200423 -0.859791
0.475676 0.859064 -0.189055
0.508846 0.844771 -0.165644
0.234327 0.943494 0.234328
-0.189055 0.859064 0.475676
-0.165645 0.844771 0.508846
-0.551483 0.555939 0.621931
-0.859791 0.200423 0.469670
-0.846229 0.176461 0.502751
-0.949690 -0.219171 0.223724
-0.865798 -0.458219 -0.201069
-0.852324 -0.491852 -0.177835
-0.562087 -0.606726 -0.562087
-0.201068 -0.458219 -0.865798
-0.177835 -0.491852 -0.852324
0.223724 -0.219171 -0.949690
0.671959 0.034837 -0.739769
0.784839 0.438634 -0.437753
0.678338 0.734234 -0.027526
0.380991 0.842432 0.380991
-0.027526 0.734235 0.678338
-0.437753 0.438635 0.784838
-0.739769 0.034837 0.671959
-0.852649 -0.368961 0.369943
-0.746147 -0.664561 -0.040283
-0.448802 -0.772758 -0.448801
-0.040284 -0.664561 -0.746147
0.369943 -0.368961 -0.852649
0.984003 0.122353 -0.129487
0.879974 -0.242895 -0.408226
0.887871 0.388874 0.245891
0.617885 0.486246 0.617885
0.245890 0.388876 0.887870
-0.129486 0.122353 0.984004
-0.408225 -0.242896 0.879974
-0.515144 -0.609508 0.602600
-0.420535 -0.878755 0.225699
-0.149184 -0.977491 -0.149184
0.225699 -0.878755 -0.420535
0.602601 -0.609508 -0.515144
224
1 0 1 2 0 1 2 2
1 0 3 4 3 4 4 1
1 4 3 5 4 4 5 1
1 6 1 7 6 1 7 2
1 5 8 9 5 8 8 1
1 7 1 10 7 1 9 2
1 9 8 11 8 8 10 1
1 11 12 13 10 11 11 1
1 14 1 15 12 1 13 2
1 13 12 16 11 11 14 1
1 15 1 17 13 1 15 2
1 16 18 19 14 16 16 1
1 19 18 20 16 16 17 1
1 21 1 22 18 1 19 2
1 20 23 24 17 20 20 1
1 22 1 25 19 1 21 2
1 24 23 26 20 20 22 1
1 26 27 28 22 23 23 1
1 29 1 0 24 1 0 2
1 28 27 30 23 23 3 1
1 31 32 33 25 26 27 1
1 34 35 36 25 28 29 1
1 37 38 35 25 30 28 1
1 39 40 41 25 31 32 1
1 42 43 40 25 33 31 1
1 44 45 46 25 34 35 1
1 47 48 45 25 36 34 1
1 49 50 51 25 27 37 1
1 52 53 54 38 39 40 1
1 54 55 56 40 41 42 1
1 56 55 57 42 41 43 1
1 57 58 59 43 44 45 1
1 59 58 60 45 44 46 1
1 60 61 62 46 47 48 1
1 62 61 63 48 47 49 1
1 63 64 65 49 50 51 1
1 65 64 66 51 50 52 1
1 66 67 68 52 53 54 1
1 68 67 69 54 53 55 1
1 69 70 71 55 39 38 1
1 53 72 54 39 56 40 1
1 72 73 54 56 57 40 1
1 54 73 74 40 57 58 1
1 54 74 55 40 58 41 1
1 55 74 57 41 58 43 1
1 74 75 57 58 59 43 1
1 57 75 76 43 59 60 1
1 57 76 58 43 60 44 1
1 58 76 60 44 60 46 1
1 76 77 60 60 61 46 1
1 60 77 78 46 61 62 1
1 60 78 61 46 62 47 1
1 61 78 63 47 62 49 1
1 78 79 63 62 63 49 1
1 63 79 80 49 63 64 1
1 63 80 64 49 64 50 1
1 64 80 66 50 64 52 1
1 80 81 66 64 65 52 1
1 66 81 82 52 65 66 1
1 66 82 67 52 66 53 1
1 67 82 69 53 66 55 1
1 82 83 69 66 67 55 1
1 69 83 84 55 67 56 1
1 69 84 70 55 56 39 1
1 72 85 86 56 68 69 1
1 72 86 73 56 69 57 1
1 73 86 74 57 69 58 1
1 86 87 74 69 70 58 1
1 74 87 88 58 70 71 1
1 74 88 75 58 71 59 1
1 75 88 76 59 71 60 1
1 88 89 76 71 72 60 1
1 76 89 90 60 72 73 1
1 76 90 77 60 73 61 1
1 77 90 78 61 73 62 1
1 90 91 78 73 74 62 1
1 78 91 92 62 74 75 1
1 78 92 79 62 75 63 1
1 79 92 80 63 75 64 1
1 92 93 80 75 76 64 1
1 80 93 94 64 76 77 1
1 80 94 81 64 77 65 1
1 81 94 82 65 77 66 1
1 94 95 82 77 78 66 1
1 82 95 96 66 78 79 1
1 82 96 83 66 79 67 1
1 83 96 84 67 79 56 1
1 96 97 84 79 68 56 1
1 85 33 86 68 27 69 1
1 33 32 86 27 26 69 1
1 86 32 36 69 26 29 1
1 86 36 87 69 29 70 1
1 87 36 88 70 29 71 1
1 36 35 88 29 28 71 1
1 88 35 38 71 28 30 1
1 88 38 89 71 30 72 1
1 89 38 90 72 30 73 1
1 38 41 90 30 32 73 1
1 90 41 40 73 32 31 1
1 90 40 91 73 31 74 1
1 91 40 92 74 31 75 1
1 40 43 92 31 33 75 1
1 92 43 46 75 33 35 1
1 92 46 93 75 35 76 1
1 93 46 94 76 35 77 1
1 46 45 94 35 34 77 1
1 94 45 48 77 34 36 1
1 94 48 95 77 36 78 1
1 95 48 96 78 36 79 1
1 48 51 96 36 37 79 1
1 96 51 50 79 37 27 1
1 96 50 97 79 27 68 1
1 98 99 100 80 81 82 2
1 101 102 100 83 83 84 1
1 103 102 101 85 83 83 1
1 104 99 105 86 81 87 2
1 106 107 103 88 88 85 1
1 108 99 104 89 81 86 2
1 109 107 106 90 88 88 1
1 110 111 109 91 91 90 1
1 112 99 113 92 81 93 2
1 114 111 110 94 91 91 1
1 115 99 112 95 81 92 2
1 116 117 114 96 96 94 1
1 118 117 116 97 96 96 1
1 119 99 120 98 81 99 2
1 121 122 118 100 100 97 1
1 123 99 119 101 81 98 2
1 124 122 121 102 100 100 1
1 125 126 124 103 103 102 1
1 100 99 127 82 81 104 2
1 128 126 125 84 103 103 1
1 129 130 131 105 106 107 1
1 132 133 134 108 109 107 1
1 133 135 136 109 110 107 1
1 137 138 139 111 112 107 1
1 138 140 141 112 113 107 1
1 142 143 144 114 115 107 1
1 143 145 146 115 116 107 1
1 147 148 149 117 105 107 1
1 150 151 152 118 119 120 1
1 153 154 150 121 122 118 1
1 155 154 153 123 122 121 1
1 156 157 155 124 125 123 1
1 158 157 156 126 125 124 1
1 159 160 158 127 128 126 1
1 161 160 159 129 128 127 1
1 162 163 161 130 131 129 1
1 164 163 162 132 131 130 1
1 165 166 164 133 134 132 1
1 167 166 165 135 134 133 1
1 168 169 167 120 119 135 1
1 150 170 151 118 136 119 1
1 150 171 170 118 137 136 1
1 172 171 150 138 137 118 1
1 154 172 150 122 138 118 1
1 155 172 154 123 138 122 1
1 155 173 172 123 139 138 1
1 174 173 155 140 139 123 1
1 157 174 155 125 140 123 1
1 158 174 157 126 140 125 1
1 158 175 174 126 141 140 1
1 176 175 158 142 141 126 1
1 160 176 158 128 142 126 1
1 161 176 160 129 142 128 1
1 161 177 176 129 143 142 1
1 178 177 161 144 143 129 1
1 163 178 161 131 144 129 1
1 164 178 163 132 144 131 1
1 164 179 178 132 145 144 1
1 180 179 164 146 145 132 1
1 166 180 164 134 146 132 1
1 167 180 166 135 146 134 1
1 167 181 180 135 147 146 1
1 182 181 167 136 147 135 1
1 169 182 167 119 136 135 1
1 183 184 170 148 149 136 1
1 171 183 170 137 148 136 1
1 172 183 171 138 148 137 1
1 172 185 183 138 150 148 1
1 186 185 172 151 150 138 1
1 173 186 172 139 151 138 1
1 174 186 173 140 151 139 1
1 174 187 186 140 152 151 1
1 188 187 174 153 152 140 1
1 175 188 174 141 153 140 1
1 176 188 175 142 153 141 1
1 176 189 188 142 154 153 1
1 190 189 176 155 154 142 1
1 177 190 176 143 155 142 1
1 178 190 177 144 155 143 1
1 178 191 190 144 156 155 1
1 192 191 178 157 156 144 1
1 179 192 178 145 157 144 1
1 180 192 179 146 157 145 1
1 180 193 192 146 158 157 1
1 194 193 180 159 158 146 1
1 181 194 180 147 159 146 1
1 182 194 181 136 159 147 1
1 182 195 194 136 149 159 1
1 183 129 184 148 105 149 1
1 183 130 129 148 106 105 1
1 132 130 183 108 106 148 1
1 185 132 183 150 108 148 1
1 186 132 185 151 108 150 1
1 186 133 132 151 109 108 1
1 135 133 186 110 109 151 1
1 187 135 186 152 110 151 1
1 188 135 187 153 110 152 1
1 188 137 135 153 111 110 1
1 138 137 188 112 111 153 1
1 189 138 188 154 112 153 1
1 190 138 189 155 112 154 1
1 190 140 138 155 113 112 1
1 142 140 190 114 113 155 1
1 191 142 190 156 114 155 1
1 192 142 191 157 114 156 1
1 192 143 142 157 115 114 1
1 145 143 192 116 115 157 1
1 193 145 192 158 116 157 1
1 194 145 193 159 116 158 1
1 194 147 145 159 117 116 1
1 148 147 194 105 117 159 1
1 195 148 194 149 105 159 1
"Regroup12" 1 0
229
1 -8.645934 17.403616 -7.195934 0.000000 0.000000 -1
1 -8.658892 15.982897 -8.642743 0.000000 0.000000 -1
1 -9.479247 16.803152 -6.979591 0.000000 0.000000 -1
1 -8.554751 15.827620 -8.538608 0.333333 0.000000 -1
1 -8.998178 16.263525 -6.820716 0.416667 0.166667 -1
1 -8.272974 16.786093 -7.008993 0.333333 0.166667 -1
1 7.505068 -0.676256 10.004724 0.000000 0.000000 -1
1 8.797375 -1.981434 8.813522 0.000000 0.000000 -1
1 8.338383 -0.075789 9.788386 0.000000 0.000000 -1
1 7.929603 0.109919 9.193587 0.333333 0.166667 -1
1 7.204394 -0.412648 9.381855 0.416667 0.166667 -1
1 8.188823 -1.404422 8.204968 0.333333 0.000000 -1
1 -8.671850 14.562174 -10.089562 0.000000 0.000000 -1
1 -7.838539 15.162642 -10.305905 0.000000 0.000000 -1
1 -8.554751 15.827620 -8.538608 0.833333 0.000000 -1
1 -7.570323 14.835844 -9.715493 0.916667 0.166667 -1
1 -8.295528 14.313276 -9.527221 0.833333 0.166667 -1
1 9.145781 -2.316763 6.678416 0.000000 0.000000 -1
1 8.312465 -2.917234 6.894755 0.000000 0.000000 -1
1 7.907050 -2.362893 6.675360 0.833333 0.166667 -1
1 8.632250 -1.840327 6.487081 0.916667 0.166667 -1
1 8.188823 -1.404422 8.204968 0.833333 0.000000 -1
1 -10.322051 15.162642 -7.822393 0.000000 0.000000 -1
1 -10.105707 14.562174 -8.655705 0.000000 0.000000 -1
1 -8.554751 15.827620 -8.538608 0.583333 0.000000 -1
1 -9.543363 14.313276 -8.279382 0.666667 0.166667 -1
1 -9.731639 14.835844 -7.554179 0.583333 0.166667 -1
1 6.878609 -2.917234 8.328612 0.000000 0.000000 -1
1 6.662268 -2.316763 9.161926 0.000000 0.000000 -1
1 6.470932 -1.840327 8.648396 0.583333 0.166667 -1
1 6.659212 -2.362893 7.923193 0.666667 0.166667 -1
1 8.188823 -1.404422 8.204968 0.583333 0.000000 -1
1 -6.995735 16.803152 -9.463102 0.000000 0.000000 -1
1 -7.212077 17.403616 -8.629786 0.000000 0.000000 -1
1 -8.554751 15.827620 -8.538608 0.083333 0.000000 -1
1 -7.025136 16.786093 -8.256827 0.166667 0.166667 -1
1 -6.836862 16.263525 -8.982032 0.083333 0.166667 -1
1 9.772239 -0.075789 8.354530 0.000000 0.000000 -1
1 9.988580 -0.676256 7.521215 0.000000 0.000000 -1
1 9.365712 -0.412648 7.220542 0.083333 0.166667 -1
1 9.177438 0.109919 7.945748 0.166667 0.166667 -1
1 8.188823 -1.404422 8.204968 0.083333 0.000000 -1
1 3.379150 5.093601 0.527583 0.000000 1.000000 -1
1 2.536948 5.958952 -0.314619 0.000000 0.833333 -1
1 2.766248 6.779202 0.298881 0.083333 0.833333 -1
1 1.694743 6.824306 -1.156824 0.000000 0.666667 -1
1 1.924044 7.644552 -0.543322 0.083333 0.666667 -1
1 2.549904 7.379674 1.132194 0.166667 0.833333 -1
1 3.392110 6.514318 1.974399 0.166667 1.000000 -1
1 1.707702 8.245020 0.289991 0.166667 0.666667 -1
1 1.945891 7.599457 1.962037 0.250000 0.833333 -1
1 1.103687 8.464806 1.119833 0.250000 0.666667 -1
1 1.116048 7.379674 2.566050 0.333333 0.833333 -1
1 1.958253 6.514318 3.408255 0.333333 1.000000 -1
1 0.273846 8.245020 1.723847 0.333333 0.666667 -1
1 0.282735 6.779202 2.782393 0.416667 0.833333 -1
1 -0.559468 7.644552 1.940190 0.416667 0.666667 -1
1 -0.330765 5.958952 2.553093 0.500000 0.833333 -1
1 0.511437 5.093601 3.395296 0.500000 1.000000 -1
1 -1.172970 6.824306 1.710888 0.500000 0.666667 -1
1 -0.560067 5.138704 1.939591 0.583333 0.833333 -1
1 -1.402269 6.004049 1.097388 0.583333 0.666667 -1
1 -0.343724 4.538231 1.106278 0.666667 0.833333 -1
1 0.498479 3.672883 1.948482 0.666667 1.000000 -1
1 -1.185927 5.403585 0.264075 0.666667 0.666667 -1
1 0.260291 4.318440 0.276437 0.750000 0.833333 -1
1 -0.581912 5.183796 -0.565766 0.750000 0.666667 -1
1 1.090133 4.538231 -0.327578 0.833333 0.833333 -1
1 1.932336 3.672883 0.514625 0.833333 1.000000 -1
1 0.247929 5.403585 -1.169781 0.833333 0.666667 -1
1 1.923445 5.138704 -0.543921 0.916667 0.833333 -1
1 1.081242 6.004049 -1.386124 0.916667 0.666667 -1
1 2.536948 5.958952 -0.314619 1.000000 0.833333 -1
1 3.379150 5.093601 0.527583 1.000000 1.000000 -1
1 1.694743 6.824306 -1.156824 1.000000 0.666667 -1
1 3.379150 5.093601 0.527583 0.000000 0.000000 -1
1 3.608448 5.913857 1.141083 0.000000 0.000000 -1
1 1.945294 5.093601 1.961440 0.000000 0.000000 -1
1 3.608448 5.913857 1.141083 0.083333 1.000000 -1
1 3.392110 6.514318 1.974399 0.000000 0.000000 -1
1 2.788094 6.734105 2.804240 0.000000 0.000000 -1
1 2.788094 6.734105 2.804240 0.250000 1.000000 -1
1 1.958253 6.514318 3.408255 0.000000 0.000000 -1
1 1.124936 5.913857 3.624594 0.416667 1.000000 -1
1 1.124936 5.913857 3.624594 0.000000 0.000000 -1
1 0.511437 5.093601 3.395296 0.000000 0.000000 -1
1 0.282137 4.273350 2.781795 0.000000 0.000000 -1
1 0.282137 4.273350 2.781795 0.583333 1.000000 -1
1 0.498479 3.672883 1.948482 0.000000 0.000000 -1
1 1.102493 3.453096 1.118638 0.000000 0.000000 -1
1 1.102493 3.453096 1.118638 0.750000 1.000000 -1
1 1.932336 3.672883 0.514625 0.000000 0.000000 -1
1 2.765649 4.273350 0.298283 0.916667 1.000000 -1
1 2.765649 4.273350 0.298283 0.000000 0.000000 -1
1 3.599676 5.894604 1.132309 0.083333 0.166667 -1
1 3.370375 5.074350 0.518808 0.000000 0.166667 -1
1 2.528172 5.939702 -0.323394 0.000000 0.333333 -1
1 9.761455 -1.498739 6.909885 0.000000 0.000000 -1
1 2.541131 7.360419 1.123420 0.166667 0.333333 -1
1 3.383332 6.495070 1.965623 0.166667 0.166667 -1
1 9.772239 -0.075789 8.354530 0.166667 0.000000 -1
1 2.779320 6.714856 2.795466 0.250000 0.166667 -1
1 1.107275 7.360419 2.557277 0.333333 0.333333 -1
1 1.949476 6.495070 3.399479 0.333333 0.166667 -1
1 8.338383 -0.075789 9.788386 0.333333 0.000000 -1
1 1.116163 5.894604 3.615821 0.416667 0.166667 -1
1 -0.339540 5.939702 2.544319 0.500000 0.333333 -1
1 0.502662 5.074350 3.386520 0.500000 0.166667 -1
1 6.894366 -1.499387 9.778226 0.500000 0.000000 -1
1 0.273363 4.254097 2.773021 0.583333 0.166667 -1
1 -0.352498 4.518976 1.097504 0.666667 0.333333 -1
1 0.489703 3.653630 1.939705 0.666667 0.166667 -1
1 6.878609 -2.917234 8.328612 0.666667 0.000000 -1
1 1.093719 3.433842 1.109865 0.750000 0.166667 -1
1 1.081359 4.518976 -0.336352 0.833333 0.333333 -1
1 1.923559 3.653630 0.505850 0.833333 0.166667 -1
1 8.312465 -2.917234 6.894755 0.833333 0.000000 -1
1 2.756875 4.254097 0.289508 0.916667 0.166667 -1
1 2.528172 5.939702 -0.323394 1.000000 0.333333 -1
1 3.370375 5.074350 0.518808 1.000000 0.166667 -1
1 9.761455 -1.498739 6.909885 1.000000 0.000000 -1
1 3.595626 5.576326 1.450457 0.083333 0.833333 -1
1 3.396075 4.862488 0.916547 0.000000 0.833333 -1
1 1.904929 5.112485 1.921075 0.000000 1.000000 -1
1 2.881696 6.290170 2.897841 0.250000 0.833333 -1
1 3.407351 6.098892 2.175661 0.166667 0.833333 -1
1 1.904929 5.112485 1.921075 0.166667 1.000000 -1
1 2.159515 6.098892 3.423498 0.333333 0.833333 -1
1 1.904929 5.112485 1.921075 0.250000 1.000000 -1
1 0.900401 4.862488 3.412220 0.500000 0.833333 -1
1 1.434310 5.576326 3.611772 0.416667 0.833333 -1
1 1.904929 5.112485 1.921075 0.416667 1.000000 -1
1 0.700849 4.148651 2.878310 0.583333 0.833333 -1
1 1.904929 5.112485 1.921075 0.500000 1.000000 -1
1 1.414776 3.434813 1.430922 0.750000 0.833333 -1
1 0.889124 3.626080 2.153107 0.666667 0.833333 -1
1 1.904929 5.112485 1.921075 0.666667 1.000000 -1
1 2.136961 3.626080 0.905270 0.833333 0.833333 -1
1 1.904929 5.112485 1.921075 0.750000 1.000000 -1
1 3.396075 4.862488 0.916547 1.000000 0.833333 -1
1 2.862164 4.148651 0.716995 0.916667 0.833333 -1
1 1.904929 5.112485 1.921075 0.916667 1.000000 -1
1 6.692649 4.005429 2.965286 0.083333 0.666667 -1
1 5.456089 5.241837 5.472236 0.250000 0.666667 -1
1 2.949140 4.005429 6.708794 0.416667 0.666667 -1
1 1.678748 1.532621 5.438404 0.583333 0.666667 -1
1 2.915308 0.296218 2.931454 0.750000 0.666667 -1
1 5.422259 1.532621 1.694895 0.916667 0.666667 -1
1 1.904929 5.112485 1.921075 0.333333 1.000000 -1
1 1.904929 5.112485 1.921075 0.833333 1.000000 -1
1 1.904929 5.112485 1.921075 0.583333 1.000000 -1
1 1.904929 5.112485 1.921075 0.083333 1.000000 -1
1 0.010345 8.554993 -2.841222 0.000000 0.333333 -1
1 -0.831854 9.420340 -3.683421 0.000000 0.166667 -1
1 -0.602551 10.240591 -3.069917 0.083333 0.166667 -1
1 -7.225035 15.982897 -10.076599 0.000000 0.000000 -1
1 -0.818893 10.841059 -2.236604 0.166667 0.166667 -1
1 0.023303 9.975714 -1.394408 0.166667 0.333333 -1
1 -7.212077 17.403616 -8.629786 0.166667 0.000000 -1
1 -1.422909 11.060846 -1.406763 0.250000 0.166667 -1
1 -2.252749 10.841059 -0.802748 0.333333 0.166667 -1
1 -1.410554 9.975714 0.039448 0.333333 0.333333 -1
1 -8.645934 17.403616 -7.195934 0.333333 0.000000 -1
1 -3.086064 10.240591 -0.586406 0.416667 0.166667 -1
1 -3.699567 9.420340 -0.815709 0.500000 0.166667 -1
1 -2.857368 8.554993 0.026490 0.500000 0.333333 -1
1 -10.092745 15.982897 -7.208889 0.500000 0.000000 -1
1 -3.928867 8.600086 -1.429210 0.583333 0.166667 -1
1 -3.712524 7.999619 -2.262522 0.666667 0.166667 -1
1 -2.870327 7.134275 -1.420326 0.666667 0.333333 -1
1 -10.105707 14.562174 -8.655705 0.666667 0.000000 -1
1 -3.108511 7.779838 -3.092366 0.750000 0.166667 -1
1 -2.278667 7.999619 -3.696378 0.833333 0.166667 -1
1 -1.436471 7.134275 -2.854182 0.833333 0.333333 -1
1 -8.671850 14.562174 -10.089562 0.833333 0.000000 -1
1 -1.445356 8.600086 -3.912723 0.916667 0.166667 -1
1 -0.831854 9.420340 -3.683421 1.000000 0.166667 -1
1 0.010345 8.554993 -2.841222 1.000000 0.333333 -1
1 -7.225035 15.982897 -10.076599 1.000000 0.000000 -1
1 -2.230304 9.389639 -2.214158 0.000000 1.000000 -1
1 -1.225776 9.639631 -3.705303 0.000000 0.833333 -1
1 -1.026223 10.353472 -3.171393 0.083333 0.833333 -1
1 -2.230304 9.389639 -2.214158 0.166667 1.000000 -1
1 -1.214500 10.876047 -2.446191 0.166667 0.833333 -1
1 -1.740151 11.067316 -1.724006 0.250000 0.833333 -1
1 -2.230304 9.389639 -2.214158 0.250000 1.000000 -1
1 -2.462337 10.876047 -1.198355 0.333333 0.833333 -1
1 -2.230304 9.389639 -2.214158 0.416667 1.000000 -1
1 -3.187538 10.353472 -1.010077 0.416667 0.833333 -1
1 -3.721448 9.639631 -1.209630 0.500000 0.833333 -1
1 -2.230304 9.389639 -2.214158 0.500000 1.000000 -1
1 -3.920999 8.925791 -1.743538 0.583333 0.833333 -1
1 -2.230304 9.389639 -2.214158 0.666667 1.000000 -1
1 -3.732726 8.403229 -2.468744 0.666667 0.833333 -1
1 -3.207072 8.211956 -3.190927 0.750000 0.833333 -1
1 -2.230304 9.389639 -2.214158 0.750000 1.000000 -1
1 -2.484890 8.403229 -3.716580 0.833333 0.833333 -1
1 -2.230304 9.389639 -2.214158 0.916667 1.000000 -1
1 -1.759683 8.925791 -3.904855 0.916667 0.833333 -1
1 -1.225776 9.639631 -3.705303 1.000000 0.833333 -1
1 -2.004116 12.969492 -5.731481 0.083333 0.666667 -1
1 -3.240679 14.205904 -3.224535 0.250000 0.666667 -1
1 -5.747624 12.969492 -1.987970 0.416667 0.666667 -1
1 -7.018018 10.496687 -3.258366 0.583333 0.666667 -1
1 -5.781463 9.260279 -5.765316 0.750000 0.666667 -1
1 -3.274509 10.496687 -7.001873 0.916667 0.666667 -1
1 -2.230304 9.389639 -2.214158 0.333333 1.000000 -1
1 -2.230304 9.389639 -2.214158 0.833333 1.000000 -1
1 -2.230304 9.389639 -2.214158 0.583333 1.000000 -1
1 -2.230304 9.389639 -2.214158 0.083333 1.000000 -1
1 0.852541 7.689649 -1.999027 0.000000 0.500000 -1
1 1.081840 8.509901 -1.385527 0.083333 0.500000 -1
1 0.239643 9.375246 -2.227724 0.083333 0.333333 -1
1 0.865498 9.110369 -0.552213 0.166667 0.500000 -1
1 0.261485 9.330153 0.277631 0.250000 0.500000 -1
1 -0.580711 10.195498 -0.564565 0.250000 0.333333 -1
1 -0.568359 9.110369 0.881643 0.333333 0.500000 -1
1 -1.401672 8.509901 1.097985 0.416667 0.500000 -1
1 -2.243870 9.375246 0.255789 0.416667 0.333333 -1
1 -2.015172 7.689649 0.868686 0.500000 0.500000 -1
1 -2.244472 6.869401 0.255186 0.583333 0.500000 -1
1 -3.086670 7.734744 -0.587012 0.583333 0.333333 -1
1 -2.028130 6.268933 -0.578128 0.666667 0.500000 -1
1 -1.424118 6.049150 -1.407972 0.750000 0.500000 -1
1 -2.266314 6.914490 -2.250167 0.750000 0.333333 -1
1 -0.594274 6.268933 -2.011984 0.833333 0.500000 -1
1 0.239040 6.869401 -2.228327 0.916667 0.500000 -1
1 -0.603158 7.734744 -3.070524 0.916667 0.333333 -1
1 0.852541 7.689649 -1.999027 1.000000 0.500000 -1
211
-0.572060 0.587785 -0.572062
-0.606341 0.719311 -0.339031
0.447195 -0.319638 0.835373
0.496145 -0.413486 0.763459
-0.572063 0.587785 -0.572060
-0.496149 0.413481 -0.763459
0.607210 -0.763753 0.219036
0.606342 -0.719309 0.339032
-0.572059 0.587785 -0.572064
-0.763458 0.413478 -0.496153
0.219035 -0.763752 0.607212
0.339032 -0.719310 0.606342
-0.572062 0.587787 -0.572058
-0.339031 0.719312 -0.606340
0.835372 -0.319637 0.447198
0.763457 -0.413482 0.496151
0.707107 -0.000000 -0.707107
0.707107 -0.000000 -0.707107
0.820186 0.404509 -0.404559
0.707107 0.000000 -0.707107
0.820185 0.404509 -0.404559
0.713496 0.700630 0.006390
0.713497 0.700629 0.006390
0.713495 0.700631 0.006389
0.415626 0.809018 0.415626
0.415625 0.809019 0.415626
0.006390 0.700630 0.713496
0.006390 0.700629 0.713497
0.006389 0.700631 0.713495
-0.404559 0.404509 0.820186
-0.404559 0.404509 0.820185
-0.707107 0.000000 0.707107
-0.707107 0.000000 0.707107
-0.707107 0.000000 0.707107
-0.820186 -0.404509 0.404560
-0.820185 -0.404510 0.404559
-0.713498 -0.700629 -0.006388
-0.713497 -0.700630 -0.006387
-0.713498 -0.700629 -0.006389
-0.415627 -0.809017 -0.415627
-0.415628 -0.809016 -0.415628
-0.006388 -0.700628 -0.713498
-0.006387 -0.700630 -0.713497
-0.006389 -0.700629 -0.713498
0.404560 -0.404509 -0.820186
0.404559 -0.404510 -0.820185
0.572061 -0.587785 0.572061
0.572062 -0.587783 0.572062
0.572061 -0.587786 0.572061
0.707107 0.000000 -0.707107
0.820185 0.404510 -0.404559
0.713496 0.700630 0.006390
0.572060 -0.587786 0.572062
0.572061 -0.587786 0.572061
0.415627 0.809017 0.415627
0.572061 -0.587786 0.572060
0.006390 0.700630 0.713496
-0.404559 0.404510 0.820185
0.572062 -0.587784 0.572062
0.572061 -0.587785 0.572061
-0.707107 -0.000000 0.707106
0.572060 -0.587787 0.572061
-0.820186 -0.404509 0.404558
-0.713496 -0.700630 -0.006389
0.572061 -0.587787 0.572060
0.572060 -0.587787 0.572061
-0.415625 -0.809019 -0.415625
0.572060 -0.587787 0.572061
-0.006389 -0.700630 -0.713496
0.404558 -0.404509 -0.820186
0.572060 -0.587788 0.572060
0.820252 0.404441 -0.404493
0.707107 -0.000000 -0.707107
0.707107 -0.000000 -0.707107
0.707107 -0.000000 -0.707107
0.713497 0.700630 0.006390
0.713611 0.700512 0.006504
0.713724 0.700395 0.006618
0.415758 0.808882 0.415758
0.006389 0.700630 0.713496
0.006503 0.700512 0.713611
0.006617 0.700395 0.713725
-0.404493 0.404441 0.820252
-0.707107 -0.000000 0.707107
-0.707107 -0.000000 0.707107
-0.707107 -0.000000 0.707107
-0.820251 -0.404441 0.404494
-0.713496 -0.700630 -0.006389
-0.713610 -0.700513 -0.006503
-0.713725 -0.700395 -0.006617
-0.415758 -0.808882 -0.415758
-0.006388 -0.700630 -0.713496
-0.006503 -0.700513 -0.713610
-0.006618 -0.700395 -0.713725
0.404493 -0.404441 -0.820251
0.286872 0.665276 -0.689284
0.037935 0.441151 -0.896631
-0.572061 0.587786 -0.572061
-0.154687 0.975778 -0.154688
0.193810 0.923578 -0.330819
-0.330819 0.923578 0.193810
-0.896631 0.441151 0.037935
-0.689285 0.665275 0.286872
-0.997651 0.065043 -0.021494
-0.704011 -0.093479 -0.704010
-0.904587 -0.193263 -0.379962
-0.379962 -0.193263 -0.904587
-0.021494 0.065042 -0.997651
0.575972 0.580690 -0.575374
0.195658 0.960956 0.195658
-0.575375 0.580689 0.575972
-0.966094 -0.179844 0.185254
-0.585780 -0.560111 -0.585780
0.185254 -0.179844 -0.966094
0.572057 -0.587789 0.572062
-0.604941 0.708793 -0.362847
0.572062 -0.587786 0.572060
-0.505150 0.431806 -0.747240
0.572060 -0.587786 0.572062
-0.747240 0.431806 -0.505150
0.572062 -0.587789 0.572057
-0.362847 0.708793 -0.604942
0.707107 0.000000 -0.707107
0.707107 0.000000 -0.707107
0.820120 0.404576 -0.404625
0.707107 0.000000 -0.707107
0.713383 0.700746 0.006276
0.713497 0.700629 0.006390
0.713269 0.700863 0.006162
0.415495 0.809152 0.415495
0.006276 0.700746 0.713383
0.006390 0.700629 0.713497
0.006162 0.700863 0.713269
-0.404625 0.404576 0.820120
-0.707107 -0.000000 0.707107
-0.707107 -0.000000 0.707107
-0.707107 0.000000 0.707107
-0.820120 -0.404577 0.404624
-0.713382 -0.700747 -0.006277
-0.713496 -0.700630 -0.006391
-0.713268 -0.700864 -0.006163
-0.415495 -0.809152 -0.415495
-0.006277 -0.700747 -0.713382
-0.006391 -0.700630 -0.713496
-0.006164 -0.700864 -0.713268
0.404624 -0.404577 -0.820120
0.572062 -0.587785 0.572061
0.896631 -0.441150 -0.037933
0.997651 -0.065043 0.021495
0.904588 0.193263 0.379961
0.704011 0.093479 0.704010
0.379961 0.193263 0.904588
0.021495 -0.065043 0.997651
-0.037933 -0.441150 0.896631
-0.286871 -0.665275 0.689285
-0.193807 -0.923580 0.330816
0.154688 -0.975778 0.154687
0.330816 -0.923580 -0.193807
0.689285 -0.665276 -0.286871
0.966094 0.179843 -0.185253
0.585780 0.560111 0.585780
-0.185253 0.179843 0.966094
-0.575972 -0.580690 0.575374
-0.195656 -0.960956 -0.195657
0.575374 -0.580690 -0.575972
0.505153 -0.431803 0.747239
0.604938 -0.708795 0.362850
0.362850 -0.708795 0.604938
0.747239 -0.431803 0.505153
0.707107 0.000000 -0.707107
0.707107 -0.000000 -0.707107
0.820186 0.404509 -0.404559
0.820185 0.404509 -0.404559
0.707107 -0.000000 -0.707107
0.820186 0.404508 -0.404559
0.820186 0.404508 -0.404559
0.713496 0.700631 0.006389
0.713496 0.700630 0.006390
0.713497 0.700629 0.006390
0.415626 0.809018 0.415626
0.415626 0.809018 0.415626
0.415627 0.809017 0.415627
0.415627 0.809016 0.415628
0.006389 0.700631 0.713496
0.006390 0.700630 0.713496
0.006390 0.700629 0.713497
-0.404559 0.404509 0.820186
-0.404559 0.404510 0.820185
-0.404559 0.404508 0.820186
-0.404559 0.404508 0.820186
-0.707107 0.000000 0.707107
-0.707107 -0.000000 0.707107
-0.707107 -0.000000 0.707107
-0.820185 -0.404509 0.404559
-0.820186 -0.404509 0.404558
-0.820185 -0.404509 0.404560
-0.820186 -0.404509 0.404559
-0.713496 -0.700630 -0.006390
-0.713495 -0.700631 -0.006389
-0.713496 -0.700630 -0.006390
-0.415626 -0.809018 -0.415626
-0.415627 -0.809017 -0.415627
-0.415626 -0.809018 -0.415626
-0.415627 -0.809017 -0.415627
-0.006390 -0.700630 -0.713496
-0.006390 -0.700631 -0.713495
-0.006390 -0.700630 -0.713496
0.404559 -0.404509 -0.820185
0.404559 -0.404510 -0.820185
0.404559 -0.404509 -0.820185
0.404560 -0.404509 -0.820185
232
1 0 1 2 0 0 0 2
1 3 4 5 1 1 1 1
1 6 7 8 2 2 2 2
1 9 10 11 3 3 3 1
1 12 1 13 4 4 4 2
1 14 15 16 5 5 5 1
1 17 7 18 6 6 6 2
1 19 20 21 7 7 7 1
1 22 1 23 8 8 8 2
1 24 25 26 9 9 9 1
1 27 7 28 10 10 10 2
1 29 30 31 11 11 11 1
1 32 1 33 12 12 12 2
1 34 35 36 13 13 13 1
1 37 7 38 14 14 14 2
1 39 40 41 15 15 15 1
1 42 43 44 16 17 18 1
1 43 45 44 17 19 18 1
1 45 46 44 19 20 18 1
1 44 47 48 18 21 22 1
1 44 46 49 18 20 23 1
1 44 49 47 18 23 21 1
1 48 47 50 22 21 24 1
1 47 49 50 21 23 24 1
1 49 51 50 23 25 24 1
1 50 52 53 24 26 27 1
1 50 51 54 24 25 28 1
1 50 54 52 24 28 26 1
1 53 52 55 27 26 29 1
1 52 54 55 26 28 29 1
1 54 56 55 28 30 29 1
1 55 57 58 29 31 32 1
1 55 56 59 29 30 33 1
1 55 59 57 29 33 31 1
1 58 57 60 32 31 34 1
1 57 59 60 31 33 34 1
1 59 61 60 33 35 34 1
1 60 62 63 34 36 37 1
1 60 61 64 34 35 38 1
1 60 64 62 34 38 36 1
1 63 62 65 37 36 39 1
1 62 64 65 36 38 39 1
1 64 66 65 38 40 39 1
1 65 67 68 39 41 42 1
1 65 66 69 39 40 43 1
1 65 69 67 39 43 41 1
1 68 67 70 42 41 44 1
1 67 69 70 41 43 44 1
1 69 71 70 43 45 44 1
1 70 72 73 44 17 16 1
1 70 71 74 44 45 19 1
1 70 74 72 44 19 17 1
1 75 76 77 46 47 48 2
1 42 44 78 49 50 50 1
1 78 44 48 50 50 51 1
1 79 80 77 52 53 48 2
1 48 50 81 51 54 54 1
1 80 82 77 53 55 48 2
1 81 50 53 54 54 56 1
1 53 55 83 56 57 57 1
1 84 85 77 58 59 48 2
1 83 55 58 57 57 60 1
1 85 86 77 59 61 48 2
1 58 60 87 60 62 62 1
1 87 60 63 62 62 63 1
1 88 89 77 64 65 48 2
1 63 65 90 63 66 66 1
1 89 91 77 65 67 48 2
1 90 65 68 66 66 68 1
1 68 70 92 68 69 69 1
1 93 75 77 70 46 48 2
1 92 70 73 69 69 49 1
1 94 95 96 71 72 73 1
1 94 97 95 71 74 72 1
1 98 99 94 75 76 71 1
1 99 100 94 76 77 71 1
1 101 99 98 78 76 75 1
1 101 100 99 78 77 76 1
1 102 103 101 79 80 78 1
1 103 104 101 80 81 78 1
1 105 103 102 82 80 79 1
1 105 104 103 82 81 80 1
1 106 107 105 83 84 82 1
1 107 108 105 84 85 82 1
1 109 107 106 86 84 83 1
1 109 108 107 86 85 84 1
1 110 111 109 87 88 86 1
1 111 112 109 88 89 86 1
1 113 111 110 90 88 87 1
1 113 112 111 90 89 88 1
1 114 115 113 91 92 90 1
1 115 116 113 92 93 90 1
1 117 115 114 94 92 91 1
1 117 116 115 94 93 92 1
1 118 119 117 73 72 94 1
1 119 120 117 72 74 94 1
1 121 122 123 95 96 97 1
1 124 125 126 98 99 97 1
1 127 124 128 100 98 97 1
1 129 130 131 101 102 97 1
1 132 129 133 103 101 97 1
1 134 135 136 104 105 97 1
1 137 134 138 106 104 97 1
1 139 140 141 96 107 97 1
1 121 142 122 95 108 96 1
1 125 142 121 99 108 95 1
1 124 143 125 98 109 99 1
1 127 143 124 100 109 98 1
1 130 144 127 102 110 100 1
1 129 144 130 101 110 102 1
1 132 145 129 103 111 101 1
1 135 145 132 105 111 103 1
1 134 146 135 104 112 105 1
1 137 146 134 106 112 104 1
1 140 147 137 107 113 106 1
1 139 147 140 96 113 107 1
1 82 84 77 114 114 114 2
1 130 127 148 115 115 115 1
1 91 93 77 116 116 116 2
1 140 137 149 117 117 117 1
1 86 88 77 118 118 118 2
1 135 132 150 119 119 119 1
1 76 79 77 120 120 120 2
1 125 121 151 121 121 121 1
1 152 153 154 122 123 124 1
1 153 155 154 123 125 124 1
1 154 156 157 124 126 127 1
1 154 158 156 124 128 126 1
1 157 156 159 127 126 129 1
1 156 158 159 126 128 129 1
1 159 160 161 129 130 131 1
1 159 162 160 129 132 130 1
1 161 160 163 131 130 133 1
1 160 162 163 130 132 133 1
1 163 164 165 133 134 135 1
1 163 166 164 133 136 134 1
1 165 164 167 135 134 137 1
1 164 166 167 134 136 137 1
1 167 168 169 137 138 139 1
1 167 170 168 137 140 138 1
1 169 168 171 139 138 141 1
1 168 170 171 138 140 141 1
1 171 172 173 141 142 143 1
1 171 174 172 141 144 142 1
1 173 172 175 143 142 145 1
1 172 174 175 142 144 145 1
1 175 176 177 145 123 122 1
1 175 178 176 145 125 123 1
1 179 180 181 146 147 148 1
1 182 183 184 146 149 150 1
1 185 184 186 146 150 151 1
1 187 188 189 146 152 153 1
1 190 189 191 146 153 154 1
1 192 193 194 146 155 156 1
1 195 194 196 146 156 157 1
1 197 198 199 146 158 147 1
1 180 200 181 147 159 148 1
1 181 200 183 148 159 149 1
1 183 201 184 149 160 150 1
1 184 201 186 150 160 151 1
1 186 202 188 151 161 152 1
1 188 202 189 152 161 153 1
1 189 203 191 153 162 154 1
1 191 203 193 154 162 155 1
1 193 204 194 155 163 156 1
1 194 204 196 156 163 157 1
1 196 205 198 157 164 158 1
1 198 205 199 158 164 147 1
1 206 186 188 165 165 165 1
1 207 196 198 166 166 166 1
1 208 191 193 167 167 167 1
1 209 181 183 168 168 168 1
1 45 210 211 169 170 171 1
1 45 211 46 169 171 172 1
1 210 152 211 170 173 171 1
1 152 212 211 173 174 171 1
1 152 154 212 173 175 174 1
1 46 211 49 172 171 176 1
1 211 213 49 171 177 176 1
1 211 212 157 171 174 178 1
1 211 157 213 171 178 177 1
1 212 154 157 174 175 178 1
1 49 213 214 176 177 179 1
1 49 214 51 176 179 180 1
1 213 157 214 177 178 179 1
1 157 215 214 178 181 179 1
1 157 159 215 178 182 181 1
1 51 214 54 180 179 183 1
1 214 216 54 179 184 183 1
1 214 215 161 179 181 185 1
1 214 161 216 179 185 184 1
1 215 159 161 181 182 185 1
1 54 216 217 183 184 186 1
1 54 217 56 183 186 187 1
1 216 161 217 184 185 186 1
1 161 218 217 185 188 186 1
1 161 163 218 185 189 188 1
1 56 217 59 187 186 190 1
1 217 219 59 186 191 190 1
1 217 218 165 186 188 192 1
1 217 165 219 186 192 191 1
1 218 163 165 188 189 192 1
1 59 219 220 190 191 193 1
1 59 220 61 190 193 194 1
1 219 165 220 191 192 193 1
1 165 221 220 192 195 193 1
1 165 167 221 192 196 195 1
1 61 220 64 194 193 197 1
1 220 222 64 193 198 197 1
1 220 221 169 193 195 199 1
1 220 169 222 193 199 198 1
1 221 167 169 195 196 199 1
1 64 222 223 197 198 200 1
1 64 223 66 197 200 201 1
1 222 169 223 198 199 200 1
1 169 224 223 199 202 200 1
1 169 171 224 199 203 202 1
1 66 223 69 201 200 204 1
1 223 225 69 200 205 204 1
1 223 224 173 200 202 206 1
1 223 173 225 200 206 205 1
1 224 171 173 202 203 206 1
1 69 225 226 204 205 207 1
1 69 226 71 204 207 208 1
1 225 173 226 205 206 207 1
1 173 227 226 206 209 207 1
1 173 175 227 206 210 209 1
1 71 226 74 208 207 169 1
1 226 228 74 207 170 169 1
1 226 227 177 207 209 173 1
1 226 177 228 207 173 170 1
1 227 175 177 209 210 173 1

Materials: 2
"Material01"
0.200000 0.200000 0.200000 1.000000
0.800000 0.800000 0.800000 1.000000
0.000000 0.000000 0.000000 1.000000
0.000000 0.000000 0.000000 1.000000
0.000000
1.000000
".\liquid.bmp"
""
"Material02"
0.200000 0.200000 0.200000 1.000000
0.800000 0.800000 0.800000 1.000000
0.000000 0.000000 0.000000 1.000000
0.000000 0.000000 0.000000 1.000000
0.000000
1.000000
".\gradient.bmp"
""

Bones: 0
