// MilkShape 3D ASCII

Frames: 30
Frame: 1

Meshes: 2
"Cylinder" 0 0
126
0 -0.25892 0.9663 -5.17819 0.0 0.0 -1
0 0.70738 0.70738 5.17819 1.0 0.0 -1
0 0.9663 -0.25892 5.17819 0.0 0.0 -1
0 0.25892 -0.9663 5.17819 0.0 0.0 -1
0 -0.70738 -0.70738 5.17819 0.0 0.0 -1
0 -0.9663 0.25892 5.17819 0.0 0.0 -1
0 -0.25892 0.9663 5.17819 0.0 0.0 -1
0 -0.0 0.0 7.68287 0.0 1.0 -1
0 -5.43261 0.0 5.43261 0.0 1.0 -1
0 5.43261 0.0 -5.43261 0.0 1.0 -1
0 -3.84462 0.9663 3.47845 0.0 0.0 -1
0 -4.34481 0.25892 2.97826 0.0 0.0 -1
0 -4.16173 -0.70738 3.16134 0.0 0.0 -1
0 -3.47845 -0.9663 3.84462 0.0 0.0 -1
0 -2.97826 -0.25892 4.34481 0.0 0.0 -1
0 -3.16134 0.70738 4.16173 1.0 0.0 -1
0 3.47845 0.9663 -3.84462 1.0 0.0 -1
0 2.97826 0.25892 -4.34481 1.0 0.0 -1
0 3.16134 -0.70738 -4.16173 1.0 0.0 -1
0 3.84462 -0.9663 -3.47845 1.0 0.0 -1
0 4.34481 -0.25892 -2.97826 1.0 0.0 -1
0 4.16173 0.70738 -3.16134 0.0 0.0 -1
0 -7.68287 0.0 -0.0 0.0 1.0 -1
0 -5.43261 0.0 -5.43261 0.0 1.0 -1
0 5.43261 0.0 5.43261 0.0 1.0 -1
0 -3.47845 0.9663 -3.84462 0.0 0.0 -1
0 -2.97826 0.25892 -4.34481 0.0 0.0 -1
0 -3.16134 -0.70738 -4.16173 0.0 0.0 -1
0 -3.84462 -0.9663 -3.47845 0.0 0.0 -1
0 -4.34481 -0.25892 -2.97826 0.0 0.0 -1
0 -4.16173 0.70738 -3.16134 1.0 0.0 -1
0 3.84462 0.9663 3.47845 1.0 0.0 -1
0 4.34481 0.25892 2.97826 1.0 0.0 -1
0 4.16173 -0.70738 3.16134 1.0 0.0 -1
0 3.47845 -0.9663 3.84462 1.0 0.0 -1
0 2.97826 -0.25892 4.34481 1.0 0.0 -1
0 3.16134 0.70738 4.16173 0.0 0.0 -1
0 0.0 -5.43261 -5.43261 0.0 1.0 -1
0 -0.0 5.43261 5.43261 0.0 1.0 -1
0 0.25892 -2.97826 -4.34481 0.0 0.0 -1
0 0.9663 -3.47845 -3.84462 0.0 0.0 -1
0 0.70738 -4.16173 -3.16134 0.0 0.0 -1
0 -0.25892 -4.34481 -2.97826 0.0 0.0 -1
0 -0.9663 -3.84462 -3.47845 0.0 0.0 -1
0 -0.70738 -3.16134 -4.16173 1.0 0.0 -1
0 0.25892 4.34481 2.97826 1.0 0.0 -1
0 0.9663 3.84462 3.47845 1.0 0.0 -1
0 0.70738 3.16134 4.16173 1.0 0.0 -1
0 -0.25892 2.97826 4.34481 1.0 0.0 -1
0 -0.9663 3.47845 3.84462 1.0 0.0 -1
0 -0.70738 4.16173 3.16134 0.0 0.0 -1
0 -0.70738 5.17819 -0.70738 0.0 0.0 -1
0 -0.9663 5.17819 0.25892 1.0 0.0 -1
0 -0.25892 5.17819 0.9663 1.0 0.0 -1
0 0.70738 5.17819 0.70738 1.0 0.0 -1
0 -0.9663 -5.17819 0.25892 0.0 0.0 -1
0 -0.25892 -5.17819 0.9663 0.0 0.0 -1
0 0.0 -5.43261 5.43261 0.0 1.0 -1
0 -0.0 5.43261 -5.43261 0.0 1.0 -1
0 0.25892 -4.34481 2.97826 0.0 0.0 -1
0 0.9663 -3.84462 3.47845 0.0 0.0 -1
0 0.70738 -3.16134 4.16173 0.0 0.0 -1
0 -0.25892 -2.97826 4.34481 0.0 0.0 -1
0 -0.9663 -3.47845 3.84462 0.0 0.0 -1
0 -0.70738 -4.16173 3.16134 1.0 0.0 -1
0 0.25892 2.97826 -4.34481 1.0 0.0 -1
0 0.9663 3.47845 -3.84462 1.0 0.0 -1
0 0.70738 4.16173 -3.16134 1.0 0.0 -1
0 -0.25892 4.34481 -2.97826 1.0 0.0 -1
0 -0.9663 3.84462 -3.47845 1.0 0.0 -1
0 -0.70738 3.16134 -4.16173 0.0 0.0 -1
0 -0.70738 -0.70738 -5.17819 1.0 0.0 -1
0 -0.9663 0.25892 -5.17819 1.0 0.0 -1
0 0.70738 0.70738 -5.17819 0.0 0.0 -1
0 0.9663 -0.25892 -5.17819 1.0 0.0 -1
0 0.25892 -0.9663 -5.17819 1.0 0.0 -1
0 -0.0 -0.0 -7.68287 0.0 1.0 -1
0 -5.43261 5.43261 -0.0 0.0 1.0 -1
0 5.43261 -5.43261 0.0 0.0 1.0 -1
0 -2.97826 4.34481 -0.25892 0.0 0.0 -1
0 -3.47845 3.84462 -0.9663 0.0 0.0 -1
0 -4.16173 3.16134 -0.70738 0.0 0.0 -1
0 -4.34481 2.97826 0.25892 0.0 0.0 -1
0 -3.84462 3.47845 0.9663 0.0 0.0 -1
0 -3.16134 4.16173 0.70738 1.0 0.0 -1
0 4.34481 -2.97826 -0.25892 1.0 0.0 -1
0 3.84462 -3.47845 -0.9663 1.0 0.0 -1
0 3.16134 -4.16173 -0.70738 1.0 0.0 -1
0 2.97826 -4.34481 0.25892 1.0 0.0 -1
0 3.47845 -3.84462 0.9663 1.0 0.0 -1
0 4.16173 -3.16134 0.70738 0.0 0.0 -1
0 0.70738 -5.17819 0.70738 0.0 0.0 -1
0 -0.70738 -5.17819 -0.70738 1.0 0.0 -1
0 0.25892 -5.17819 -0.9663 0.0 0.0 -1
0 0.9663 -5.17819 -0.25892 0.0 0.0 -1
0 0.25892 5.17819 -0.9663 1.0 0.0 -1
0 0.9663 5.17819 -0.25892 1.0 0.0 -1
0 -0.0 -7.68287 0.0 0.0 1.0 -1
0 0.0 7.68287 -0.0 0.0 1.0 -1
0 5.43261 5.43261 -0.0 0.0 1.0 -1
0 -5.43261 -5.43261 0.0 0.0 1.0 -1
0 4.34481 2.97826 -0.25892 0.0 0.0 -1
0 3.84462 3.47845 -0.9663 0.0 0.0 -1
0 3.16134 4.16173 -0.70738 0.0 0.0 -1
0 2.97826 4.34481 0.25892 0.0 0.0 -1
0 3.47845 3.84462 0.9663 0.0 0.0 -1
0 4.16173 3.16134 0.70738 1.0 0.0 -1
0 -2.97826 -4.34481 -0.25892 1.0 0.0 -1
0 -3.47845 -3.84462 -0.9663 1.0 0.0 -1
0 -4.16173 -3.16134 -0.70738 1.0 0.0 -1
0 -4.34481 -2.97826 0.25892 1.0 0.0 -1
0 -3.84462 -3.47845 0.9663 1.0 0.0 -1
0 -3.16134 -4.16173 0.70738 0.0 0.0 -1
0 -5.17819 -0.70738 0.70738 0.0 0.0 -1
0 -5.17819 0.25892 0.9663 1.0 0.0 -1
0 -5.17819 0.9663 0.25892 1.0 0.0 -1
0 -5.17819 0.70738 -0.70738 1.0 0.0 -1
0 -5.17819 -0.25892 -0.9663 1.0 0.0 -1
0 -5.17819 -0.9663 -0.25892 1.0 0.0 -1
0 5.17819 -0.70738 0.70738 1.0 0.0 -1
0 5.17819 0.25892 0.9663 0.0 0.0 -1
0 5.17819 0.9663 0.25892 0.0 0.0 -1
0 5.17819 0.70738 -0.70738 0.0 0.0 -1
0 5.17819 -0.25892 -0.9663 0.0 0.0 -1
0 5.17819 -0.9663 -0.25892 0.0 0.0 -1
0 7.68287 -0.0 -0.0 0.0 1.0 -1
216
0.912859 0.244600 -0.326894
0.912859 0.244600 0.326894
0.668259 -0.668259 -0.326894
0.668259 -0.668259 0.326894
-0.244601 -0.912859 -0.326894
-0.244599 -0.912859 0.326894
-0.912859 -0.244600 -0.326893
-0.912859 -0.244600 0.326894
-0.668259 0.668259 -0.326893
-0.668259 0.668259 0.326894
0.244600 0.912859 -0.326894
0.244599 0.912859 0.326894
0.876638 0.244600 0.414340
0.414340 0.244599 0.876638
0.703679 -0.668260 0.241381
0.241382 -0.668258 0.703680
0.058190 -0.912859 -0.404107
-0.404107 -0.912859 0.058191
-0.414340 -0.244600 -0.876637
-0.876637 -0.244601 -0.414340
-0.241381 0.668259 -0.703679
-0.703679 0.668259 -0.241382
0.404107 0.912859 -0.058190
-0.058191 0.912859 0.404106
-0.414340 0.244600 0.876637
-0.876638 0.244599 0.414340
-0.241382 -0.668260 0.703679
-0.703680 -0.668258 0.241382
0.404107 -0.912859 0.058191
-0.058191 -0.912859 -0.404107
0.876638 -0.244600 -0.414340
0.414340 -0.244601 -0.876637
0.703679 0.668259 -0.241381
0.241382 0.668259 -0.703679
0.058190 0.912859 0.404107
-0.404106 0.912859 -0.058191
-0.912859 0.404107 0.058190
-0.912859 -0.058191 -0.404107
-0.668259 -0.241382 0.703680
-0.668259 -0.703679 0.241381
0.244600 -0.414340 0.876637
0.244600 -0.876637 0.414340
0.912859 0.058191 0.404107
0.912859 -0.404107 -0.058190
0.668259 0.703679 -0.241382
0.668260 0.241382 -0.703679
-0.244601 0.876637 -0.414340
-0.244599 0.414340 -0.876638
-0.912859 0.326894 -0.244600
-0.912859 -0.326893 -0.244599
-0.668259 0.326894 0.668259
-0.668260 -0.326893 0.668259
0.244600 0.326894 0.912859
0.244600 -0.326894 0.912859
0.912859 0.326893 0.244600
0.912859 -0.326894 0.244600
0.668259 0.326893 -0.668260
0.668259 -0.326894 -0.668259
-0.244601 0.326894 -0.912859
-0.244599 -0.326894 -0.912859
-0.912859 0.058191 -0.404107
-0.912859 -0.404107 0.058191
-0.668259 0.703679 0.241382
-0.668260 0.241381 0.703679
0.244601 0.876637 0.414340
0.244600 0.414340 0.876638
0.912859 0.404107 -0.058190
0.912859 -0.058190 0.404107
0.668259 -0.241382 -0.703679
0.668260 -0.703679 -0.241381
-0.244600 -0.414340 -0.876638
-0.244600 -0.876638 -0.414340
0.404107 -0.058191 0.912859
-0.058191 0.404107 0.912859
-0.241382 -0.703680 0.668259
-0.703679 -0.241381 0.668260
-0.414340 -0.876638 -0.244599
-0.876638 -0.414340 -0.244600
0.058191 -0.404107 -0.912859
-0.404107 0.058190 -0.912859
0.703680 0.241382 -0.668259
0.241382 0.703679 -0.668260
0.876637 0.414340 0.244600
0.414340 0.876638 0.244599
-0.058191 -0.404107 0.912859
0.404107 0.058191 0.912859
-0.703679 0.241382 0.668259
-0.241381 0.703679 0.668260
-0.876637 0.414340 -0.244600
-0.414340 0.876638 -0.244600
-0.404106 -0.058191 -0.912859
0.058190 0.404107 -0.912859
0.241382 -0.703679 -0.668259
0.703679 -0.241382 -0.668260
0.414340 -0.876638 0.244600
0.876638 -0.414340 0.244599
-0.326894 -0.244599 0.912859
0.326894 -0.244600 0.912859
-0.326894 0.668259 0.668259
0.326894 0.668259 0.668259
-0.326894 0.912859 -0.244600
0.326894 0.912859 -0.244599
-0.326893 0.244599 -0.912859
0.326894 0.244600 -0.912859
-0.326893 -0.668259 -0.668259
0.326893 -0.668259 -0.668260
-0.326894 -0.912859 0.244600
0.326893 -0.912859 0.244599
0.965926 0.258819 0.000000
0.965926 0.258819 -0.000000
0.707107 -0.707107 0.000000
0.707107 -0.707107 0.000000
-0.258819 -0.965926 0.000000
-0.258820 -0.965926 0.000000
-0.965926 -0.258820 0.000000
-0.965926 -0.258819 -0.000000
-0.707107 0.707107 -0.000000
-0.707107 0.707106 0.000000
0.258819 0.965926 0.000000
0.258820 0.965926 -0.000000
0.683013 0.258819 0.683013
0.683013 0.258819 0.683013
0.500000 -0.707106 0.500000
0.500000 -0.707107 0.500000
-0.183012 -0.965926 -0.183012
-0.183013 -0.965926 -0.183013
-0.683012 -0.258820 -0.683012
-0.683013 -0.258819 -0.683013
-0.500000 0.707106 -0.500000
-0.500000 0.707107 -0.500000
0.183013 0.965926 0.183013
0.183012 0.965926 0.183012
-0.683013 0.258819 0.683013
-0.683013 0.258819 0.683013
-0.500000 -0.707106 0.500000
-0.500000 -0.707107 0.500000
0.183012 -0.965926 -0.183012
0.183013 -0.965926 -0.183013
0.683013 -0.258820 -0.683012
0.683013 -0.258819 -0.683013
0.500000 0.707106 -0.500000
0.500000 0.707107 -0.500000
-0.183013 0.965926 0.183013
-0.183012 0.965926 0.183012
-0.965926 0.183012 -0.183013
-0.965926 0.183013 -0.183013
-0.707107 -0.500000 0.500000
-0.707107 -0.500000 0.500000
0.258819 -0.683013 0.683013
0.258819 -0.683013 0.683013
0.965926 -0.183013 0.183013
0.965926 -0.183012 0.183013
0.707107 0.500000 -0.499999
0.707107 0.500000 -0.500000
-0.258820 0.683013 -0.683013
-0.258818 0.683013 -0.683013
-0.965926 -0.000000 -0.258818
-0.965926 -0.000000 -0.258819
-0.707107 -0.000000 0.707106
-0.707107 -0.000000 0.707107
0.258819 -0.000000 0.965926
0.258819 0.000000 0.965926
0.965926 0.000000 0.258819
0.965926 0.000000 0.258819
0.707107 -0.000000 -0.707107
0.707106 -0.000000 -0.707107
-0.258820 -0.000000 -0.965926
-0.258819 -0.000000 -0.965926
-0.965926 -0.183013 -0.183013
-0.965926 -0.183013 -0.183013
-0.707107 0.500000 0.500000
-0.707107 0.500000 0.500000
0.258819 0.683013 0.683013
0.258820 0.683012 0.683012
0.965926 0.183013 0.183013
0.965926 0.183013 0.183013
0.707108 -0.499999 -0.500000
0.707107 -0.500000 -0.500000
-0.258819 -0.683013 -0.683013
-0.258819 -0.683013 -0.683013
0.183013 0.183013 0.965926
0.183013 0.183013 0.965926
-0.500000 -0.500000 0.707107
-0.500000 -0.500000 0.707107
-0.683013 -0.683013 -0.258819
-0.683013 -0.683013 -0.258819
-0.183013 -0.183013 -0.965926
-0.183012 -0.183013 -0.965926
0.500000 0.499999 -0.707107
0.500000 0.500000 -0.707107
0.683013 0.683013 0.258820
0.683013 0.683013 0.258818
0.183013 -0.183013 0.965926
0.183013 -0.183012 0.965926
-0.500000 0.500000 0.707107
-0.500000 0.500000 0.707107
-0.683013 0.683013 -0.258819
-0.683012 0.683013 -0.258820
-0.183013 0.183013 -0.965926
-0.183012 0.183012 -0.965926
0.499999 -0.500000 -0.707108
0.500000 -0.500000 -0.707107
0.683013 -0.683013 0.258819
0.683013 -0.683013 0.258819
0.000000 -0.258819 0.965926
0.000000 -0.258819 0.965926
0.000000 0.707107 0.707107
0.000000 0.707107 0.707107
0.000000 0.965926 -0.258819
0.000000 0.965926 -0.258820
0.000000 0.258820 -0.965926
-0.000000 0.258819 -0.965926
-0.000000 -0.707106 -0.707107
-0.000000 -0.707107 -0.707106
-0.000000 -0.965926 0.258819
-0.000000 -0.965926 0.258819
216
1 76 73 74 0 0 0 1
1 7 2 1 1 1 1 1
1 76 74 75 2 2 2 1
1 7 3 2 3 3 3 1
1 76 75 71 4 4 4 1
1 7 4 3 5 5 5 1
1 76 71 72 6 6 6 1
1 7 5 4 7 7 7 1
1 72 0 76 8 8 8 1
1 7 6 5 9 9 9 1
1 0 73 76 10 10 10 1
1 7 1 6 11 11 11 1
1 9 21 20 12 12 12 1
1 8 14 15 13 13 13 1
1 9 20 19 14 14 14 1
1 8 13 14 15 15 15 1
1 9 19 18 16 16 16 1
1 8 12 13 17 17 17 1
1 9 18 17 18 18 18 1
1 8 11 12 19 19 19 1
1 9 17 16 20 20 20 1
1 8 10 11 21 21 21 1
1 16 21 9 22 22 22 1
1 8 15 10 23 23 23 1
1 24 36 35 24 24 24 1
1 23 29 30 25 25 25 1
1 24 35 34 26 26 26 1
1 23 28 29 27 27 27 1
1 24 34 33 28 28 28 1
1 23 27 28 29 29 29 1
1 24 33 32 30 30 30 1
1 23 26 27 31 31 31 1
1 24 32 31 32 32 32 1
1 23 25 26 33 33 33 1
1 31 36 24 34 34 34 1
1 23 30 25 35 35 35 1
1 38 50 49 36 36 36 1
1 37 43 44 37 37 37 1
1 38 49 48 38 38 38 1
1 37 42 43 39 39 39 1
1 38 48 47 40 40 40 1
1 37 41 42 41 41 41 1
1 38 47 46 42 42 42 1
1 37 40 41 43 43 43 1
1 38 46 45 44 44 44 1
1 37 39 40 45 45 45 1
1 45 50 38 46 46 46 1
1 37 44 39 47 47 47 1
1 98 51 52 48 48 48 1
1 97 55 92 49 49 49 1
1 98 52 53 50 50 50 1
1 97 56 55 51 51 51 1
1 98 53 54 52 52 52 1
1 97 91 56 53 53 53 1
1 98 54 96 54 54 54 1
1 97 94 91 55 55 55 1
1 98 96 95 56 56 56 1
1 97 93 94 57 57 57 1
1 95 51 98 58 58 58 1
1 97 92 93 59 59 59 1
1 58 70 69 60 60 60 1
1 57 63 64 61 61 61 1
1 58 69 68 62 62 62 1
1 57 62 63 63 63 63 1
1 58 68 67 64 64 64 1
1 57 61 62 65 65 65 1
1 58 67 66 66 66 66 1
1 57 60 61 67 67 67 1
1 58 66 65 68 68 68 1
1 57 59 60 69 69 69 1
1 65 70 58 70 70 70 1
1 57 64 59 71 71 71 1
1 78 90 89 72 72 72 1
1 77 83 84 73 73 73 1
1 78 89 88 74 74 74 1
1 77 82 83 75 75 75 1
1 78 88 87 76 76 76 1
1 77 81 82 77 77 77 1
1 78 87 86 78 78 78 1
1 77 80 81 79 79 79 1
1 78 86 85 80 80 80 1
1 77 79 80 81 81 81 1
1 85 90 78 82 82 82 1
1 77 84 79 83 83 83 1
1 100 112 111 84 84 84 1
1 99 105 106 85 85 85 1
1 100 111 110 86 86 86 1
1 99 104 105 87 87 87 1
1 100 110 109 88 88 88 1
1 99 103 104 89 89 89 1
1 100 109 108 90 90 90 1
1 99 102 103 91 91 91 1
1 100 108 107 92 92 92 1
1 99 101 102 93 93 93 1
1 107 112 100 94 94 94 1
1 99 106 101 95 95 95 1
1 22 113 114 96 96 96 1
1 125 120 119 97 97 97 1
1 22 114 115 98 98 98 1
1 125 121 120 99 99 99 1
1 22 115 116 100 100 100 1
1 125 122 121 101 101 101 1
1 22 116 117 102 102 102 1
1 125 123 122 103 103 103 1
1 22 117 118 104 104 104 1
1 125 124 123 105 105 105 1
1 118 113 22 106 106 106 1
1 125 119 124 107 107 107 1
1 73 1 2 108 108 108 1
1 73 2 74 109 109 109 1
1 74 2 3 110 110 110 1
1 74 3 75 111 111 111 1
1 75 3 4 112 112 112 1
1 75 4 71 113 113 113 1
1 71 4 5 114 114 114 1
1 71 5 72 115 115 115 1
1 6 0 72 116 116 116 1
1 6 72 5 117 117 117 1
1 0 6 1 118 118 118 1
1 0 1 73 119 119 119 1
1 21 15 14 120 120 120 1
1 21 14 20 121 121 121 1
1 20 14 13 122 122 122 1
1 20 13 19 123 123 123 1
1 19 13 12 124 124 124 1
1 19 12 18 125 125 125 1
1 18 12 11 126 126 126 1
1 18 11 17 127 127 127 1
1 17 11 10 128 128 128 1
1 17 10 16 129 129 129 1
1 15 21 16 130 130 130 1
1 15 16 10 131 131 131 1
1 36 30 29 132 132 132 1
1 36 29 35 133 133 133 1
1 35 29 28 134 134 134 1
1 35 28 34 135 135 135 1
1 34 28 27 136 136 136 1
1 34 27 33 137 137 137 1
1 33 27 26 138 138 138 1
1 33 26 32 139 139 139 1
1 32 26 25 140 140 140 1
1 32 25 31 141 141 141 1
1 30 36 31 142 142 142 1
1 30 31 25 143 143 143 1
1 50 44 43 144 144 144 1
1 50 43 49 145 145 145 1
1 49 43 42 146 146 146 1
1 49 42 48 147 147 147 1
1 48 42 41 148 148 148 1
1 48 41 47 149 149 149 1
1 47 41 40 150 150 150 1
1 47 40 46 151 151 151 1
1 46 40 39 152 152 152 1
1 46 39 45 153 153 153 1
1 44 50 45 154 154 154 1
1 44 45 39 155 155 155 1
1 51 92 55 156 156 156 1
1 51 55 52 157 157 157 1
1 52 55 56 158 158 158 1
1 52 56 53 159 159 159 1
1 53 56 91 160 160 160 1
1 53 91 54 161 161 161 1
1 54 91 94 162 162 162 1
1 54 94 96 163 163 163 1
1 96 94 93 164 164 164 1
1 96 93 95 165 165 165 1
1 92 51 95 166 166 166 1
1 92 95 93 167 167 167 1
1 70 64 63 168 168 168 1
1 70 63 69 169 169 169 1
1 69 63 62 170 170 170 1
1 69 62 68 171 171 171 1
1 68 62 61 172 172 172 1
1 68 61 67 173 173 173 1
1 67 61 60 174 174 174 1
1 67 60 66 175 175 175 1
1 66 60 59 176 176 176 1
1 66 59 65 177 177 177 1
1 64 70 65 178 178 178 1
1 64 65 59 179 179 179 1
1 90 84 83 180 180 180 1
1 90 83 89 181 181 181 1
1 89 83 82 182 182 182 1
1 89 82 88 183 183 183 1
1 88 82 81 184 184 184 1
1 88 81 87 185 185 185 1
1 87 81 80 186 186 186 1
1 87 80 86 187 187 187 1
1 86 80 79 188 188 188 1
1 86 79 85 189 189 189 1
1 84 90 85 190 190 190 1
1 84 85 79 191 191 191 1
1 112 106 105 192 192 192 1
1 112 105 111 193 193 193 1
1 111 105 104 194 194 194 1
1 111 104 110 195 195 195 1
1 110 104 103 196 196 196 1
1 110 103 109 197 197 197 1
1 109 103 102 198 198 198 1
1 109 102 108 199 199 199 1
1 108 102 101 200 200 200 1
1 108 101 107 201 201 201 1
1 106 112 107 202 202 202 1
1 106 107 101 203 203 203 1
1 113 119 120 204 204 204 1
1 113 120 114 205 205 205 1
1 114 120 121 206 206 206 1
1 114 121 115 207 207 207 1
1 115 121 122 208 208 208 1
1 115 122 116 209 209 209 1
1 116 122 123 210 210 210 1
1 116 123 117 211 211 211 1
1 117 123 124 212 212 212 1
1 117 124 118 213 213 213 1
1 119 113 118 214 214 214 1
1 119 118 124 215 215 215 1
"Sphere.002" 0 1
162
0 0.0 -5.17523 0.0 1.0 0.5 -1
0 3.7448 -2.31444 2.72072 0.8381 0.32379 -1
0 -1.43036 -2.31444 4.40226 0.0881 0.17621 -1
0 -4.62886 -2.31444 0.0 0.17621 0.5 -1
0 -1.43036 -2.31444 -4.40226 0.0881 0.82379 -1
0 3.7448 -2.31444 -2.72072 0.8381 0.67621 -1
0 1.43036 2.31444 4.40226 0.5881 0.17621 -1
0 -3.7448 2.31444 2.72072 0.3381 0.32379 -1
0 -3.7448 2.31444 -2.72072 0.3381 0.67621 -1
0 1.43036 2.31444 -4.40226 0.5881 0.82379 -1
0 4.62886 2.31444 0.0 0.67621 0.5 -1
0 0.0 5.17523 0.0 0.5 0.5 -1
0 2.20114 -4.40233 1.59921 0.92621 0.4 -1
0 -0.84074 -4.40233 2.58759 1.03003 0.33334 -1
0 1.36041 -2.72081 4.18682 0.92621 0.2 -1
0 2.20114 -4.40233 -1.59921 0.92621 0.6 -1
0 4.4023 -2.7208 0.0 0.8381 0.5 -1
0 -2.72077 -4.40232 0.0 0.0881 0.5 -1
0 -3.56154 -2.72081 2.5876 0.14617 0.33333 -1
0 -0.84074 -4.40233 -2.58759 0.03003 0.66666 -1
0 -3.56154 -2.72081 -2.5876 0.14617 0.66667 -1
0 1.36041 -2.72081 -4.18682 0.92621 0.8 -1
0 4.92194 0.0 -1.59921 0.75 0.6 -1
0 4.92194 0.0 1.59921 0.75 0.4 -1
0 3.04193 0.0 4.18685 0.75 0.2 -1
0 0.0 0.0 5.17523 1.17621 -0.0 -1
0 -3.04193 0.0 4.18685 0.25 0.2 -1
0 -4.92194 0.0 1.59921 0.25 0.4 -1
0 -4.92194 0.0 -1.59921 0.25 0.6 -1
0 -3.04193 0.0 -4.18685 0.25 0.8 -1
0 0.0 0.0 -5.17523 0.67621 1.0 -1
0 3.04193 0.0 -4.18685 0.75 0.8 -1
0 3.56154 2.72081 2.5876 0.64617 0.33333 -1
0 -1.36041 2.72081 4.18682 0.42621 0.2 -1
0 -4.4023 2.7208 0.0 0.3381 0.5 -1
0 -1.36041 2.72081 -4.18682 0.42621 0.8 -1
0 3.56154 2.72081 -2.5876 0.64617 0.66667 -1
0 2.72077 4.40232 0.0 0.5881 0.5 -1
0 0.84074 4.40233 2.58759 0.53003 0.33334 -1
0 -2.20114 4.40233 1.59921 0.42621 0.4 -1
0 -2.20114 4.40233 -1.59921 0.42621 0.6 -1
0 0.84074 4.40233 -2.58759 0.53003 0.66666 -1
0 2.59472 2.61726 -3.63324 0.62431 0.74773 -1
0 4.25724 2.61724 -1.34499 0.66227 0.58369 -1
0 1.18049 3.49129 -3.63323 0.55189 0.74773 -1
0 0.43701 4.97826 -1.34499 0.51394 0.58369 -1
0 3.82022 3.49127 0.0 0.63216 0.5 -1
0 1.41421 4.97825 0.0 0.54405 0.5 -1
0 2.31442 3.74486 -2.72076 0.5881 0.67621 -1
0 1.8724 4.62888 -1.36038 0.56118 0.58467 -1
0 3.3028 3.74485 -1.36038 0.61503 0.58467 -1
0 0.03636 2.61726 -4.46449 0.50221 0.83121 -1
0 -2.65362 2.61726 -3.59045 0.3739 0.74405 -1
0 -1.14412 4.97826 -0.83124 0.46405 0.55135 -1
0 -3.09062 3.49129 -2.24544 0.38468 0.64286 -1
0 -1.87242 3.74486 -3.04189 0.42621 0.7 -1
0 -0.7152 4.62888 -2.20113 0.4756 0.63984 -1
0 -0.2732 3.74486 -3.56152 0.48841 0.74159 -1
0 -4.23475 2.61725 1.41419 0.3381 0.4119 -1
0 -4.23475 2.61725 -1.41419 0.3381 0.5881 -1
0 -1.14412 4.97826 0.83124 0.46405 0.44865 -1
0 -3.09062 3.49129 2.24544 0.38468 0.35714 -1
0 -3.47163 3.74485 0.84075 0.38102 0.44806 -1
0 -2.31441 4.62888 0.0 0.42621 0.5 -1
0 -3.47163 3.74485 -0.84075 0.38102 0.55194 -1
0 0.03636 2.61726 4.46449 0.50221 0.16879 -1
0 -2.65362 2.61726 3.59045 0.3739 0.25595 -1
0 1.18049 3.49129 3.63323 0.55189 0.25227 -1
0 0.43701 4.97826 1.34499 0.51394 0.41631 -1
0 -0.2732 3.74486 3.56152 0.48841 0.25841 -1
0 -0.7152 4.62888 2.20113 0.4756 0.36016 -1
0 -1.87242 3.74486 3.04189 0.42621 0.3 -1
0 2.59472 2.61726 3.63324 0.62431 0.25227 -1
0 4.25724 2.61724 1.34499 0.66227 0.41631 -1
0 3.3028 3.74485 1.36038 0.61503 0.41533 -1
0 1.8724 4.62888 1.36038 0.56118 0.41533 -1
0 2.31442 3.74486 2.72076 0.5881 0.32379 -1
0 3.52765 -1.20302 -3.59047 0.80231 0.74406 -1
0 2.32464 1.20302 -4.46451 0.67399 0.83121 -1
0 4.50486 -1.20302 -2.24545 0.79153 0.64286 -1
0 4.96435 1.20301 -0.83124 0.71216 0.55135 -1
0 4.18686 0.0 -3.04191 0.75 0.7 -1
0 4.46004 1.43041 -2.20114 0.70061 0.63984 -1
0 3.47165 1.43041 -3.56154 0.6878 0.74159 -1
0 -2.32464 -1.20302 -4.46451 0.17399 0.83121 -1
0 -3.52765 1.20302 -3.59047 0.30231 0.74406 -1
0 0.74348 1.20302 -4.97825 0.5881 0.9119 -1
0 -0.74348 -1.20302 -4.97825 0.0881 0.9119 -1
0 -1.59924 0.0 -4.92194 0.25 0.9 -1
0 -0.71521 1.43042 -4.92193 0.42621 0.9 -1
0 -2.31445 1.43042 -4.4023 0.3381 0.82379 -1
0 -4.96435 -1.20301 0.83124 0.21216 0.44865 -1
0 -4.50486 1.20302 2.24545 0.29153 0.35714 -1
0 -4.96435 -1.20301 -0.83124 0.21216 0.55135 -1
0 -4.50486 1.20302 -2.24545 0.29153 0.64286 -1
0 -5.17523 0.0 0.0 0.25 0.5 -1
0 -4.90205 1.43041 -0.84076 0.29519 0.55194 -1
0 -4.90205 1.43041 0.84076 0.29519 0.44806 -1
0 0.74348 1.20302 4.97825 0.5881 0.0881 -1
0 -0.74348 -1.20302 4.97825 0.0881 0.0881 -1
0 -3.52765 1.20302 3.59047 0.30231 0.25594 -1
0 -2.32464 -1.20302 4.46451 0.17399 0.16879 -1
0 -1.59924 0.0 4.92194 0.25 0.1 -1
0 -2.31445 1.43042 4.4023 0.3381 0.17621 -1
0 -0.71521 1.43042 4.92193 0.42621 0.1 -1
0 4.96435 1.20301 0.83124 0.71216 0.44865 -1
0 4.50486 -1.20302 2.24545 0.79153 0.35714 -1
0 2.32464 1.20302 4.46451 0.67399 0.16879 -1
0 3.52765 -1.20302 3.59047 0.80231 0.25594 -1
0 4.18686 0.0 3.04191 0.75 0.3 -1
0 3.47165 1.43041 3.56154 0.6878 0.25841 -1
0 4.46004 1.43041 2.20114 0.70061 0.36016 -1
0 2.65362 -2.61726 -3.59045 0.8739 0.74405 -1
0 -0.03636 -2.61726 -4.46449 1.00221 0.83121 -1
0 0.71521 -1.43042 -4.92193 0.92621 0.9 -1
0 1.59924 0.0 -4.92194 0.75 0.9 -1
0 2.31445 -1.43042 -4.4023 0.8381 0.82379 -1
0 -4.25724 -2.61724 -1.34499 0.16227 0.58369 -1
0 -2.59472 -2.61726 -3.63324 0.12431 0.74773 -1
0 -4.46004 -1.43041 -2.20114 0.20061 0.63984 -1
0 -4.18686 0.0 -3.04191 0.25 0.7 -1
0 -3.47165 -1.43041 -3.56154 0.1878 0.74159 -1
0 -4.25724 -2.61724 1.34499 0.16227 0.41631 -1
0 -2.59472 -2.61726 3.63324 0.12431 0.25227 -1
0 -3.47165 -1.43041 3.56154 0.1878 0.25841 -1
0 -4.18686 0.0 3.04191 0.25 0.3 -1
0 -4.46004 -1.43041 2.20114 0.20061 0.36016 -1
0 2.65362 -2.61726 3.59045 0.8739 0.25595 -1
0 -0.03636 -2.61726 4.46449 1.00221 0.16879 -1
0 2.31445 -1.43042 4.4023 0.8381 0.17621 -1
0 1.59924 0.0 4.92194 0.75 0.1 -1
0 0.71521 -1.43042 4.92193 0.92621 0.1 -1
0 4.23475 -2.61725 -1.41419 0.8381 0.5881 -1
0 4.23475 -2.61725 1.41419 0.8381 0.4119 -1
0 4.90205 -1.43041 -0.84076 0.79519 0.55194 -1
0 5.17523 0.0 0.0 0.75 0.5 -1
0 4.90205 -1.43041 0.84076 0.79519 0.44806 -1
0 -0.43701 -4.97826 -1.34499 1.01394 0.58369 -1
0 -1.18049 -3.49129 -3.63323 1.05189 0.74773 -1
0 3.09062 -3.49129 -2.24544 0.88468 0.64286 -1
0 1.14412 -4.97826 -0.83124 0.96405 0.55135 -1
0 0.7152 -4.62888 -2.20113 0.9756 0.63984 -1
0 1.87242 -3.74486 -3.04189 0.92621 0.7 -1
0 0.2732 -3.74486 -3.56152 0.98841 0.74159 -1
0 -1.41421 -4.97825 0.0 0.04405 0.5 -1
0 -3.82022 -3.49127 0.0 0.13216 0.5 -1
0 -1.8724 -4.62888 -1.36038 0.06118 0.58467 -1
0 -2.31442 -3.74486 -2.72076 0.0881 0.67621 -1
0 -3.3028 -3.74485 -1.36038 0.11503 0.58467 -1
0 -0.43701 -4.97826 1.34499 0.01394 0.41631 -1
0 -1.18049 -3.49129 3.63323 0.05189 0.25227 -1
0 -1.8724 -4.62888 1.36038 0.06118 0.41533 -1
0 -3.3028 -3.74485 1.36038 0.11503 0.41533 -1
0 -2.31442 -3.74486 2.72076 0.0881 0.32379 -1
0 1.14412 -4.97826 0.83124 0.96405 0.44865 -1
0 3.09062 -3.49129 2.24544 0.88468 0.35714 -1
0 2.31441 -4.62888 0.0 0.92621 0.5 -1
0 3.47163 -3.74485 -0.84075 0.88102 0.55194 -1
0 3.47163 -3.74485 0.84075 0.88102 0.44806 -1
0 0.7152 -4.62888 2.20113 0.9756 0.36016 -1
0 0.2732 -3.74486 3.56152 0.98841 0.25841 -1
0 1.87242 -3.74486 3.04189 0.92621 0.3 -1
320
0.187594 -0.794659 0.577344
0.607057 -0.794658 -0.000000
-0.491121 -0.794657 0.356818
-0.491121 -0.794657 -0.356818
0.187594 -0.794659 -0.577344
0.982247 -0.187592 -0.000000
0.303533 -0.187594 0.934171
-0.794656 -0.187594 0.577348
-0.794656 -0.187594 -0.577348
0.303533 -0.187594 -0.934171
0.794656 0.187594 0.577348
-0.303533 0.187594 0.934171
-0.982247 0.187592 -0.000000
-0.303533 0.187594 -0.934171
0.794656 0.187594 -0.577348
0.491121 0.794657 0.356818
-0.187594 0.794659 0.577344
-0.607057 0.794658 -0.000000
-0.187594 0.794659 -0.577344
0.491121 0.794657 -0.356818
0.392771 0.635530 -0.664705
0.231429 0.958211 -0.168143
0.753547 0.635526 -0.168145
-0.510801 0.635529 -0.578951
-0.088399 0.958211 -0.272061
0.072939 0.635530 -0.768623
-0.708466 0.635528 0.306889
-0.286065 0.958210 -0.000000
-0.708466 0.635528 -0.306889
0.072939 0.635530 0.768623
-0.088399 0.958211 0.272061
-0.510801 0.635529 0.578951
0.753547 0.635526 0.168145
0.231429 0.958211 0.168143
0.392771 0.635530 0.664705
0.796869 -0.172661 -0.578954
0.896582 0.349461 -0.272061
0.535806 0.349463 -0.768627
-0.304374 -0.172661 -0.936773
0.018309 0.349464 -0.936771
-0.565436 0.349464 -0.747099
-0.984982 -0.172658 -0.000000
-0.885265 0.349463 -0.306890
-0.885265 0.349463 0.306890
-0.304374 -0.172661 0.936773
-0.565436 0.349464 0.747099
0.018309 0.349464 0.936771
0.796869 -0.172661 0.578954
0.535806 0.349463 0.768627
0.896582 0.349461 0.272061
-0.018309 -0.349464 -0.936771
0.304374 0.172661 -0.936773
0.565436 -0.349464 -0.747099
-0.896582 -0.349461 -0.272061
-0.796869 0.172661 -0.578954
-0.535806 -0.349463 -0.768627
-0.535806 -0.349463 0.768627
-0.796869 0.172661 0.578954
-0.896582 -0.349461 0.272061
0.565436 -0.349464 0.747099
0.304374 0.172661 0.936773
-0.018309 -0.349464 0.936771
0.885265 -0.349463 -0.306890
0.984982 0.172658 -0.000000
0.885265 -0.349463 0.306890
0.088399 -0.958211 -0.272061
0.510801 -0.635529 -0.578951
-0.072939 -0.635530 -0.768623
-0.231429 -0.958211 -0.168143
-0.392771 -0.635530 -0.664705
-0.753547 -0.635526 -0.168145
-0.231429 -0.958211 0.168143
-0.753547 -0.635526 0.168145
-0.392771 -0.635530 0.664705
0.286065 -0.958210 -0.000000
0.708466 -0.635528 -0.306889
0.708466 -0.635528 0.306889
0.088399 -0.958211 0.272061
-0.072939 -0.635530 0.768623
0.510801 -0.635529 0.578951
0.455680 -0.766239 0.453027
0.373614 -0.602103 0.705610
0.604867 -0.563480 0.562695
0.112496 -0.602103 0.790453
-0.102363 -0.766240 0.634349
-0.158598 -0.563479 0.810764
-0.030193 -0.910580 0.412228
0.266732 -0.910580 0.315750
0.052430 -0.985502 0.161362
0.571670 -0.766239 0.293379
0.786530 -0.602102 0.137277
0.722073 -0.563480 0.401373
0.786530 -0.602102 -0.137277
0.571670 -0.766239 -0.293379
0.722073 -0.563480 -0.401373
0.382722 -0.910580 -0.156102
0.382722 -0.910580 0.156102
0.169665 -0.985502 -0.000000
-0.290043 -0.766239 0.573369
-0.555626 -0.602102 0.573370
-0.348241 -0.563479 0.749146
-0.717008 -0.602100 0.351249
-0.634939 -0.766236 0.098668
-0.820075 -0.563501 0.099724
-0.401386 -0.910579 0.098667
-0.217873 -0.910580 0.351248
-0.137264 -0.985501 0.099727
-0.634939 -0.766236 -0.098668
-0.717008 -0.602100 -0.351249
-0.820075 -0.563501 -0.099724
-0.555626 -0.602102 -0.573370
-0.290043 -0.766239 -0.573369
-0.348241 -0.563479 -0.749146
-0.217873 -0.910580 -0.351248
-0.401386 -0.910579 -0.098667
-0.137264 -0.985501 -0.099727
-0.102363 -0.766240 -0.634349
0.112496 -0.602103 -0.790453
-0.158598 -0.563479 -0.810764
0.373614 -0.602103 -0.705610
0.455680 -0.766239 -0.453027
0.604867 -0.563480 -0.562695
0.266732 -0.910580 -0.315750
-0.030193 -0.910580 -0.412228
0.052430 -0.985502 -0.161362
0.890279 -0.434233 0.137277
0.941003 -0.168649 0.293379
0.826910 -0.393853 0.401373
0.985606 0.064905 0.156103
0.985606 0.064905 -0.156103
0.957334 0.288983 -0.000000
0.941003 -0.168649 -0.293379
0.890279 -0.434233 -0.137277
0.826910 -0.393853 -0.401373
0.144557 -0.434235 0.889125
0.011765 -0.168651 0.985606
-0.126201 -0.393855 0.910468
0.156105 0.064905 0.985606
0.453034 0.064905 0.889128
0.295827 0.289024 0.910468
0.569811 -0.168651 0.804284
0.405674 -0.434235 0.804281
0.637264 -0.393854 0.662400
-0.800941 -0.434234 0.412231
-0.933733 -0.168650 0.315753
-0.904906 -0.393838 0.161359
-0.889130 0.064904 0.453030
-0.705617 0.064904 0.705615
-0.774493 0.289020 0.562697
-0.588839 -0.168651 0.790459
-0.639560 -0.434235 0.634353
-0.433053 -0.393855 0.810767
-0.639560 -0.434235 -0.634353
-0.588839 -0.168651 -0.790459
-0.433053 -0.393855 -0.810767
-0.705617 0.064904 -0.705615
-0.889130 0.064904 -0.453030
-0.774493 0.289020 -0.562697
-0.933733 -0.168650 -0.315753
-0.800941 -0.434234 -0.412231
-0.904906 -0.393838 -0.161359
0.405674 -0.434235 -0.804281
0.569811 -0.168651 -0.804284
0.637264 -0.393854 -0.662400
0.453034 0.064905 -0.889128
0.156105 0.064905 -0.985606
0.295827 0.289024 -0.910468
0.011765 -0.168651 -0.985606
0.144557 -0.434235 -0.889125
-0.126201 -0.393855 -0.910468
0.933733 0.168650 0.315753
0.800941 0.434234 0.412231
0.904906 0.393838 0.161359
0.639560 0.434235 0.634353
0.588839 0.168651 0.790459
0.433053 0.393855 0.810767
0.705617 -0.064904 0.705615
0.889130 -0.064904 0.453030
0.774493 -0.289020 0.562697
-0.011765 0.168651 0.985606
-0.144557 0.434235 0.889125
0.126201 0.393855 0.910468
-0.405674 0.434235 0.804281
-0.569811 0.168651 0.804284
-0.637264 0.393854 0.662400
-0.453034 -0.064905 0.889128
-0.156105 -0.064905 0.985606
-0.295827 -0.289024 0.910468
-0.941003 0.168649 0.293379
-0.890279 0.434233 0.137277
-0.826910 0.393853 0.401373
-0.890279 0.434233 -0.137277
-0.941003 0.168649 -0.293379
-0.826910 0.393853 -0.401373
-0.985606 -0.064905 -0.156103
-0.985606 -0.064905 0.156103
-0.957334 -0.288983 0.000000
-0.569811 0.168651 -0.804284
-0.405674 0.434235 -0.804281
-0.637264 0.393854 -0.662400
-0.144557 0.434235 -0.889125
-0.011765 0.168651 -0.985606
0.126201 0.393855 -0.910468
-0.156105 -0.064905 -0.985606
-0.453034 -0.064905 -0.889128
-0.295827 -0.289024 -0.910468
0.588839 0.168651 -0.790459
0.639560 0.434235 -0.634353
0.433053 0.393855 -0.810767
0.800941 0.434234 -0.412231
0.933733 0.168650 -0.315753
0.904906 0.393838 -0.161359
0.889130 -0.064904 -0.453030
0.705617 -0.064904 -0.705615
0.774493 -0.289020 -0.562697
0.555626 0.602102 0.573370
0.290043 0.766239 0.573369
0.348241 0.563479 0.749146
0.217873 0.910580 0.351248
0.401386 0.910579 0.098667
0.137264 0.985501 0.099727
0.634939 0.766236 0.098668
0.717008 0.602100 0.351249
0.820075 0.563501 0.099724
-0.373614 0.602103 0.705610
-0.455680 0.766239 0.453027
-0.604867 0.563480 0.562695
-0.266732 0.910580 0.315750
0.030193 0.910580 0.412228
-0.052430 0.985502 0.161362
0.102363 0.766240 0.634349
-0.112496 0.602103 0.790453
0.158598 0.563479 0.810764
-0.786530 0.602102 -0.137277
-0.571670 0.766239 -0.293379
-0.722073 0.563480 -0.401373
-0.382722 0.910580 -0.156102
-0.382722 0.910580 0.156102
-0.169665 0.985502 -0.000000
-0.571670 0.766239 0.293379
-0.786530 0.602102 0.137277
-0.722073 0.563480 0.401373
-0.112496 0.602103 -0.790453
0.102363 0.766240 -0.634349
0.158598 0.563479 -0.810764
0.030193 0.910580 -0.412228
-0.266732 0.910580 -0.315750
-0.052430 0.985502 -0.161362
-0.455680 0.766239 -0.453027
-0.373614 0.602103 -0.705610
-0.604867 0.563480 -0.562695
0.717008 0.602100 -0.351249
0.634939 0.766236 -0.098668
0.820075 0.563501 -0.099724
0.401386 0.910579 -0.098667
0.217873 0.910580 -0.351248
0.137264 0.985501 -0.099727
0.290043 0.766239 -0.573369
0.555626 0.602102 -0.573370
0.348241 0.563479 -0.749146
0.333798 0.836282 -0.434985
0.516846 0.836280 -0.183046
0.598706 0.672561 -0.434986
-0.310547 0.836282 -0.451878
-0.014375 0.836282 -0.548111
-0.228689 0.672562 -0.703820
-0.525729 0.836281 0.155705
-0.525729 0.836281 -0.155705
-0.740043 0.672559 -0.000000
-0.014375 0.836282 0.548111
-0.310547 0.836282 0.451878
-0.228689 0.672562 0.703820
0.516846 0.836280 0.183046
0.333798 0.836282 0.434985
0.598706 0.672561 0.434986
0.886873 0.096234 -0.451880
0.754418 0.361144 -0.548114
0.703826 0.096235 -0.703824
-0.155709 0.096236 -0.983104
-0.288164 0.361146 -0.886868
-0.451884 0.096236 -0.886871
-0.983104 0.096236 -0.155707
-0.932509 0.361146 -0.000000
-0.983104 0.096236 0.155707
-0.451884 0.096236 0.886871
-0.288164 0.361146 0.886868
-0.155709 0.096236 0.983104
0.703826 0.096235 0.703824
0.754418 0.361144 0.548114
0.886873 0.096234 0.451880
0.155709 -0.096236 -0.983104
0.451884 -0.096236 -0.886871
0.288164 -0.361146 -0.886868
-0.886873 -0.096234 -0.451880
-0.703826 -0.096235 -0.703824
-0.754418 -0.361144 -0.548114
-0.703826 -0.096235 0.703824
-0.886873 -0.096234 0.451880
-0.754418 -0.361144 0.548114
0.451884 -0.096236 0.886871
0.155709 -0.096236 0.983104
0.288164 -0.361146 0.886868
0.983104 -0.096236 -0.155707
0.983104 -0.096236 0.155707
0.932509 -0.361146 -0.000000
0.310547 -0.836282 -0.451878
0.228689 -0.672562 -0.703820
0.014375 -0.836282 -0.548111
-0.333798 -0.836282 -0.434985
-0.598706 -0.672561 -0.434986
-0.516846 -0.836280 -0.183046
-0.516846 -0.836280 0.183046
-0.598706 -0.672561 0.434986
-0.333798 -0.836282 0.434985
0.525729 -0.836281 -0.155705
0.740043 -0.672559 -0.000000
0.525729 -0.836281 0.155705
0.014375 -0.836282 0.548111
0.228689 -0.672562 0.703820
0.310547 -0.836282 0.451878
320
1 159 161 160 0 0 0 1
1 156 157 158 1 1 1 1
1 151 153 152 2 2 2 1
1 146 148 147 3 3 3 1
1 141 143 142 4 4 4 1
1 134 135 136 5 5 5 1
1 129 130 131 6 6 6 1
1 124 125 126 7 7 7 1
1 119 120 121 8 8 8 1
1 114 115 116 9 9 9 1
1 109 111 110 10 10 10 1
1 102 104 103 11 11 11 1
1 95 97 96 12 12 12 1
1 88 90 89 13 13 13 1
1 81 83 82 14 14 14 1
1 74 75 76 15 15 15 1
1 69 70 71 16 16 16 1
1 62 63 64 17 17 17 1
1 55 56 57 18 18 18 1
1 48 49 50 19 19 19 1
1 44 48 42 20 20 20 1
1 47 49 45 21 21 21 1
1 43 50 46 22 22 22 1
1 54 55 52 23 23 23 1
1 45 56 53 24 24 24 1
1 51 57 44 25 25 25 1
1 61 62 58 26 26 26 1
1 53 63 60 27 27 27 1
1 59 64 54 28 28 28 1
1 67 69 65 29 29 29 1
1 60 70 68 30 30 30 1
1 66 71 61 31 31 31 1
1 46 74 73 32 32 32 1
1 68 75 47 33 33 33 1
1 72 76 67 34 34 34 1
1 79 77 81 35 35 35 1
1 43 80 82 36 36 36 1
1 78 42 83 37 37 37 1
1 87 84 88 38 38 38 1
1 51 86 89 39 39 39 1
1 85 52 90 40 40 40 1
1 93 91 95 41 41 41 1
1 59 94 96 42 42 42 1
1 92 58 97 43 43 43 1
1 101 99 102 44 44 44 1
1 66 100 103 45 45 45 1
1 98 65 104 46 46 46 1
1 108 106 109 47 47 47 1
1 72 107 110 48 48 48 1
1 105 73 111 49 49 49 1
1 87 114 113 50 50 50 1
1 78 115 86 51 51 51 1
1 112 116 77 52 52 52 1
1 93 119 117 53 53 53 1
1 85 120 94 54 54 54 1
1 118 121 84 55 55 55 1
1 101 124 123 56 56 56 1
1 92 125 100 57 57 57 1
1 122 126 91 58 58 58 1
1 108 129 127 59 59 59 1
1 98 130 107 60 60 60 1
1 128 131 99 61 61 61 1
1 79 134 132 62 62 62 1
1 105 135 80 63 63 63 1
1 133 136 106 64 64 64 1
1 140 137 141 65 65 65 1
1 112 139 142 66 66 66 1
1 138 113 143 67 67 67 1
1 137 144 146 68 68 68 1
1 118 138 147 69 69 69 1
1 145 117 148 70 70 70 1
1 144 149 151 71 71 71 1
1 122 145 152 72 72 72 1
1 150 123 153 73 73 73 1
1 140 156 154 74 74 74 1
1 132 157 139 75 75 75 1
1 155 158 133 76 76 76 1
1 149 154 159 77 77 77 1
1 128 150 160 78 78 78 1
1 155 127 161 79 79 79 1
1 12 155 161 80 80 80 1
1 14 161 127 81 81 81 1
1 1 127 155 82 82 82 1
1 14 128 160 83 83 83 1
1 13 160 150 84 84 84 1
1 2 150 128 85 85 85 1
1 13 149 159 86 86 86 1
1 12 159 154 87 87 87 1
1 0 154 149 88 88 88 1
1 12 158 155 89 89 89 1
1 16 133 158 90 90 90 1
1 1 155 133 91 91 91 1
1 16 157 132 92 92 92 1
1 15 139 157 93 93 93 1
1 5 132 139 94 94 94 1
1 15 156 140 95 95 95 1
1 12 154 156 96 96 96 1
1 0 140 154 97 97 97 1
1 13 150 153 98 98 98 1
1 18 153 123 99 99 99 1
1 2 123 150 100 100 100 1
1 18 122 152 101 101 101 1
1 17 152 145 102 102 102 1
1 3 145 122 103 103 103 1
1 17 144 151 104 104 104 1
1 13 151 149 105 105 105 1
1 0 149 144 106 106 106 1
1 17 145 148 107 107 107 1
1 20 148 117 108 108 108 1
1 3 117 145 109 109 109 1
1 20 118 147 110 110 110 1
1 19 147 138 111 111 111 1
1 4 138 118 112 112 112 1
1 19 137 146 113 113 113 1
1 17 146 144 114 114 114 1
1 0 144 137 115 115 115 1
1 19 138 143 116 116 116 1
1 21 143 113 117 117 117 1
1 4 113 138 118 118 118 1
1 21 112 142 119 119 119 1
1 15 142 139 120 120 120 1
1 5 139 112 121 121 121 1
1 15 140 141 122 122 122 1
1 19 141 137 123 123 123 1
1 0 137 140 124 124 124 1
1 16 136 133 125 125 125 1
1 23 106 136 126 126 126 1
1 1 133 106 127 127 127 1
1 23 135 105 128 128 128 1
1 22 80 135 129 129 129 1
1 10 105 80 130 130 130 1
1 22 134 79 131 131 131 1
1 16 132 134 132 132 132 1
1 5 79 132 133 133 133 1
1 14 131 128 134 134 134 1
1 25 99 131 135 135 135 1
1 2 128 99 136 136 136 1
1 25 130 98 137 137 137 1
1 24 107 130 138 138 138 1
1 6 98 107 139 139 139 1
1 24 129 108 140 140 140 1
1 14 127 129 141 141 141 1
1 1 108 127 142 142 142 1
1 18 126 122 143 143 143 1
1 27 91 126 144 144 144 1
1 3 122 91 145 145 145 1
1 27 125 92 146 146 146 1
1 26 100 125 147 147 147 1
1 7 92 100 148 148 148 1
1 26 124 101 149 149 149 1
1 18 123 124 150 150 150 1
1 2 101 123 151 151 151 1
1 20 121 118 152 152 152 1
1 29 84 121 153 153 153 1
1 4 118 84 154 154 154 1
1 29 120 85 155 155 155 1
1 28 94 120 156 156 156 1
1 8 85 94 157 157 157 1
1 28 119 93 158 158 158 1
1 20 117 119 159 159 159 1
1 3 93 117 160 160 160 1
1 21 116 112 161 161 161 1
1 31 77 116 162 162 162 1
1 5 112 77 163 163 163 1
1 31 115 78 164 164 164 1
1 30 86 115 165 165 165 1
1 9 78 86 166 166 166 1
1 30 114 87 167 167 167 1
1 21 113 114 168 168 168 1
1 4 87 113 169 169 169 1
1 23 105 111 170 170 170 1
1 32 111 73 171 171 171 1
1 10 73 105 172 172 172 1
1 32 72 110 173 173 173 1
1 24 110 107 174 174 174 1
1 6 107 72 175 175 175 1
1 24 108 109 176 176 176 1
1 23 109 106 177 177 177 1
1 1 106 108 178 178 178 1
1 25 98 104 179 179 179 1
1 33 104 65 180 180 180 1
1 6 65 98 181 181 181 1
1 33 66 103 182 182 182 1
1 26 103 100 183 183 183 1
1 7 100 66 184 184 184 1
1 26 101 102 185 185 185 1
1 25 102 99 186 186 186 1
1 2 99 101 187 187 187 1
1 27 92 97 188 188 188 1
1 34 97 58 189 189 189 1
1 7 58 92 190 190 190 1
1 34 59 96 191 191 191 1
1 28 96 94 192 192 192 1
1 8 94 59 193 193 193 1
1 28 93 95 194 194 194 1
1 27 95 91 195 195 195 1
1 3 91 93 196 196 196 1
1 29 85 90 197 197 197 1
1 35 90 52 198 198 198 1
1 8 52 85 199 199 199 1
1 35 51 89 200 200 200 1
1 30 89 86 201 201 201 1
1 9 86 51 202 202 202 1
1 30 87 88 203 203 203 1
1 29 88 84 204 204 204 1
1 4 84 87 205 205 205 1
1 31 78 83 206 206 206 1
1 36 83 42 207 207 207 1
1 9 42 78 208 208 208 1
1 36 43 82 209 209 209 1
1 22 82 80 210 210 210 1
1 10 80 43 211 211 211 1
1 22 79 81 212 212 212 1
1 31 81 77 213 213 213 1
1 5 77 79 214 214 214 1
1 32 76 72 215 215 215 1
1 38 67 76 216 216 216 1
1 6 72 67 217 217 217 1
1 38 75 68 218 218 218 1
1 37 47 75 219 219 219 1
1 11 68 47 220 220 220 1
1 37 74 46 221 221 221 1
1 32 73 74 222 222 222 1
1 10 46 73 223 223 223 1
1 33 71 66 224 224 224 1
1 39 61 71 225 225 225 1
1 7 66 61 226 226 226 1
1 39 70 60 227 227 227 1
1 38 68 70 228 228 228 1
1 11 60 68 229 229 229 1
1 38 69 67 230 230 230 1
1 33 65 69 231 231 231 1
1 6 67 65 232 232 232 1
1 34 64 59 233 233 233 1
1 40 54 64 234 234 234 1
1 8 59 54 235 235 235 1
1 40 63 53 236 236 236 1
1 39 60 63 237 237 237 1
1 11 53 60 238 238 238 1
1 39 62 61 239 239 239 1
1 34 58 62 240 240 240 1
1 7 61 58 241 241 241 1
1 35 57 51 242 242 242 1
1 41 44 57 243 243 243 1
1 9 51 44 244 244 244 1
1 41 56 45 245 245 245 1
1 40 53 56 246 246 246 1
1 11 45 53 247 247 247 1
1 40 55 54 248 248 248 1
1 35 52 55 249 249 249 1
1 8 54 52 250 250 250 1
1 36 50 43 251 251 251 1
1 37 46 50 252 252 252 1
1 10 43 46 253 253 253 1
1 37 49 47 254 254 254 1
1 41 45 49 255 255 255 1
1 11 47 45 256 256 256 1
1 41 48 44 257 257 257 1
1 36 42 48 258 258 258 1
1 9 44 42 259 259 259 1
1 41 49 48 260 260 260 1
1 37 50 49 261 261 261 1
1 36 48 50 262 262 262 1
1 40 56 55 263 263 263 1
1 41 57 56 264 264 264 1
1 35 55 57 265 265 265 1
1 39 63 62 266 266 266 1
1 40 64 63 267 267 267 1
1 34 62 64 268 268 268 1
1 38 70 69 269 269 269 1
1 39 71 70 270 270 270 1
1 33 69 71 271 271 271 1
1 37 75 74 272 272 272 1
1 38 76 75 273 273 273 1
1 32 74 76 274 274 274 1
1 22 81 82 275 275 275 1
1 36 82 83 276 276 276 1
1 31 83 81 277 277 277 1
1 30 88 89 278 278 278 1
1 35 89 90 279 279 279 1
1 29 90 88 280 280 280 1
1 28 95 96 281 281 281 1
1 34 96 97 282 282 282 1
1 27 97 95 283 283 283 1
1 26 102 103 284 284 284 1
1 33 103 104 285 285 285 1
1 25 104 102 286 286 286 1
1 24 109 110 287 287 287 1
1 32 110 111 288 288 288 1
1 23 111 109 289 289 289 1
1 30 115 114 290 290 290 1
1 31 116 115 291 291 291 1
1 21 114 116 292 292 292 1
1 28 120 119 293 293 293 1
1 29 121 120 294 294 294 1
1 20 119 121 295 295 295 1
1 26 125 124 296 296 296 1
1 27 126 125 297 297 297 1
1 18 124 126 298 298 298 1
1 24 130 129 299 299 299 1
1 25 131 130 300 300 300 1
1 14 129 131 301 301 301 1
1 22 135 134 302 302 302 1
1 23 136 135 303 303 303 1
1 16 134 136 304 304 304 1
1 15 141 142 305 305 305 1
1 21 142 143 306 306 306 1
1 19 143 141 307 307 307 1
1 19 146 147 308 308 308 1
1 20 147 148 309 309 309 1
1 17 148 146 310 310 310 1
1 17 151 152 311 311 311 1
1 18 152 153 312 312 312 1
1 13 153 151 313 313 313 1
1 15 157 156 314 314 314 1
1 16 158 157 315 315 315 1
1 12 156 158 316 316 316 1
1 13 159 160 317 317 317 1
1 14 160 161 318 318 318 1
1 12 161 159 319 319 319 1

Materials: 2

"Material.001"
0.800000011921 0.800000011921 0.800000011921 1.0
0.800000011921 0.800000011921 0.800000011921 1.0
0.5 0.5 0.5 1.0
0.00000 0.000000 0.000000 1.0
50
1.0
".\metal.bmp"
""


"Material"
0.800000011921 0.800000011921 0.800000011921 1.0
0.800000011921 0.800000011921 0.800000011921 1.0
0.5 0.5 0.5 1.0
0.00000 0.000000 0.000000 1.0
50
1.0
".\worn.bmp"
""

Bones: 0
