// MilkShape 3D ASCII

Frames: 30
Frame: 1

Meshes: 6
"black" 1 1
20
1 2.332101 -0.233998 0.322295 0.000000 0.000000 -1
1 1.689847 0.674562 -0.137709 0.000000 1.000000 -1
1 2.710270 0.431360 1.079058 1.000000 0.000000 -1
1 2.075447 1.333911 0.626203 1.000000 1.000000 -1
1 2.710270 0.431360 1.079058 0.000000 0.000000 -1
1 2.075447 1.333911 0.626203 0.000000 1.000000 -1
1 1.696633 0.112999 1.865493 1.000000 0.000000 -1
1 1.061810 1.015552 1.412636 1.000000 1.000000 -1
1 1.696633 0.112999 1.865493 0.000000 0.000000 -1
1 1.061810 1.015552 1.412636 0.000000 1.000000 -1
1 1.318470 -0.552361 1.108733 1.000000 0.000000 -1
1 0.676208 0.356204 0.648723 1.000000 1.000000 -1
1 1.318470 -0.552361 1.108733 0.000000 0.000000 -1
1 0.676208 0.356204 0.648723 0.000000 1.000000 -1
1 2.332101 -0.233998 0.322295 1.000000 0.000000 -1
1 1.689847 0.674562 -0.137709 1.000000 1.000000 -1
1 2.332101 -0.233998 0.322295 0.000000 1.000000 -1
1 2.710270 0.431360 1.079058 1.000000 1.000000 -1
1 1.689847 0.674562 -0.137709 0.000000 0.000000 -1
1 2.075447 1.333911 0.626203 1.000000 0.000000 -1
18
0.766830 0.240842 -0.594952
0.766829 0.240843 -0.594952
0.766829 0.240844 -0.594951
0.358752 0.607793 0.708439
0.358751 0.607793 0.708439
0.358751 0.607793 0.708439
-0.766830 -0.240844 0.594950
-0.766830 -0.240844 0.594951
-0.766830 -0.240844 0.594951
-0.356946 -0.610355 -0.707146
-0.356946 -0.610354 -0.707148
-0.356946 -0.610352 -0.707149
0.537143 -0.748213 0.389429
0.537140 -0.748215 0.389428
0.537137 -0.748218 0.389427
-0.533440 0.754628 -0.382071
-0.533440 0.754628 -0.382070
-0.533440 0.754629 -0.382069
12
1 0 1 2 0 1 1 1
1 1 3 2 1 2 1 1
1 4 5 6 3 4 4 2
1 5 7 6 4 5 4 2
1 8 9 10 6 7 7 1
1 9 11 10 7 8 7 1
1 12 13 14 9 10 10 2
1 13 15 14 10 11 10 2
1 12 16 6 12 13 13 3
1 16 17 6 13 14 13 3
1 18 13 19 15 16 16 3
1 13 7 19 16 17 16 3
"Cylinder03" 1 4
71
1 1.677934 0.725149 2.029243 0.000000 0.000000 -1
1 1.722183 0.720980 1.959230 0.000000 0.000000 -1
1 1.567220 0.535841 1.809910 0.000000 0.000000 -1
1 1.788110 0.569293 2.108152 0.000000 0.000000 -1
1 1.677394 0.379985 1.888819 0.000000 0.000000 -1
1 1.832354 0.565126 2.038137 0.000000 0.000000 -1
1 1.677934 0.725149 2.029243 0.000000 1.000000 -1
1 1.696296 0.699177 2.042393 0.000000 0.833333 -1
1 1.740543 0.695005 1.972377 0.083333 0.833333 -1
1 1.722183 0.720980 1.959230 0.083333 1.000000 -1
1 1.714658 0.673197 2.055550 0.000000 0.666667 -1
1 1.758906 0.669030 1.985530 0.083333 0.666667 -1
1 1.733021 0.647224 2.068699 0.000000 0.500000 -1
1 1.777272 0.643053 1.998680 0.083333 0.500000 -1
1 1.751383 0.621247 2.081853 0.000000 0.333333 -1
1 1.795633 0.617076 2.011832 0.083333 0.333333 -1
1 1.769748 0.595272 2.094999 0.000000 0.166667 -1
1 1.813994 0.591098 2.024987 0.083333 0.166667 -1
1 1.832354 0.565126 2.038137 0.083333 0.000000 -1
1 1.766770 0.691562 1.838859 0.000000 0.000000 -1
1 1.876945 0.535706 1.917771 0.000000 0.000000 -1
1 1.766770 0.691562 1.838859 0.166667 1.000000 -1
1 1.785134 0.665584 1.852014 0.166667 0.833333 -1
1 1.803498 0.639607 1.865164 0.166667 0.666667 -1
1 1.821860 0.613632 1.878315 0.166667 0.500000 -1
1 1.840226 0.587657 1.891468 0.166667 0.333333 -1
1 1.858583 0.561680 1.904620 0.166667 0.166667 -1
1 1.876945 0.535706 1.917771 0.166667 0.000000 -1
1 1.715442 0.582390 1.694915 0.000000 0.000000 -1
1 1.825612 0.426535 1.773825 0.000000 0.000000 -1
1 1.733799 0.556420 1.708066 0.250000 0.833333 -1
1 1.715442 0.582390 1.694915 0.250000 1.000000 -1
1 1.752161 0.530445 1.721217 0.250000 0.666667 -1
1 1.770524 0.504465 1.734369 0.250000 0.500000 -1
1 1.788887 0.478488 1.747520 0.250000 0.333333 -1
1 1.807251 0.452510 1.760673 0.250000 0.166667 -1
1 1.825612 0.426535 1.773825 0.250000 0.000000 -1
1 1.421823 0.490173 1.922718 0.000000 0.000000 -1
1 1.503802 0.608968 2.042884 0.000000 0.000000 -1
1 1.531994 0.334319 2.001630 0.000000 0.000000 -1
1 1.613976 0.453113 2.121799 0.000000 0.000000 -1
1 1.421823 0.490173 1.922718 0.750000 1.000000 -1
1 1.440186 0.464194 1.935873 0.750000 0.833333 -1
1 1.503802 0.608968 2.042884 0.833333 1.000000 -1
1 1.522167 0.582995 2.056037 0.833333 0.833333 -1
1 1.458543 0.438227 1.949020 0.750000 0.666667 -1
1 1.540529 0.557018 2.069189 0.833333 0.666667 -1
1 1.476908 0.412245 1.962175 0.750000 0.500000 -1
1 1.558894 0.531039 2.082342 0.833333 0.500000 -1
1 1.495270 0.386269 1.975327 0.750000 0.333333 -1
1 1.577259 0.505063 2.095493 0.833333 0.333333 -1
1 1.513632 0.360292 1.988476 0.750000 0.166667 -1
1 1.595616 0.479089 2.108644 0.833333 0.166667 -1
1 1.531994 0.334319 2.001630 0.750000 0.000000 -1
1 1.613976 0.453113 2.121799 0.833333 0.000000 -1
1 1.607794 0.685059 2.047970 0.000000 0.000000 -1
1 1.717971 0.529198 2.126885 0.000000 0.000000 -1
1 1.626159 0.659079 2.061125 0.916667 0.833333 -1
1 1.607794 0.685059 2.047970 0.916667 1.000000 -1
1 1.644520 0.633103 2.074275 0.916667 0.666667 -1
1 1.662885 0.607126 2.087430 0.916667 0.500000 -1
1 1.681249 0.581150 2.100583 0.916667 0.333333 -1
1 1.699607 0.555178 2.113731 0.916667 0.166667 -1
1 1.717971 0.529198 2.126885 0.916667 0.000000 -1
1 1.677934 0.725149 2.029243 1.000000 1.000000 -1
1 1.696296 0.699177 2.042393 1.000000 0.833333 -1
1 1.714658 0.673197 2.055550 1.000000 0.666667 -1
1 1.733021 0.647224 2.068699 1.000000 0.500000 -1
1 1.751383 0.621247 2.081853 1.000000 0.333333 -1
1 1.769748 0.595272 2.094999 1.000000 0.166667 -1
1 1.788110 0.569293 2.108152 1.000000 0.000000 -1
72
-0.533398 0.754646 -0.382093
-0.533449 0.754634 -0.382048
-0.533435 0.754627 -0.382079
0.533452 -0.754632 0.382048
0.533442 -0.754630 0.382064
0.533461 -0.754625 0.382047
0.656323 0.654219 0.375817
0.656324 0.654238 0.375780
0.722323 0.641451 0.258439
0.722354 0.641399 0.258478
0.656313 0.654240 0.375798
0.722293 0.641492 0.258420
0.656306 0.654236 0.375817
0.722308 0.641469 0.258433
0.656334 0.654213 0.375806
0.722342 0.641420 0.258463
0.656343 0.654213 0.375793
0.722333 0.641436 0.258447
0.656343 0.654207 0.375802
0.722320 0.641452 0.258442
-0.533449 0.754622 -0.382070
0.533441 -0.754624 0.382076
0.845134 0.494180 -0.203802
0.845104 0.494223 -0.203821
0.845096 0.494232 -0.203832
0.845082 0.494247 -0.203853
0.845122 0.494196 -0.203811
0.845138 0.494176 -0.203794
0.845109 0.494216 -0.203816
-0.533436 0.754612 -0.382108
0.533438 -0.754622 0.382086
0.800462 0.304420 -0.516322
0.800498 0.304377 -0.516293
0.800460 0.304417 -0.516328
0.800443 0.304432 -0.516345
0.800442 0.304426 -0.516351
0.800474 0.304396 -0.516319
0.800479 0.304385 -0.516317
-0.533454 0.754616 -0.382075
-0.533457 0.754614 -0.382075
0.533442 -0.754628 0.382068
0.533434 -0.754634 0.382068
-0.724529 -0.174495 0.666790
-0.724496 -0.174526 0.666818
-0.523613 0.060158 0.849830
-0.523600 0.060145 0.849839
-0.724498 -0.174523 0.666816
-0.523599 0.060146 0.849839
-0.724483 -0.174531 0.666831
-0.523583 0.060123 0.849851
-0.724479 -0.174523 0.666837
-0.523601 0.060147 0.849838
-0.724518 -0.174490 0.666803
-0.523646 0.060207 0.849806
-0.724515 -0.174517 0.666800
-0.523634 0.060193 0.849814
-0.533411 0.754635 -0.382098
0.533426 -0.754640 0.382067
-0.136181 0.369206 0.919316
-0.136193 0.369224 0.919307
-0.136186 0.369188 0.919322
-0.136187 0.369201 0.919317
-0.136184 0.369192 0.919321
-0.136159 0.369196 0.919323
-0.136150 0.369206 0.919320
-0.014298 0.443620 0.896101
-0.014302 0.443640 0.896091
-0.014312 0.443602 0.896110
-0.014296 0.443602 0.896110
-0.014277 0.443587 0.896117
-0.014229 0.443570 0.896127
-0.014265 0.443616 0.896103
84
1 0 1 2 0 1 2 2
1 3 4 5 3 4 5 2
1 6 7 8 6 7 8 1
1 6 8 9 6 8 9 1
1 7 10 8 7 10 8 1
1 10 11 8 10 11 8 1
1 10 12 13 10 12 13 1
1 10 13 11 10 13 11 1
1 12 14 13 12 14 13 1
1 14 15 13 14 15 13 1
1 14 16 17 14 16 17 1
1 14 17 15 14 17 15 1
1 16 3 17 16 18 17 1
1 3 18 17 18 19 17 1
1 1 19 2 1 20 2 2
1 5 4 20 5 4 21 2
1 9 8 21 9 8 22 1
1 8 22 21 8 23 22 1
1 8 11 23 8 11 24 1
1 8 23 22 8 24 23 1
1 11 13 23 11 13 24 1
1 13 24 23 13 25 24 1
1 13 15 25 13 15 26 1
1 13 25 24 13 26 25 1
1 15 17 25 15 17 26 1
1 17 26 25 17 27 26 1
1 17 18 27 17 19 28 1
1 17 27 26 17 28 27 1
1 19 28 2 20 29 2 2
1 20 4 29 21 4 30 2
1 21 22 30 22 23 31 1
1 21 30 31 22 31 32 1
1 22 23 30 23 24 31 1
1 23 32 30 24 33 31 1
1 23 24 33 24 25 34 1
1 23 33 32 24 34 33 1
1 24 25 33 25 26 34 1
1 25 34 33 26 35 34 1
1 25 26 35 26 27 36 1
1 25 35 34 26 36 35 1
1 26 27 35 27 28 36 1
1 27 36 35 28 37 36 1
1 37 38 2 38 39 2 2
1 39 4 40 40 4 41 2
1 41 42 43 42 43 44 1
1 42 44 43 43 45 44 1
1 42 45 46 43 46 47 1
1 42 46 44 43 47 45 1
1 45 47 46 46 48 47 1
1 47 48 46 48 49 47 1
1 47 49 50 48 50 51 1
1 47 50 48 48 51 49 1
1 49 51 50 50 52 51 1
1 51 52 50 52 53 51 1
1 51 53 54 52 54 55 1
1 51 54 52 52 55 53 1
1 38 55 2 39 56 2 2
1 40 4 56 41 4 57 2
1 43 44 57 44 45 58 1
1 43 57 58 44 58 59 1
1 44 46 57 45 47 58 1
1 46 59 57 47 60 58 1
1 46 48 60 47 49 61 1
1 46 60 59 47 61 60 1
1 48 50 60 49 51 61 1
1 50 61 60 51 62 61 1
1 50 52 62 51 53 63 1
1 50 62 61 51 63 62 1
1 52 54 62 53 55 63 1
1 54 63 62 55 64 63 1
1 55 0 2 56 0 2 2
1 56 4 3 57 4 3 2
1 58 57 64 59 58 65 1
1 57 65 64 58 66 65 1
1 57 59 66 58 60 67 1
1 57 66 65 58 67 66 1
1 59 60 66 60 61 67 1
1 60 67 66 61 68 67 1
1 60 61 68 61 62 69 1
1 60 68 67 61 69 68 1
1 61 62 68 62 63 69 1
1 62 69 68 63 70 69 1
1 62 63 70 63 64 71 1
1 62 70 69 63 71 70 1
"Regroup03" 1 0
172
1 0.366271 3.812759 0.537615 0.000000 0.000000 -1
1 -0.130441 2.963421 -0.446413 0.000000 0.000000 -1
1 0.833264 3.866538 -0.008171 0.000000 0.000000 -1
1 0.154440 4.112423 0.385893 0.000000 0.333333 -1
1 0.334911 4.090387 0.609574 0.000000 0.166667 -1
1 0.910460 4.164306 -0.048020 0.083333 0.166667 -1
1 0.621432 4.166212 -0.159899 0.083333 0.333333 -1
1 0.833264 3.866538 -0.008171 0.083333 0.000000 -1
1 1.042041 3.678337 -0.671389 0.000000 0.000000 -1
1 0.830206 3.978002 -0.823107 0.166667 0.333333 -1
1 1.178710 3.956637 -0.832704 0.166667 0.166667 -1
1 1.042041 3.678337 -0.671389 0.166667 0.000000 -1
1 0.936650 3.298569 -1.274318 0.000000 0.000000 -1
1 1.067757 3.523026 -1.534230 0.250000 0.166667 -1
1 0.724810 3.598243 -1.426042 0.250000 0.333333 -1
1 0.936650 3.298569 -1.274318 0.250000 0.000000 -1
1 0.545328 2.829000 -1.655413 0.000000 0.000000 -1
1 0.333495 3.128671 -1.807137 0.333333 0.333333 -1
1 0.607345 2.979651 -1.964625 0.333333 0.166667 -1
1 0.545328 2.829000 -1.655413 0.333333 0.000000 -1
1 -0.027063 2.395451 -1.712563 0.000000 0.000000 -1
1 -0.079166 2.472121 -2.008558 0.416667 0.166667 -1
1 -0.238896 2.695122 -1.864287 0.416667 0.333333 -1
1 -0.027063 2.395451 -1.712563 0.416667 0.000000 -1
1 -0.627153 2.114083 -1.430443 0.000000 0.000000 -1
1 -0.838985 2.413753 -1.582166 0.500000 0.333333 -1
1 -0.807821 2.136411 -1.654272 0.500000 0.166667 -1
1 -0.627153 2.114083 -1.430443 0.500000 0.000000 -1
1 -1.094152 2.060304 -0.884658 0.000000 0.000000 -1
1 -1.383380 2.062494 -0.996681 0.583333 0.166667 -1
1 -1.305979 2.359968 -1.036380 0.583333 0.333333 -1
1 -1.094152 2.060304 -0.884658 0.583333 0.000000 -1
1 -1.302919 2.248507 -0.221446 0.000000 0.000000 -1
1 -1.514754 2.548176 -0.373169 0.666667 0.333333 -1
1 -1.651633 2.270160 -0.211998 0.666667 0.166667 -1
1 -1.302919 2.248507 -0.221446 0.666667 0.000000 -1
1 -1.197523 2.628272 0.381491 0.000000 0.000000 -1
1 -1.540670 2.703775 0.489532 0.750000 0.166667 -1
1 -1.409358 2.927941 0.229765 0.750000 0.333333 -1
1 -1.197523 2.628272 0.381491 0.750000 0.000000 -1
1 -0.806206 3.097840 0.762584 0.000000 0.000000 -1
1 -1.018042 3.397510 0.610858 0.833333 0.333333 -1
1 -1.080261 3.247145 0.919927 0.833333 0.166667 -1
1 -0.806206 3.097840 0.762584 0.833333 0.000000 -1
1 -0.233821 3.531398 0.819729 0.000000 0.000000 -1
1 -0.393751 3.754676 0.963860 0.916667 0.166667 -1
1 -0.445650 3.831058 0.668009 0.916667 0.333333 -1
1 -0.233821 3.531398 0.819729 0.916667 0.000000 -1
1 0.154440 4.112423 0.385893 1.000000 0.333333 -1
1 0.334911 4.090387 0.609574 1.000000 0.166667 -1
1 0.366271 3.812759 0.537615 1.000000 0.000000 -1
1 -0.795298 5.521349 -0.267868 0.000000 0.000000 -1
1 -0.303885 5.577945 -0.842188 0.000000 0.000000 -1
1 -1.317970 4.627607 -1.303337 0.000000 0.000000 -1
1 1.890982 1.721235 1.656136 0.000000 0.000000 -1
1 1.368307 0.827496 0.620664 0.000000 0.000000 -1
1 2.382398 1.777828 1.081816 0.000000 0.000000 -1
1 -0.795298 5.521349 -0.267868 0.000000 1.000000 -1
1 -0.347582 4.887992 0.052801 0.000000 0.833333 -1
1 0.143829 4.944598 -0.521524 0.083333 0.833333 -1
1 -0.303885 5.577945 -0.842188 0.083333 1.000000 -1
1 0.100130 4.254642 0.373464 0.000000 0.666667 -1
1 0.591546 4.311239 -0.200852 0.083333 0.666667 -1
1 0.547846 3.621288 0.694133 0.000000 0.500000 -1
1 1.039258 3.677884 0.119813 0.083333 0.500000 -1
1 0.995558 2.987939 1.014803 0.000000 0.333333 -1
1 1.486969 3.044534 0.440484 0.083333 0.333333 -1
1 1.443275 2.354584 1.335470 0.000000 0.166667 -1
1 1.934681 2.411180 0.761150 0.083333 0.166667 -1
1 2.382398 1.777828 1.081816 0.083333 0.000000 -1
1 -0.084196 5.379899 -1.540076 0.000000 0.000000 -1
1 2.602081 1.579785 0.383931 0.000000 0.000000 -1
1 -0.084196 5.379899 -1.540076 0.166667 1.000000 -1
1 0.363514 4.746549 -1.219404 0.166667 0.833333 -1
1 0.811228 4.113196 -0.898741 0.166667 0.666667 -1
1 1.258944 3.479843 -0.578071 0.166667 0.500000 -1
1 1.706656 2.846490 -0.257404 0.166667 0.333333 -1
1 2.154369 2.213134 0.063266 0.166667 0.166667 -1
1 2.602081 1.579785 0.383931 0.166667 0.000000 -1
1 -0.195101 4.980289 -2.174531 0.000000 0.000000 -1
1 2.491179 1.180162 -0.250519 0.000000 0.000000 -1
1 0.252608 4.346930 -1.853860 0.250000 0.833333 -1
1 -0.195101 4.980289 -2.174531 0.250000 1.000000 -1
1 0.700324 3.713575 -1.533190 0.250000 0.666667 -1
1 1.148036 3.080222 -1.212522 0.250000 0.500000 -1
1 1.595754 2.446866 -0.891857 0.250000 0.333333 -1
1 2.043466 1.813516 -0.571187 0.250000 0.166667 -1
1 2.491179 1.180162 -0.250519 0.250000 0.000000 -1
1 -0.606879 4.486174 -2.575549 0.000000 0.000000 -1
1 2.079407 0.686045 -0.651543 0.000000 0.000000 -1
1 -0.606879 4.486174 -2.575549 0.333333 1.000000 -1
1 -0.159167 3.852812 -2.254876 0.333333 0.833333 -1
1 0.288550 3.219460 -1.934212 0.333333 0.666667 -1
1 0.736261 2.586103 -1.613542 0.333333 0.500000 -1
1 1.183977 1.952750 -1.292876 0.333333 0.333333 -1
1 1.631690 1.319396 -0.972207 0.333333 0.166667 -1
1 2.079407 0.686045 -0.651543 0.333333 0.000000 -1
1 -1.209190 4.029936 -2.635678 0.000000 0.000000 -1
1 1.477090 0.229830 -0.711679 0.000000 0.000000 -1
1 -0.761477 3.396599 -2.315011 0.416667 0.833333 -1
1 -1.209190 4.029936 -2.635678 0.416667 1.000000 -1
1 -0.313765 2.763238 -1.994339 0.416667 0.666667 -1
1 0.133949 2.129884 -1.673676 0.416667 0.500000 -1
1 0.581660 1.496533 -1.353009 0.416667 0.333333 -1
1 1.029374 0.863182 -1.032342 0.416667 0.166667 -1
1 1.477090 0.229830 -0.711679 0.416667 0.000000 -1
1 -1.840657 3.733874 -2.338814 0.000000 0.000000 -1
1 0.845625 -0.066242 -0.414810 0.000000 0.000000 -1
1 -1.840657 3.733874 -2.338814 0.500000 1.000000 -1
1 -1.392940 3.100522 -2.018146 0.500000 0.833333 -1
1 -0.945232 2.467173 -1.697482 0.500000 0.666667 -1
1 -0.497512 1.833815 -1.376811 0.500000 0.500000 -1
1 -0.049799 1.200461 -1.056143 0.500000 0.333333 -1
1 0.397914 0.567107 -0.735477 0.500000 0.166667 -1
1 0.845625 -0.066242 -0.414810 0.500000 0.000000 -1
1 -2.332063 3.677277 -1.764493 0.000000 0.000000 -1
1 0.354221 -0.122842 0.159508 0.000000 0.000000 -1
1 -1.884351 3.043926 -1.443828 0.583333 0.833333 -1
1 -2.332063 3.677277 -1.764493 0.583333 1.000000 -1
1 -1.436642 2.410573 -1.123160 0.583333 0.666667 -1
1 -0.988923 1.777219 -0.802493 0.583333 0.500000 -1
1 -0.541209 1.143866 -0.481823 0.583333 0.333333 -1
1 -0.093494 0.510509 -0.161158 0.583333 0.166667 -1
1 0.354221 -0.122842 0.159508 0.583333 0.000000 -1
1 -2.551747 3.875326 -1.066610 0.000000 0.000000 -1
1 0.134542 0.075203 0.857395 0.000000 0.000000 -1
1 -2.551747 3.875326 -1.066610 0.666667 1.000000 -1
1 -2.104035 3.241971 -0.745942 0.666667 0.833333 -1
1 -1.656317 2.608614 -0.425274 0.666667 0.666667 -1
1 -1.208605 1.975261 -0.104607 0.666667 0.500000 -1
1 -0.760894 1.341910 0.216063 0.666667 0.333333 -1
1 -0.313181 0.708555 0.536729 0.666667 0.166667 -1
1 0.134542 0.075203 0.857395 0.666667 0.000000 -1
1 -2.440856 4.274945 -0.432158 0.000000 0.000000 -1
1 0.245439 0.474825 1.491849 0.000000 0.000000 -1
1 -1.993129 3.641589 -0.111490 0.750000 0.833333 -1
1 -2.440856 4.274945 -0.432158 0.750000 1.000000 -1
1 -1.545417 3.008235 0.209179 0.750000 0.666667 -1
1 -1.097702 2.374881 0.529844 0.750000 0.500000 -1
1 -0.649987 1.741527 0.850515 0.750000 0.333333 -1
1 -0.202279 1.108180 1.171180 0.750000 0.166667 -1
1 0.245439 0.474825 1.491849 0.750000 0.000000 -1
1 -2.029067 4.769058 -0.031139 0.000000 0.000000 -1
1 0.657218 0.968940 1.892869 0.000000 0.000000 -1
1 -2.029067 4.769058 -0.031139 0.833333 1.000000 -1
1 -1.581354 4.135705 0.289530 0.833333 0.833333 -1
1 -1.133643 3.502352 0.610198 0.833333 0.666667 -1
1 -0.685925 2.868997 0.930866 0.833333 0.500000 -1
1 -0.238214 2.235646 1.251535 0.833333 0.333333 -1
1 0.209502 1.602295 1.572199 0.833333 0.166667 -1
1 0.657218 0.968940 1.892869 0.833333 0.000000 -1
1 -1.426757 5.225282 0.028993 0.000000 0.000000 -1
1 1.259527 1.425158 1.953001 0.000000 0.000000 -1
1 -0.979042 4.591923 0.349665 0.916667 0.833333 -1
1 -1.426757 5.225282 0.028993 0.916667 1.000000 -1
1 -0.531330 3.958572 0.670332 0.916667 0.666667 -1
1 -0.083616 3.325218 0.991000 0.916667 0.500000 -1
1 0.364098 2.691865 1.311668 0.916667 0.333333 -1
1 0.811818 2.058511 1.632336 0.916667 0.166667 -1
1 1.259527 1.425158 1.953001 0.916667 0.000000 -1
1 -0.795298 5.521349 -0.267868 1.000000 1.000000 -1
1 -0.347582 4.887992 0.052801 1.000000 0.833333 -1
1 0.100130 4.254642 0.373464 1.000000 0.666667 -1
1 0.547846 3.621288 0.694133 1.000000 0.500000 -1
1 0.995558 2.987939 1.014803 1.000000 0.333333 -1
1 1.443275 2.354584 1.335470 1.000000 0.166667 -1
1 1.890982 1.721235 1.656136 1.000000 0.000000 -1
1 1.517144 0.754550 1.752393 0.333333 0.833333 -1
1 1.862006 0.284000 1.978068 0.333333 0.666667 -1
1 1.491164 0.721515 1.762119 0.416667 0.833333 -1
1 1.779783 0.278532 1.990484 0.500000 0.666667 -1
1 1.472248 0.696272 1.791544 0.500000 0.833333 -1
172
0.533438 -0.754628 0.382072
0.533441 -0.754628 0.382068
0.533441 -0.754629 0.382069
-0.015920 0.995695 0.091316
0.533370 0.651080 0.540011
0.680368 0.651515 0.335601
0.038852 0.995758 -0.083408
0.757579 -0.097534 0.645416
0.852599 -0.154216 0.499292
0.533442 -0.754627 0.382069
0.052414 0.918692 -0.391482
0.839537 0.526789 -0.132932
0.922140 -0.310398 0.230890
0.533441 -0.754628 0.382070
0.766583 0.241192 -0.595127
-0.034959 0.765217 -0.642823
0.863353 -0.504601 -0.000267
0.533439 -0.754631 0.382067
-0.163603 0.549300 -0.819454
0.463179 -0.116768 -0.878539
0.705847 -0.680244 -0.197607
0.533442 -0.754629 0.382066
0.053697 -0.420064 -0.905904
-0.362813 0.308910 -0.879171
0.450482 -0.841815 -0.297344
0.533441 -0.754628 0.382069
-0.634275 0.142365 -0.759886
-0.357207 -0.609980 -0.707338
0.150480 -0.968555 -0.198134
0.533438 -0.754631 0.382068
-0.680889 -0.650774 -0.335980
-0.852421 0.155162 -0.499302
-0.039669 -0.995763 0.082956
0.533441 -0.754631 0.382063
-0.921795 0.311189 -0.231204
-0.840047 -0.526066 0.132569
-0.053312 -0.918678 0.391394
0.533443 -0.754629 0.382066
-0.767078 -0.240488 0.594775
-0.863038 0.505139 -0.000356
0.034143 -0.765035 0.643083
0.533447 -0.754624 0.382070
-0.705775 0.680563 0.196763
-0.463682 0.117477 0.878179
0.162979 -0.548834 0.819889
0.533443 -0.754625 0.382072
-0.054214 0.420796 0.905534
-0.450751 0.841985 0.296452
0.362442 -0.308178 0.879580
-0.281664 0.912229 0.297494
0.158337 0.533290 0.830982
0.491561 -0.181091 0.851806
-0.533440 0.754626 -0.382075
-0.533443 0.754625 -0.382072
-0.533441 0.754628 -0.382069
0.533443 -0.754627 0.382070
0.533443 -0.754628 0.382068
0.533439 -0.754629 0.382069
0.543250 0.651891 0.529071
0.543250 0.651890 0.529074
0.692538 0.649004 0.314935
0.692536 0.649007 0.314935
0.543250 0.651890 0.529073
0.692539 0.649002 0.314937
0.543251 0.651893 0.529069
0.692538 0.649004 0.314936
0.543253 0.651892 0.529069
0.692539 0.649003 0.314935
0.543255 0.651891 0.529067
0.692540 0.649003 0.314934
0.543254 0.651891 0.529068
0.692538 0.649005 0.314933
-0.533445 0.754629 -0.382062
0.533442 -0.754628 0.382069
0.842569 0.513752 -0.161666
0.842568 0.513752 -0.161669
0.842568 0.513753 -0.161670
0.842568 0.513753 -0.161669
0.842568 0.513753 -0.161668
0.842568 0.513753 -0.161666
0.842568 0.513754 -0.161668
-0.533446 0.754631 -0.382057
0.533441 -0.754627 0.382071
0.766831 0.240840 -0.594951
0.766834 0.240837 -0.594948
0.766830 0.240842 -0.594950
0.766829 0.240842 -0.594953
0.766828 0.240843 -0.594953
0.766830 0.240843 -0.594951
0.766832 0.240843 -0.594948
-0.533455 0.754622 -0.382062
0.533438 -0.754630 0.382069
0.485622 -0.096606 -0.868814
0.485619 -0.096602 -0.868816
0.485619 -0.096601 -0.868817
0.485621 -0.096600 -0.868816
0.485619 -0.096601 -0.868817
0.485618 -0.096600 -0.868817
0.485619 -0.096597 -0.868817
-0.533445 0.754626 -0.382069
0.533438 -0.754631 0.382068
0.074291 -0.408161 -0.909882
0.074292 -0.408165 -0.909880
0.074288 -0.408159 -0.909883
0.074288 -0.408159 -0.909883
0.074288 -0.408161 -0.909882
0.074288 -0.408159 -0.909883
0.074286 -0.408157 -0.909884
-0.533435 0.754634 -0.382067
0.533443 -0.754629 0.382066
-0.356945 -0.610356 -0.707146
-0.356944 -0.610353 -0.707149
-0.356945 -0.610352 -0.707150
-0.356946 -0.610354 -0.707147
-0.356947 -0.610353 -0.707148
-0.356945 -0.610353 -0.707149
-0.356946 -0.610354 -0.707148
-0.533439 0.754631 -0.382067
0.533446 -0.754628 0.382063
-0.692541 -0.649002 -0.314933
-0.692542 -0.649003 -0.314930
-0.692541 -0.649003 -0.314931
-0.692539 -0.649005 -0.314933
-0.692540 -0.649003 -0.314934
-0.692540 -0.649004 -0.314933
-0.692540 -0.649005 -0.314930
-0.533436 0.754629 -0.382075
0.533446 -0.754626 0.382067
-0.842567 -0.513756 0.161667
-0.842568 -0.513752 0.161669
-0.842568 -0.513753 0.161670
-0.842569 -0.513752 0.161668
-0.842569 -0.513752 0.161668
-0.842566 -0.513757 0.161671
-0.842565 -0.513758 0.161671
-0.533433 0.754632 -0.382073
0.533443 -0.754628 0.382067
-0.766829 -0.240844 0.594952
-0.766824 -0.240852 0.594955
-0.766830 -0.240844 0.594950
-0.766830 -0.240843 0.594951
-0.766831 -0.240841 0.594951
-0.766828 -0.240844 0.594953
-0.766829 -0.240845 0.594950
-0.533439 0.754629 -0.382071
0.533444 -0.754629 0.382064
-0.485618 0.096601 0.868817
-0.485622 0.096601 0.868815
-0.485621 0.096600 0.868816
-0.485622 0.096600 0.868815
-0.485620 0.096601 0.868816
-0.485618 0.096600 0.868817
-0.485619 0.096601 0.868817
-0.533442 0.754624 -0.382076
0.533448 -0.754625 0.382065
-0.074290 0.408160 0.909882
-0.074291 0.408161 0.909882
-0.074289 0.408161 0.909882
-0.074290 0.408161 0.909882
-0.074290 0.408160 0.909883
-0.074289 0.408159 0.909883
-0.074289 0.408157 0.909884
0.146314 0.527221 0.837036
0.146315 0.527220 0.837037
0.146316 0.527222 0.837035
0.146315 0.527224 0.837034
0.146314 0.527222 0.837036
0.146315 0.527221 0.837036
0.146315 0.527219 0.837037
0.112817 -0.361245 -0.925621
-0.117071 -0.497369 -0.859604
-0.338093 -0.595824 -0.728483
230
1 0 1 2 0 1 2 2
1 3 4 5 3 4 5 1
1 3 5 6 3 5 6 1
1 4 0 5 4 7 5 1
1 0 7 5 7 8 5 1
1 2 1 8 2 1 9 2
1 6 5 9 6 5 10 1
1 5 10 9 5 11 10 1
1 5 7 11 5 8 12 1
1 5 11 10 5 12 11 1
1 8 1 12 9 1 13 2
1 9 10 13 10 11 14 1
1 9 13 14 10 14 15 1
1 10 11 13 11 12 14 1
1 11 15 13 12 16 14 1
1 12 1 16 13 1 17 2
1 14 13 17 15 14 18 1
1 13 18 17 14 19 18 1
1 13 15 19 14 16 20 1
1 13 19 18 14 20 19 1
1 16 1 20 17 1 21 2
1 17 18 21 18 19 22 1
1 17 21 22 18 22 23 1
1 18 19 21 19 20 22 1
1 19 23 21 20 24 22 1
1 20 1 24 21 1 25 2
1 22 21 25 23 22 26 1
1 21 26 25 22 27 26 1
1 21 23 27 22 24 28 1
1 21 27 26 22 28 27 1
1 24 1 28 25 1 29 2
1 25 26 29 26 27 30 1
1 25 29 30 26 30 31 1
1 26 27 29 27 28 30 1
1 27 31 29 28 32 30 1
1 28 1 32 29 1 33 2
1 30 29 33 31 30 34 1
1 29 34 33 30 35 34 1
1 29 31 35 30 32 36 1
1 29 35 34 30 36 35 1
1 32 1 36 33 1 37 2
1 33 34 37 34 35 38 1
1 33 37 38 34 38 39 1
1 34 35 37 35 36 38 1
1 35 39 37 36 40 38 1
1 36 1 40 37 1 41 2
1 38 37 41 39 38 42 1
1 37 42 41 38 43 42 1
1 37 39 43 38 40 44 1
1 37 43 42 38 44 43 1
1 40 1 44 41 1 45 2
1 41 42 45 42 43 46 1
1 41 45 46 42 46 47 1
1 42 43 45 43 44 46 1
1 43 47 45 44 48 46 1
1 44 1 0 45 1 0 2
1 46 45 48 47 46 49 1
1 45 49 48 46 50 49 1
1 45 47 50 46 48 51 1
1 45 50 49 46 51 50 1
1 51 52 53 52 53 54 2
1 54 55 56 55 56 57 2
1 57 58 59 58 59 60 1
1 57 59 60 58 60 61 1
1 58 61 59 59 62 60 1
1 61 62 59 62 63 60 1
1 61 63 64 62 64 65 1
1 61 64 62 62 65 63 1
1 63 65 64 64 66 65 1
1 65 66 64 66 67 65 1
1 65 67 68 66 68 69 1
1 65 68 66 66 69 67 1
1 67 54 68 68 70 69 1
1 54 69 68 70 71 69 1
1 52 70 53 53 72 54 2
1 56 55 71 57 56 73 2
1 60 59 72 61 60 74 1
1 59 73 72 60 75 74 1
1 59 62 74 60 63 76 1
1 59 74 73 60 76 75 1
1 62 64 74 63 65 76 1
1 64 75 74 65 77 76 1
1 64 66 76 65 67 78 1
1 64 76 75 65 78 77 1
1 66 68 76 67 69 78 1
1 68 77 76 69 79 78 1
1 68 69 78 69 71 80 1
1 68 78 77 69 80 79 1
1 70 79 53 72 81 54 2
1 71 55 80 73 56 82 2
1 72 73 81 74 75 83 1
1 72 81 82 74 83 84 1
1 73 74 81 75 76 83 1
1 74 83 81 76 85 83 1
1 74 75 84 76 77 86 1
1 74 84 83 76 86 85 1
1 75 76 84 77 78 86 1
1 76 85 84 78 87 86 1
1 76 77 86 78 79 88 1
1 76 86 85 78 88 87 1
1 77 78 86 79 80 88 1
1 78 87 86 80 89 88 1
1 79 88 53 81 90 54 2
1 80 55 89 82 56 91 2
1 82 81 90 84 83 92 1
1 81 91 90 83 93 92 1
1 81 83 92 83 85 94 1
1 81 92 91 83 94 93 1
1 83 84 92 85 86 94 1
1 84 93 92 86 95 94 1
1 84 85 94 86 87 96 1
1 84 94 93 86 96 95 1
1 85 86 94 87 88 96 1
1 86 95 94 88 97 96 1
1 86 87 96 88 89 98 1
1 86 96 95 88 98 97 1
1 88 97 53 90 99 54 2
1 89 55 98 91 56 100 2
1 90 91 99 92 93 101 1
1 90 99 100 92 101 102 1
1 91 92 99 93 94 101 1
1 92 101 99 94 103 101 1
1 92 93 102 94 95 104 1
1 92 102 101 94 104 103 1
1 93 94 102 95 96 104 1
1 94 103 102 96 105 104 1
1 94 95 104 96 97 106 1
1 94 104 103 96 106 105 1
1 95 96 104 97 98 106 1
1 96 105 104 98 107 106 1
1 97 106 53 99 108 54 2
1 98 55 107 100 56 109 2
1 100 99 108 102 101 110 1
1 99 109 108 101 111 110 1
1 99 101 110 101 103 112 1
1 99 110 109 101 112 111 1
1 101 102 110 103 104 112 1
1 102 111 110 104 113 112 1
1 102 103 112 104 105 114 1
1 102 112 111 104 114 113 1
1 103 104 112 105 106 114 1
1 104 113 112 106 115 114 1
1 104 105 114 106 107 116 1
1 104 114 113 106 116 115 1
1 106 115 53 108 117 54 2
1 107 55 116 109 56 118 2
1 108 109 117 110 111 119 1
1 108 117 118 110 119 120 1
1 109 110 117 111 112 119 1
1 110 119 117 112 121 119 1
1 110 111 120 112 113 122 1
1 110 120 119 112 122 121 1
1 111 112 120 113 114 122 1
1 112 121 120 114 123 122 1
1 112 113 122 114 115 124 1
1 112 122 121 114 124 123 1
1 113 114 122 115 116 124 1
1 114 123 122 116 125 124 1
1 115 124 53 117 126 54 2
1 116 55 125 118 56 127 2
1 118 117 126 120 119 128 1
1 117 127 126 119 129 128 1
1 117 119 128 119 121 130 1
1 117 128 127 119 130 129 1
1 119 120 128 121 122 130 1
1 120 129 128 122 131 130 1
1 120 121 130 122 123 132 1
1 120 130 129 122 132 131 1
1 121 122 130 123 124 132 1
1 122 131 130 124 133 132 1
1 122 123 132 124 125 134 1
1 122 132 131 124 134 133 1
1 124 133 53 126 135 54 2
1 125 55 134 127 56 136 2
1 126 127 135 128 129 137 1
1 126 135 136 128 137 138 1
1 127 128 135 129 130 137 1
1 128 137 135 130 139 137 1
1 128 129 138 130 131 140 1
1 128 138 137 130 140 139 1
1 129 130 138 131 132 140 1
1 130 139 138 132 141 140 1
1 130 131 140 132 133 142 1
1 130 140 139 132 142 141 1
1 131 132 140 133 134 142 1
1 132 141 140 134 143 142 1
1 133 142 53 135 144 54 2
1 134 55 143 136 56 145 2
1 136 135 144 138 137 146 1
1 135 145 144 137 147 146 1
1 135 137 146 137 139 148 1
1 135 146 145 137 148 147 1
1 137 138 146 139 140 148 1
1 138 147 146 140 149 148 1
1 138 139 148 140 141 150 1
1 138 148 147 140 150 149 1
1 139 140 148 141 142 150 1
1 140 149 148 142 151 150 1
1 140 141 150 142 143 152 1
1 140 150 149 142 152 151 1
1 142 151 53 144 153 54 2
1 143 55 152 145 56 154 2
1 144 145 153 146 147 155 1
1 144 153 154 146 155 156 1
1 145 146 153 147 148 155 1
1 146 155 153 148 157 155 1
1 146 147 156 148 149 158 1
1 146 156 155 148 158 157 1
1 147 148 156 149 150 158 1
1 148 157 156 150 159 158 1
1 148 149 158 150 151 160 1
1 148 158 157 150 160 159 1
1 149 150 158 151 152 160 1
1 150 159 158 152 161 160 1
1 151 51 53 153 52 54 2
1 152 55 54 154 56 55 2
1 154 153 160 156 155 162 1
1 153 161 160 155 163 162 1
1 153 155 162 155 157 164 1
1 153 162 161 155 164 163 1
1 155 156 162 157 158 164 1
1 156 163 162 158 165 164 1
1 156 157 164 158 159 166 1
1 156 164 163 158 166 165 1
1 157 158 164 159 160 166 1
1 158 165 164 160 167 166 1
1 158 159 166 160 161 168 1
1 158 166 165 160 168 167 1
1 167 168 169 169 169 170 1
1 169 170 171 170 171 171 1
"Regroup04" 1 2
102
1 1.938741 1.745080 1.727341 0.000000 0.000000 -1
1 1.386839 0.801372 0.633977 0.000000 0.000000 -1
1 2.457633 1.804836 1.120910 0.000000 0.000000 -1
1 1.591197 2.064280 1.408610 0.000000 0.333333 -1
1 1.853786 2.056864 1.744056 0.000000 0.166667 -1
1 2.430325 2.123263 1.070246 0.083333 0.166667 -1
1 2.058199 2.118062 0.862823 0.083333 0.333333 -1
1 2.457633 1.804836 1.120910 0.083333 0.000000 -1
1 2.689589 1.595722 0.384003 0.000000 0.000000 -1
1 2.266968 1.929853 0.199613 0.166667 0.333333 -1
1 2.688066 1.890908 0.251465 0.166667 0.166667 -1
1 2.689589 1.595722 0.384003 0.166667 0.000000 -1
1 2.572491 1.173757 -0.285915 0.000000 0.000000 -1
1 2.557954 1.422060 -0.492896 0.250000 0.166667 -1
1 2.161576 1.550091 -0.403320 0.250000 0.333333 -1
1 2.572491 1.173757 -0.285915 0.250000 0.000000 -1
1 2.137690 0.652016 -0.709358 0.000000 0.000000 -1
1 1.770256 1.080520 -0.784413 0.333333 0.333333 -1
1 2.074844 0.842346 -0.963384 0.333333 0.166667 -1
1 2.137690 0.652016 -0.709358 0.333333 0.000000 -1
1 1.501708 0.170288 -0.772851 0.000000 0.000000 -1
1 1.368187 0.307101 -1.033936 0.416667 0.166667 -1
1 1.197869 0.646971 -0.841565 0.416667 0.333333 -1
1 1.501708 0.170288 -0.772851 0.416667 0.000000 -1
1 0.834938 -0.142334 -0.459388 0.000000 0.000000 -1
1 0.597773 0.365611 -0.559447 0.500000 0.333333 -1
1 0.627336 -0.040259 -0.685646 0.500000 0.166667 -1
1 0.834938 -0.142334 -0.459388 0.500000 0.000000 -1
1 0.316057 -0.202096 0.147040 0.000000 0.000000 -1
1 0.050801 -0.106661 -0.011836 0.583333 0.166667 -1
1 0.130778 0.311822 -0.013661 0.583333 0.333333 -1
1 0.316057 -0.202096 0.147040 0.583333 0.000000 -1
1 0.084092 0.007019 0.883940 0.000000 0.000000 -1
1 -0.077987 0.500029 0.649552 0.666667 0.333333 -1
1 -0.206943 0.125687 0.806945 0.666667 0.166667 -1
1 0.084092 0.007019 0.883940 0.666667 0.000000 -1
1 0.201194 0.428983 1.553866 0.000000 0.000000 -1
1 -0.076820 0.594536 1.551307 0.750000 0.166667 -1
1 0.027406 0.879799 1.252482 0.750000 0.333333 -1
1 0.201194 0.428983 1.553866 0.750000 0.000000 -1
1 0.635994 0.950724 1.977305 0.000000 0.000000 -1
1 0.418723 1.349365 1.633580 0.833333 0.333333 -1
1 0.406283 1.174253 2.021794 0.833333 0.166667 -1
1 0.635994 0.950724 1.977305 0.833333 0.000000 -1
1 1.271979 1.432451 2.040801 0.000000 0.000000 -1
1 1.112934 1.709501 2.092347 0.916667 0.166667 -1
1 0.991108 1.782916 1.690729 0.916667 0.333333 -1
1 1.271979 1.432451 2.040801 0.916667 0.000000 -1
1 1.591197 2.064280 1.408610 1.000000 0.333333 -1
1 1.853786 2.056864 1.744056 1.000000 0.166667 -1
1 1.938741 1.745080 1.727341 1.000000 0.000000 -1
1 -2.094281 3.987005 -2.563244 0.000000 0.000000 -1
1 -1.542373 4.930719 -1.469868 0.000000 0.000000 -1
1 -1.427514 4.299631 -2.876708 0.000000 0.000000 -1
1 -1.746737 3.667806 -2.244515 0.000000 0.333333 -1
1 -2.009320 3.675210 -2.579956 0.000000 0.166667 -1
1 -1.268474 4.022578 -2.928255 0.083333 0.166667 -1
1 -1.146647 3.949163 -2.526630 0.083333 0.333333 -1
1 -1.427514 4.299631 -2.876708 0.083333 0.000000 -1
1 -0.791520 4.781358 -2.813206 0.000000 0.000000 -1
1 -0.574250 4.382712 -2.469476 0.166667 0.333333 -1
1 -0.561826 4.557837 -2.857688 0.166667 0.166667 -1
1 -0.791520 4.781358 -2.813206 0.166667 0.000000 -1
1 -0.356722 5.303109 -2.389759 0.000000 0.000000 -1
1 -0.078710 5.137545 -2.387199 0.250000 0.166667 -1
1 -0.182937 4.852288 -2.088381 0.250000 0.333333 -1
1 -0.356722 5.303109 -2.389759 0.250000 0.000000 -1
1 -0.239617 5.725057 -1.719833 0.000000 0.000000 -1
1 -0.077538 5.232046 -1.485443 0.333333 0.333333 -1
1 0.051409 5.606411 -1.642848 0.333333 0.166667 -1
1 -0.239617 5.725057 -1.719833 0.333333 0.000000 -1
1 -0.471588 5.934182 -0.982927 0.000000 0.000000 -1
1 -0.206329 5.838739 -0.824053 0.416667 0.166667 -1
1 -0.286312 5.420265 -0.822230 0.416667 0.333333 -1
1 -0.471588 5.934182 -0.982927 0.416667 0.000000 -1
1 -0.990465 5.874420 -0.376496 0.000000 0.000000 -1
1 -0.753312 5.366477 -0.276447 0.500000 0.333333 -1
1 -0.782870 5.772345 -0.150249 0.500000 0.166667 -1
1 -0.990465 5.874420 -0.376496 0.500000 0.000000 -1
1 -1.657237 5.561797 -0.063039 0.000000 0.000000 -1
1 -1.523717 5.424978 0.198043 0.583333 0.166667 -1
1 -1.353394 5.085114 0.005672 0.583333 0.333333 -1
1 -1.657237 5.561797 -0.063039 0.583333 0.000000 -1
1 -2.293224 5.080069 -0.126533 0.000000 0.000000 -1
1 -1.925779 4.651554 -0.051479 0.666667 0.333333 -1
1 -2.230384 4.889749 0.127491 0.666667 0.166667 -1
1 -2.293224 5.080069 -0.126533 0.666667 0.000000 -1
1 -2.728033 4.558337 -0.549975 0.000000 0.000000 -1
1 -2.713492 4.310029 -0.343004 0.750000 0.166667 -1
1 -2.317104 4.181991 -0.432575 0.750000 0.333333 -1
1 -2.728033 4.558337 -0.549975 0.750000 0.000000 -1
1 -2.845129 4.136367 -1.219906 0.000000 0.000000 -1
1 -2.422501 3.802228 -1.035508 0.833333 0.333333 -1
1 -2.843610 3.841184 -1.087362 0.833333 0.166667 -1
1 -2.845129 4.136367 -1.219906 0.833333 0.000000 -1
1 -2.613167 3.927243 -1.956819 0.000000 0.000000 -1
1 -2.585869 3.608816 -1.906146 0.916667 0.166667 -1
1 -2.213732 3.614014 -1.698728 0.916667 0.333333 -1
1 -2.613167 3.927243 -1.956819 0.916667 0.000000 -1
1 -1.746737 3.667806 -2.244515 1.000000 0.333333 -1
1 -2.009320 3.675210 -2.579956 1.000000 0.166667 -1
1 -2.094281 3.987005 -2.563244 1.000000 0.000000 -1
104
0.533440 -0.754628 0.382071
0.533443 -0.754628 0.382068
0.533441 -0.754631 0.382065
-0.046521 0.997205 0.058461
0.453945 0.761043 0.463409
0.597989 0.761663 0.249555
0.036425 0.995248 -0.090302
0.740954 0.167030 0.650452
0.870089 0.149353 0.469722
0.533445 -0.754627 0.382066
0.132848 0.908322 -0.396613
0.746078 0.628160 -0.220867
0.997226 0.034721 0.065845
0.533441 -0.754627 0.382070
0.671322 0.358784 -0.648538
0.084175 0.732920 -0.675087
0.933044 -0.196553 -0.301324
0.533444 -0.754627 0.382067
-0.096563 0.516044 -0.851102
0.393752 0.025711 -0.918857
0.694738 -0.482509 -0.533408
0.533443 -0.754626 0.382071
-0.012251 -0.281806 -0.959393
-0.360924 0.315805 -0.877497
0.346162 -0.746523 -0.568221
0.533440 -0.754629 0.382069
-0.638088 0.185852 -0.747197
-0.437902 -0.481384 -0.759284
-0.019275 -0.917871 -0.396411
0.533444 -0.754628 0.382066
-0.769149 -0.519533 -0.372150
-0.853779 0.161009 -0.495114
-0.303665 -0.950624 -0.064040
0.533444 -0.754627 0.382067
-0.950200 0.247940 -0.188800
-0.917234 -0.386034 0.098281
-0.430797 -0.836013 0.339848
0.533443 -0.754628 0.382067
-0.842476 -0.116659 0.525952
-0.901525 0.423332 0.089678
-0.366621 -0.604738 0.707022
0.533444 -0.754628 0.382066
-0.720789 0.640213 0.265689
-0.564913 0.216416 0.796265
-0.128317 -0.318778 0.939103
0.533446 -0.754626 0.382067
-0.158908 0.523937 0.836803
-0.456423 0.840455 0.292085
0.220257 -0.054757 0.973904
-0.306804 0.915455 0.260410
0.061807 0.637881 0.767651
0.401356 0.060365 0.913931
-0.533440 0.754629 -0.382068
-0.533439 0.754631 -0.382067
-0.533440 0.754630 -0.382068
0.306810 -0.915457 -0.260395
-0.061799 -0.637896 -0.767639
0.158913 -0.523936 -0.836802
0.456417 -0.840460 -0.292080
-0.401361 -0.060370 -0.913928
-0.220256 0.054762 -0.973904
-0.533441 0.754628 -0.382070
0.720790 -0.640205 -0.265706
0.564910 -0.216401 -0.796271
0.128332 0.318773 -0.939103
-0.533440 0.754632 -0.382064
0.842472 0.116661 -0.525957
0.901524 -0.423336 -0.089676
0.366647 0.604730 -0.707016
-0.533436 0.754634 -0.382066
0.950203 -0.247931 0.188794
0.917217 0.386071 -0.098300
0.430784 0.836019 -0.339850
-0.533439 0.754630 -0.382068
0.769148 0.519532 0.372154
0.853770 -0.161026 0.495124
0.303682 0.950618 0.064045
-0.533438 0.754633 -0.382065
0.638087 -0.185858 0.747196
0.437906 0.481373 0.759288
0.019286 0.917865 0.396423
-0.533440 0.754630 -0.382067
0.012255 0.281807 0.959393
0.360934 -0.315802 0.877494
-0.346156 0.746515 0.568236
-0.533439 0.754633 -0.382062
0.096548 -0.516038 0.851107
-0.393768 -0.025691 0.918851
-0.694734 0.482513 0.533410
-0.533436 0.754633 -0.382068
-0.671328 -0.358778 0.648535
-0.084193 -0.732917 0.675088
-0.933041 0.196538 0.301342
-0.533441 0.754627 -0.382072
-0.132863 -0.908319 0.396616
-0.746089 -0.628146 0.220868
-0.997226 -0.034714 -0.065847
-0.533441 0.754629 -0.382067
-0.597991 -0.761661 -0.249556
-0.036426 -0.995249 0.090294
-0.870089 -0.149339 -0.469727
0.046530 -0.997205 -0.058459
-0.453931 -0.761057 -0.463400
-0.740951 -0.167033 -0.650455
120
1 0 1 2 0 1 2 2
1 3 4 5 3 4 5 1
1 3 5 6 3 5 6 1
1 4 0 5 4 7 5 1
1 0 7 5 7 8 5 1
1 2 1 8 2 1 9 2
1 6 5 9 6 5 10 1
1 5 10 9 5 11 10 1
1 5 7 11 5 8 12 1
1 5 11 10 5 12 11 1
1 8 1 12 9 1 13 2
1 9 10 13 10 11 14 1
1 9 13 14 10 14 15 1
1 10 11 13 11 12 14 1
1 11 15 13 12 16 14 1
1 12 1 16 13 1 17 2
1 14 13 17 15 14 18 1
1 13 18 17 14 19 18 1
1 13 15 19 14 16 20 1
1 13 19 18 14 20 19 1
1 16 1 20 17 1 21 2
1 17 18 21 18 19 22 1
1 17 21 22 18 22 23 1
1 18 19 21 19 20 22 1
1 19 23 21 20 24 22 1
1 20 1 24 21 1 25 2
1 22 21 25 23 22 26 1
1 21 26 25 22 27 26 1
1 21 23 27 22 24 28 1
1 21 27 26 22 28 27 1
1 24 1 28 25 1 29 2
1 25 26 29 26 27 30 1
1 25 29 30 26 30 31 1
1 26 27 29 27 28 30 1
1 27 31 29 28 32 30 1
1 28 1 32 29 1 33 2
1 30 29 33 31 30 34 1
1 29 34 33 30 35 34 1
1 29 31 35 30 32 36 1
1 29 35 34 30 36 35 1
1 32 1 36 33 1 37 2
1 33 34 37 34 35 38 1
1 33 37 38 34 38 39 1
1 34 35 37 35 36 38 1
1 35 39 37 36 40 38 1
1 36 1 40 37 1 41 2
1 38 37 41 39 38 42 1
1 37 42 41 38 43 42 1
1 37 39 43 38 40 44 1
1 37 43 42 38 44 43 1
1 40 1 44 41 1 45 2
1 41 42 45 42 43 46 1
1 41 45 46 42 46 47 1
1 42 43 45 43 44 46 1
1 43 47 45 44 48 46 1
1 44 1 0 45 1 0 2
1 46 45 48 47 46 49 1
1 45 49 48 46 50 49 1
1 45 47 50 46 48 51 1
1 45 50 49 46 51 50 1
1 51 52 53 52 53 54 2
1 54 55 56 55 56 57 1
1 54 56 57 55 57 58 1
1 55 51 56 56 59 57 1
1 51 58 56 59 60 57 1
1 53 52 59 54 53 61 2
1 57 56 60 58 57 62 1
1 56 61 60 57 63 62 1
1 56 58 62 57 60 64 1
1 56 62 61 57 64 63 1
1 59 52 63 61 53 65 2
1 60 61 64 62 63 66 1
1 60 64 65 62 66 67 1
1 61 62 64 63 64 66 1
1 62 66 64 64 68 66 1
1 63 52 67 65 53 69 2
1 65 64 68 67 66 70 1
1 64 69 68 66 71 70 1
1 64 66 70 66 68 72 1
1 64 70 69 66 72 71 1
1 67 52 71 69 53 73 2
1 68 69 72 70 71 74 1
1 68 72 73 70 74 75 1
1 69 70 72 71 72 74 1
1 70 74 72 72 76 74 1
1 71 52 75 73 53 77 2
1 73 72 76 75 74 78 1
1 72 77 76 74 79 78 1
1 72 74 78 74 76 80 1
1 72 78 77 74 80 79 1
1 75 52 79 77 53 81 2
1 76 77 80 78 79 82 1
1 76 80 81 78 82 83 1
1 77 78 80 79 80 82 1
1 78 82 80 80 84 82 1
1 79 52 83 81 53 85 2
1 81 80 84 83 82 86 1
1 80 85 84 82 87 86 1
1 80 82 86 82 84 88 1
1 80 86 85 82 88 87 1
1 83 52 87 85 53 89 2
1 84 85 88 86 87 90 1
1 84 88 89 86 90 91 1
1 85 86 88 87 88 90 1
1 86 90 88 88 92 90 1
1 87 52 91 89 53 93 2
1 89 88 92 91 90 94 1
1 88 93 92 90 95 94 1
1 88 90 94 90 92 96 1
1 88 94 93 90 96 95 1
1 91 52 95 93 53 97 2
1 92 93 96 94 95 98 1
1 92 96 97 94 98 99 1
1 93 94 96 95 96 98 1
1 94 98 96 96 100 98 1
1 95 52 51 97 53 52 2
1 97 96 99 99 98 101 1
1 96 100 99 98 102 101 1
1 96 98 101 98 100 103 1
1 96 101 100 98 103 102 1
"Regroup20" 1 5
167
1 1.491164 0.721515 1.762119 0.416667 0.833333 -1
1 1.820252 0.273286 1.976495 0.416667 0.666667 -1
1 1.779783 0.278532 1.990484 0.500000 0.666667 -1
1 1.862006 0.284000 1.978068 0.333333 0.666667 -1
1 1.543224 0.786525 1.764971 0.250000 0.833333 -1
1 1.517144 0.754550 1.752393 0.333333 0.833333 -1
1 1.472248 0.696272 1.791544 0.500000 0.833333 -1
1 1.465464 0.685583 1.832781 0.583333 0.833333 -1
1 1.183568 1.017878 2.006718 0.000000 0.000000 -1
1 1.156720 1.042164 1.983258 0.000000 0.000000 -1
1 1.138299 0.963553 1.962626 0.000000 0.000000 -1
1 1.183568 1.017878 2.006718 0.000000 1.000000 -1
1 1.562791 0.804924 1.879721 0.000000 0.833333 -1
1 1.569579 0.815607 1.838483 0.083333 0.833333 -1
1 1.156720 1.042164 1.983258 0.083333 1.000000 -1
1 1.870326 0.387179 2.078662 0.000000 0.666667 -1
1 1.124941 1.045381 1.954272 0.000000 0.000000 -1
1 1.124941 1.045381 1.954272 0.166667 1.000000 -1
1 1.562415 0.808877 1.796480 0.166667 0.833333 -1
1 1.907277 0.338329 2.022156 0.166667 0.666667 -1
1 1.096736 1.026676 1.927527 0.000000 0.000000 -1
1 1.096736 1.026676 1.927527 0.250000 1.000000 -1
1 1.079662 0.991062 1.910183 0.000000 0.000000 -1
1 1.079662 0.991062 1.910183 0.333333 1.000000 -1
1 1.078309 0.948065 1.906899 0.000000 0.000000 -1
1 1.078309 0.948065 1.906899 0.416667 1.000000 -1
1 1.093029 0.909228 1.918539 0.000000 0.000000 -1
1 1.093029 0.909228 1.918539 0.500000 1.000000 -1
1 1.119874 0.884943 1.941993 0.000000 0.000000 -1
1 1.119874 0.884943 1.941993 0.583333 1.000000 -1
1 1.151662 0.881720 1.970982 0.000000 0.000000 -1
1 1.151662 0.881720 1.970982 0.666667 1.000000 -1
1 1.472632 0.692314 1.874783 0.666667 0.833333 -1
1 1.742835 0.327379 2.046988 0.666667 0.666667 -1
1 1.179865 0.900424 1.997731 0.000000 0.000000 -1
1 1.491823 0.714662 1.906296 0.750000 0.833333 -1
1 1.179865 0.900424 1.997731 0.750000 1.000000 -1
1 1.196931 0.936047 2.015071 0.000000 0.000000 -1
1 1.196931 0.936047 2.015071 0.833333 1.000000 -1
1 1.517903 0.746642 1.918871 0.833333 0.833333 -1
1 1.788107 0.381708 2.091074 0.833333 0.666667 -1
1 1.198288 0.979038 2.018358 0.000000 0.000000 -1
1 1.543878 0.779678 1.909145 0.916667 0.833333 -1
1 1.198288 0.979038 2.018358 0.916667 1.000000 -1
1 1.183568 1.017878 2.006718 1.000000 1.000000 -1
1 1.562791 0.804924 1.879721 1.000000 0.833333 -1
1 1.870326 0.387179 2.078662 1.000000 0.666667 -1
1 1.185990 1.014584 2.008290 0.000000 0.000000 -1
1 1.140719 0.960261 1.964196 0.000000 0.000000 -1
1 1.165441 1.038487 1.978830 0.000000 0.000000 -1
1 0.846806 0.950810 2.435146 0.000000 0.166667 -1
1 0.809180 0.970716 2.428150 0.083333 0.166667 -1
1 1.165441 1.038487 1.978830 0.083333 0.000000 -1
1 1.138274 1.041427 1.945454 0.000000 0.000000 -1
1 1.138274 1.041427 1.945454 0.166667 0.000000 -1
1 0.769505 0.970731 2.411220 0.166667 0.166667 -1
1 1.111767 1.022615 1.917101 0.000000 0.000000 -1
1 0.738415 0.950850 2.388885 0.250000 0.166667 -1
1 1.111767 1.022615 1.917101 0.250000 0.000000 -1
1 1.093006 0.987096 1.901370 0.000000 0.000000 -1
1 1.093006 0.987096 1.901370 0.333333 0.000000 -1
1 0.724236 0.916404 2.367132 0.333333 0.166667 -1
1 1.087031 0.944396 1.902463 0.000000 0.000000 -1
1 0.730770 0.876621 2.351789 0.416667 0.166667 -1
1 1.087031 0.944396 1.902463 0.416667 0.000000 -1
1 1.095449 0.905935 1.920111 0.000000 0.000000 -1
1 1.095449 0.905935 1.920111 0.500000 0.000000 -1
1 0.756262 0.842164 2.346963 0.500000 0.166667 -1
1 1.115992 0.882035 1.949566 0.000000 0.000000 -1
1 0.793890 0.822255 2.353962 0.583333 0.166667 -1
1 1.115992 0.882035 1.949566 0.583333 0.000000 -1
1 1.143164 0.879095 1.982942 0.000000 0.000000 -1
1 1.143164 0.879095 1.982942 0.666667 0.000000 -1
1 0.833569 0.822242 2.370888 0.666667 0.166667 -1
1 1.169676 0.897905 2.011293 0.000000 0.000000 -1
1 0.864661 0.842120 2.393227 0.750000 0.166667 -1
1 1.169676 0.897905 2.011293 0.750000 0.000000 -1
1 1.188433 0.933419 2.027032 0.000000 0.000000 -1
1 1.188433 0.933419 2.027032 0.833333 0.000000 -1
1 0.878838 0.876567 2.414980 0.833333 0.166667 -1
1 1.194401 0.976131 2.025929 0.000000 0.000000 -1
1 0.872301 0.916349 2.430326 0.916667 0.166667 -1
1 1.194401 0.976131 2.025929 0.916667 0.000000 -1
1 1.185990 1.014584 2.008290 1.000000 0.000000 -1
1 0.846806 0.950810 2.435146 1.000000 0.166667 -1
1 1.898667 0.367380 2.052860 0.083333 0.666667 -1
1 1.893857 0.307809 1.994783 0.250000 0.666667 -1
1 1.819443 -0.033903 2.355826 0.416667 0.500000 -1
1 1.751446 0.298330 2.016289 0.583333 0.666667 -1
1 1.750454 0.009477 2.373218 0.583333 0.500000 -1
1 1.756251 0.357900 2.074365 0.750000 0.666667 -1
1 1.829855 0.392424 2.092649 0.916667 0.666667 -1
1 0.723846 0.645854 2.858395 0.166667 0.333333 -1
1 0.678576 0.591533 2.814302 0.333333 0.333333 -1
1 0.713415 0.549882 2.751094 0.500000 0.333333 -1
1 0.793529 0.562557 2.731970 0.666667 0.333333 -1
1 0.803569 0.663009 2.834157 0.000000 0.000000 -1
1 0.758298 0.608684 2.790069 0.000000 0.000000 -1
1 0.765657 0.660859 2.854631 0.000000 0.000000 -1
1 0.725775 0.644734 2.857800 0.000000 0.000000 -1
1 0.694605 0.618952 2.842818 0.000000 0.000000 -1
1 0.725775 0.644734 2.857800 0.166667 0.000000 -1
1 0.694605 0.618952 2.842818 0.250000 0.000000 -1
1 1.045736 0.160508 3.047138 0.250000 0.166667 -1
1 0.680503 0.590405 2.813710 0.000000 0.000000 -1
1 0.680503 0.590405 2.813710 0.333333 0.000000 -1
1 0.687238 0.566769 2.778265 0.000000 0.000000 -1
1 0.687238 0.566769 2.778265 0.416667 0.000000 -1
1 1.018820 0.131877 2.973654 0.416667 0.166667 -1
1 0.713023 0.554356 2.745981 0.000000 0.000000 -1
1 0.713023 0.554356 2.745981 0.500000 0.000000 -1
1 0.750938 0.556501 2.725513 0.000000 0.000000 -1
1 0.750938 0.556501 2.725513 0.583333 0.000000 -1
1 1.043378 0.168704 2.903056 0.583333 0.166667 -1
1 0.790824 0.572627 2.722341 0.000000 0.000000 -1
1 0.790824 0.572627 2.722341 0.666667 0.000000 -1
1 0.821994 0.598413 2.737317 0.000000 0.000000 -1
1 0.821994 0.598413 2.737317 0.750000 0.000000 -1
1 1.094864 0.234173 2.905928 0.750000 0.166667 -1
1 0.836092 0.626955 2.766430 0.000000 0.000000 -1
1 0.836092 0.626955 2.766430 0.833333 0.000000 -1
1 0.829354 0.650593 2.801876 0.000000 0.000000 -1
1 0.803961 0.658531 2.839268 0.000000 0.333333 -1
1 0.764711 0.659618 2.857128 0.083333 0.333333 -1
1 0.692318 0.620936 2.842720 0.250000 0.333333 -1
1 0.686298 0.565525 2.780768 0.416667 0.333333 -1
1 0.752661 0.548798 2.733233 0.583333 0.333333 -1
1 0.825057 0.587479 2.747648 0.750000 0.333333 -1
1 0.838802 0.616884 2.776057 0.833333 0.333333 -1
1 0.831075 0.642886 2.809598 0.916667 0.333333 -1
1 0.803961 0.658531 2.839268 1.000000 0.333333 -1
1 1.869421 0.089164 2.446793 0.000000 0.500000 -1
1 1.897855 0.060196 2.432187 0.083333 0.500000 -1
1 1.533659 0.009453 2.889775 0.000000 0.333333 -1
1 1.535134 -0.027256 2.912388 0.083333 0.333333 -1
1 1.115577 0.251665 3.020623 0.000000 0.166667 -1
1 1.097231 0.225969 3.050016 0.083333 0.166667 -1
1 0.765657 0.660859 2.854631 0.083333 0.000000 -1
1 1.906538 0.024431 2.409684 0.166667 0.500000 -1
1 1.524080 -0.068680 2.917126 0.166667 0.333333 -1
1 1.071668 0.192603 3.059722 0.166667 0.166667 -1
1 1.893148 -0.008543 2.385308 0.250000 0.500000 -1
1 1.503464 -0.103729 2.902725 0.250000 0.333333 -1
1 1.861264 -0.029897 2.365598 0.333333 0.500000 -1
1 1.478801 -0.123001 2.873034 0.333333 0.333333 -1
1 1.026398 0.138275 3.015640 0.333333 0.166667 -1
1 1.456717 -0.121349 2.836024 0.416667 0.333333 -1
1 1.778879 -0.019489 2.358617 0.500000 0.500000 -1
1 1.443114 -0.099204 2.801601 0.500000 0.333333 -1
1 1.025034 0.143013 2.932445 0.500000 0.166667 -1
1 1.441634 -0.062493 2.778990 0.583333 0.333333 -1
1 1.741767 0.045241 2.395724 0.666667 0.500000 -1
1 1.452691 -0.021065 2.774250 0.666667 0.333333 -1
1 1.068939 0.202076 2.893345 0.666667 0.166667 -1
1 1.755156 0.078213 2.420099 0.750000 0.500000 -1
1 1.473298 0.013985 2.788652 0.750000 0.333333 -1
1 1.787038 0.099564 2.439815 0.833333 0.500000 -1
1 1.497956 0.033264 2.818335 0.833333 0.333333 -1
1 1.114208 0.256399 2.937433 0.833333 0.166667 -1
1 1.828862 0.103570 2.449584 0.916667 0.500000 -1
1 1.520051 0.031600 2.855349 0.916667 0.333333 -1
1 1.121794 0.262799 2.979415 0.916667 0.166667 -1
1 0.829354 0.650593 2.801876 0.916667 0.000000 -1
1 1.869421 0.089164 2.446793 1.000000 0.500000 -1
1 1.533659 0.009453 2.889775 1.000000 0.333333 -1
1 1.115577 0.251665 3.020623 1.000000 0.166667 -1
1 0.803569 0.663009 2.834157 1.000000 0.000000 -1
169
-0.325616 -0.310643 -0.893015
-0.076854 -0.645758 -0.759665
-0.569773 -0.655642 -0.495472
0.449234 -0.486553 -0.749303
0.366471 0.382836 -0.848019
0.020230 0.133175 -0.990886
-0.603393 -0.658443 -0.449855
-0.662430 -0.749073 -0.008690
-0.675361 -0.035123 0.736651
-0.675401 -0.035072 0.736616
-0.675347 -0.035063 0.736666
0.535653 0.801749 0.265093
0.625062 0.724474 0.290577
0.655344 0.755192 0.014457
0.470358 0.881643 -0.038339
0.728133 0.587797 0.352585
-0.675367 -0.035056 0.736648
0.283434 0.835508 -0.470735
0.592636 0.656431 -0.466778
0.951472 0.178235 -0.250864
-0.675318 -0.035039 0.736694
0.039631 0.609594 -0.791723
-0.675309 -0.035018 0.736703
-0.205062 0.249310 -0.946464
-0.675293 -0.035080 0.736715
-0.409736 -0.174490 -0.895360
-0.675314 -0.035106 0.736694
-0.546156 -0.651837 -0.526139
-0.675350 -0.035054 0.736664
-0.485353 -0.872472 0.056791
-0.675368 -0.035057 0.736647
-0.328200 -0.808216 0.488949
-0.610965 -0.639069 0.467238
-0.950664 -0.180918 0.252006
-0.675376 -0.035051 0.736640
-0.389666 -0.362379 0.846665
-0.103292 -0.573477 0.812684
-0.675363 -0.035021 0.736654
0.156919 -0.226080 0.961387
-0.066259 0.014554 0.997696
-0.406249 0.472366 0.782197
-0.675344 -0.035084 0.736668
0.264113 0.362755 0.893674
0.386426 0.173637 0.905828
0.494378 0.440969 0.749090
0.424047 0.534446 0.731130
0.320630 0.670465 0.669084
0.764302 -0.123150 -0.632990
0.764293 -0.123168 -0.632997
0.764303 -0.123136 -0.632992
0.330682 0.800619 0.499658
0.366276 0.832487 0.415700
0.097444 0.892804 0.439779
0.170846 0.945256 0.278035
0.764344 -0.123131 -0.632944
-0.239507 0.969962 -0.042543
-0.376133 0.897030 0.232080
0.764300 -0.123212 -0.632980
-0.751960 0.658067 -0.038793
-0.570298 0.748953 -0.337385
0.764251 -0.123220 -0.633038
-0.760694 0.344542 -0.550123
-0.922882 0.240919 -0.300410
0.764278 -0.123163 -0.633016
-0.845248 -0.238344 -0.478275
-0.759344 -0.170896 -0.627847
0.764280 -0.123191 -0.633009
-0.543443 -0.651860 -0.528913
-0.543281 -0.651863 -0.529076
0.764268 -0.123185 -0.633025
-0.098137 -0.893741 -0.437717
-0.172248 -0.945322 -0.276941
0.764272 -0.123173 -0.633022
0.236578 -0.970504 0.046402
0.373713 -0.899458 -0.226528
0.764299 -0.123156 -0.632992
0.748984 -0.661027 0.045448
0.566094 -0.749787 0.342573
0.764310 -0.123142 -0.632982
0.757665 -0.345192 0.553883
0.920423 -0.243387 0.305916
0.764311 -0.123154 -0.632978
0.844427 0.237314 0.480234
0.758175 0.171160 0.629186
0.678186 0.421295 0.602141
0.718788 0.458720 0.522417
0.862583 0.481517 0.155219
0.786178 -0.173857 -0.593041
-0.083136 -0.885802 -0.456557
-0.862269 -0.482343 -0.154393
-0.855007 -0.240521 -0.459469
-0.784944 0.170834 0.595550
0.077047 0.644838 0.760426
-0.476945 0.733616 0.484077
-0.993303 0.114001 -0.018805
-0.543179 -0.652168 -0.528804
0.476275 -0.737929 -0.478145
-0.347488 0.748232 -0.565156
-0.347467 0.748238 -0.565161
-0.347517 0.748267 -0.565092
-0.347406 0.748305 -0.565109
-0.347464 0.748215 -0.565193
-0.283590 0.202069 0.937414
-0.613408 -0.122067 0.780276
-0.372778 -0.377323 0.847741
-0.347542 0.748204 -0.565159
-0.798181 -0.415419 0.436273
-0.347492 0.748264 -0.565111
-0.783272 -0.619666 -0.050002
-0.658765 -0.751287 -0.039954
-0.347445 0.748223 -0.565195
-0.543006 -0.652383 -0.528716
-0.347454 0.748216 -0.565198
-0.145026 -0.500200 -0.853679
-0.282855 -0.383868 -0.878999
-0.347448 0.748227 -0.565187
0.291442 -0.211351 -0.932948
-0.347452 0.748206 -0.565213
0.623532 0.108732 -0.774200
0.381112 0.370005 -0.847260
-0.347473 0.748237 -0.565158
0.805397 0.405367 -0.432450
-0.347423 0.748260 -0.565159
0.289859 0.760442 0.581128
0.018116 0.808503 0.588213
-0.835562 0.481268 0.264985
-0.903364 -0.297212 -0.309189
-0.017503 -0.810119 -0.586004
0.834693 -0.487196 -0.256765
0.992676 -0.118240 0.024783
0.903490 0.295017 0.310920
0.754048 0.491401 0.435817
0.727276 0.454582 0.514222
0.855781 0.240884 0.457836
0.604147 0.434032 0.668298
0.616748 0.198134 0.761817
0.423688 0.534242 0.731487
0.285156 0.381403 0.879328
0.349063 0.592953 0.725646
0.146730 0.496300 0.855662
0.939543 -0.230523 0.253215
0.520156 -0.311507 0.795237
-0.052262 0.002223 0.998631
0.774267 -0.632668 -0.015511
0.282487 -0.735405 0.615939
0.402716 -0.874724 -0.269589
-0.023354 -0.963715 0.265911
-0.597035 -0.651498 0.468081
-0.325509 -0.932612 -0.155816
-0.543293 -0.651856 -0.529070
-0.542964 -0.651990 -0.529244
-0.543255 -0.651895 -0.529062
-0.614853 -0.198784 -0.763178
-0.937852 0.232958 -0.257225
-0.515194 0.310944 -0.798679
0.059437 -0.008125 -0.998199
-0.772409 0.635037 0.010598
-0.275711 0.733663 -0.621065
-0.401455 0.876652 0.265170
0.027757 0.962482 -0.269921
0.603887 0.645208 -0.468004
0.084126 0.886432 0.455149
0.327570 0.932087 0.154636
0.661268 0.749060 0.040422
0.785589 0.616508 0.052614
0.319499 0.801639 0.505268
0.444571 0.823630 0.352124
0.625271 0.724495 0.290075
0.694594 0.657921 0.290996
226
1 0 1 2 0 1 2 1
1 3 1 0 3 1 0 1
1 4 3 5 4 3 5 1
1 6 2 7 6 2 7 1
1 8 9 10 8 9 10 2
1 11 12 13 11 12 13 1
1 11 13 14 11 13 14 1
1 12 15 13 12 15 13 1
1 9 16 10 9 16 10 2
1 14 13 17 14 13 17 1
1 13 18 17 13 18 17 1
1 13 19 18 13 19 18 1
1 16 20 10 16 20 10 2
1 17 18 4 17 18 4 1
1 17 4 21 17 4 21 1
1 18 19 4 18 19 4 1
1 20 22 10 20 22 10 2
1 21 4 23 21 4 23 1
1 4 5 23 4 5 23 1
1 22 24 10 22 24 10 2
1 23 5 0 23 5 0 1
1 23 0 25 23 0 25 1
1 24 26 10 24 26 10 2
1 25 0 27 25 0 27 1
1 0 6 27 0 6 27 1
1 26 28 10 26 28 10 2
1 27 6 7 27 6 7 1
1 27 7 29 27 7 29 1
1 28 30 10 28 30 10 2
1 29 7 31 29 7 31 1
1 7 32 31 7 32 31 1
1 7 33 32 7 33 32 1
1 30 34 10 30 34 10 2
1 31 32 35 31 32 35 1
1 31 35 36 31 35 36 1
1 32 33 35 32 33 35 1
1 34 37 10 34 37 10 2
1 36 35 38 36 35 38 1
1 35 39 38 35 39 38 1
1 35 40 39 35 40 39 1
1 37 41 10 37 41 10 2
1 38 39 42 38 39 42 1
1 38 42 43 38 42 43 1
1 39 40 42 39 40 42 1
1 41 8 10 41 8 10 2
1 43 42 44 43 42 44 1
1 42 45 44 42 45 44 1
1 42 46 45 42 46 45 1
1 47 48 49 47 48 49 2
1 50 47 51 50 51 52 1
1 47 52 51 51 53 52 1
1 49 48 53 49 48 54 2
1 51 52 54 52 53 55 1
1 51 54 55 52 55 56 1
1 53 48 56 54 48 57 2
1 55 54 57 56 55 58 1
1 54 58 57 55 59 58 1
1 56 48 59 57 48 60 2
1 57 58 60 58 59 61 1
1 57 60 61 58 61 62 1
1 59 48 62 60 48 63 2
1 61 60 63 62 61 64 1
1 60 64 63 61 65 64 1
1 62 48 65 63 48 66 2
1 63 64 66 64 65 67 1
1 63 66 67 64 67 68 1
1 65 48 68 66 48 69 2
1 67 66 69 68 67 70 1
1 66 70 69 67 71 70 1
1 68 48 71 69 48 72 2
1 69 70 72 70 71 73 1
1 69 72 73 70 73 74 1
1 71 48 74 72 48 75 2
1 73 72 75 74 73 76 1
1 72 76 75 73 77 76 1
1 74 48 77 75 48 78 2
1 75 76 78 76 77 79 1
1 75 78 79 76 79 80 1
1 77 48 80 78 48 81 2
1 79 78 81 80 79 82 1
1 78 82 81 79 83 82 1
1 80 48 47 81 48 47 2
1 81 82 83 82 83 84 1
1 81 83 84 82 84 85 1
1 15 85 13 15 86 13 1
1 13 85 19 13 86 19 1
1 19 86 4 19 87 4 1
1 4 86 3 4 87 3 1
1 1 87 2 1 88 2 1
1 2 88 7 2 89 7 1
1 2 89 88 2 90 89 1
1 7 88 33 7 89 33 1
1 88 89 33 89 90 33 1
1 33 90 35 33 91 35 1
1 35 90 40 35 91 40 1
1 40 91 42 40 92 42 1
1 42 91 46 42 92 46 1
1 51 55 92 52 56 93 1
1 92 55 57 93 56 58 1
1 57 61 93 58 62 94 1
1 93 61 63 94 62 64 1
1 63 67 94 64 68 95 1
1 94 67 69 95 68 70 1
1 69 73 95 70 74 96 1
1 95 73 75 96 74 76 1
1 96 97 98 97 98 99 2
1 98 97 99 99 98 100 2
1 99 97 100 100 98 101 2
1 101 102 103 102 103 104 1
1 100 97 104 101 98 105 2
1 103 102 105 104 103 106 1
1 104 97 106 105 98 107 2
1 105 107 108 106 108 109 1
1 106 97 109 107 98 110 2
1 108 107 110 109 108 111 1
1 109 97 111 110 98 112 2
1 110 112 113 111 113 114 1
1 111 97 114 112 98 115 2
1 113 112 115 114 113 116 1
1 114 97 116 115 98 117 2
1 115 117 118 116 118 119 1
1 116 97 119 117 98 120 2
1 118 117 120 119 118 121 1
1 119 97 121 120 98 122 2
1 121 97 96 122 98 97 2
1 122 50 51 123 50 52 1
1 122 51 123 123 52 124 1
1 123 51 92 124 52 93 1
1 92 57 124 93 58 125 1
1 124 57 93 125 58 94 1
1 93 63 125 94 64 126 1
1 125 63 94 126 64 95 1
1 94 69 126 95 70 127 1
1 126 69 95 127 70 96 1
1 95 75 127 96 76 128 1
1 127 75 128 128 76 129 1
1 75 79 128 76 80 129 1
1 128 79 81 129 80 82 1
1 128 81 129 129 82 130 1
1 129 81 130 130 82 131 1
1 81 84 130 82 85 131 1
1 15 131 132 15 132 133 1
1 15 132 85 15 133 86 1
1 131 133 132 132 134 133 1
1 133 134 132 134 135 133 1
1 133 135 136 134 136 137 1
1 133 136 134 134 137 135 1
1 135 96 136 136 138 137 1
1 96 137 136 138 139 137 1
1 85 132 19 86 133 19 1
1 132 138 19 133 140 19 1
1 132 134 139 133 135 141 1
1 132 139 138 133 141 140 1
1 134 136 139 135 137 141 1
1 136 140 139 137 142 141 1
1 136 137 101 137 139 102 1
1 136 101 140 137 102 142 1
1 19 138 141 19 140 143 1
1 19 141 86 19 143 87 1
1 138 139 141 140 141 143 1
1 139 142 141 141 144 143 1
1 139 140 103 141 142 104 1
1 139 103 142 141 104 144 1
1 140 101 103 142 102 104 1
1 86 141 3 87 143 3 1
1 141 143 3 143 145 3 1
1 141 142 144 143 144 146 1
1 141 144 143 143 146 145 1
1 142 103 144 144 104 146 1
1 103 145 144 104 147 146 1
1 103 105 145 104 106 147 1
1 3 143 87 3 145 88 1
1 3 87 1 3 88 1 1
1 143 144 87 145 146 88 1
1 144 146 87 146 148 88 1
1 144 145 108 146 147 109 1
1 144 108 146 146 109 148 1
1 145 105 108 147 106 109 1
1 87 147 2 88 149 2 1
1 87 146 148 88 148 150 1
1 87 148 147 88 150 149 1
1 146 108 148 148 109 150 1
1 108 149 148 109 151 150 1
1 108 110 149 109 111 151 1
1 2 147 89 2 149 90 1
1 147 148 89 149 150 90 1
1 148 150 89 150 152 90 1
1 148 149 113 150 151 114 1
1 148 113 150 150 114 152 1
1 149 110 113 151 111 114 1
1 89 151 33 90 153 33 1
1 89 150 152 90 152 154 1
1 89 152 151 90 154 153 1
1 150 113 152 152 114 154 1
1 113 153 152 114 155 154 1
1 113 115 153 114 116 155 1
1 33 151 154 33 153 156 1
1 33 154 90 33 156 91 1
1 151 152 154 153 154 156 1
1 152 155 154 154 157 156 1
1 152 153 118 154 155 119 1
1 152 118 155 154 119 157 1
1 153 115 118 155 116 119 1
1 90 154 40 91 156 40 1
1 154 156 40 156 158 40 1
1 154 155 157 156 157 159 1
1 154 157 156 156 159 158 1
1 155 118 157 157 119 159 1
1 118 158 157 119 160 159 1
1 118 120 158 119 121 160 1
1 40 156 159 40 158 161 1
1 40 159 91 40 161 92 1
1 156 157 159 158 159 161 1
1 157 160 159 159 162 161 1
1 157 158 161 159 160 163 1
1 157 161 160 159 163 162 1
1 158 120 161 160 121 163 1
1 120 162 161 121 164 163 1
1 91 159 46 92 161 46 1
1 159 163 46 161 165 46 1
1 159 160 164 161 162 166 1
1 159 164 163 161 166 165 1
1 160 161 164 162 163 166 1
1 161 165 164 163 167 166 1
1 161 162 166 163 164 168 1
1 161 166 165 163 168 167 1
"Regroup23" 1 3
80
1 2.593567 -0.544073 0.176138 0.000000 0.000000 -1
1 2.432437 -0.316126 0.060724 0.000000 1.000000 -1
1 3.115190 0.347849 1.209511 1.000000 0.000000 -1
1 2.954056 0.575800 1.094098 1.000000 1.000000 -1
1 3.115190 0.347849 1.209511 0.000000 0.000000 -1
1 2.954056 0.575800 1.094098 0.000000 1.000000 -1
1 1.856277 -0.038685 2.178597 1.000000 0.000000 -1
1 1.856277 -0.038685 2.178597 0.000000 0.000000 -1
1 1.637410 0.151187 2.078826 0.000000 1.000000 -1
1 1.334654 -0.930610 1.145223 1.000000 0.000000 -1
1 1.151189 -0.686059 1.104029 1.000000 1.000000 -1
1 1.334654 -0.930610 1.145223 0.000000 0.000000 -1
1 1.151189 -0.686059 1.104029 0.000000 1.000000 -1
1 2.593567 -0.544073 0.176138 1.000000 0.000000 -1
1 2.432437 -0.316126 0.060724 1.000000 1.000000 -1
1 2.593567 -0.544073 0.176138 0.000000 1.000000 -1
1 3.115190 0.347849 1.209511 1.000000 1.000000 -1
1 2.432437 -0.316126 0.060724 0.000000 0.000000 -1
1 2.954056 0.575800 1.094098 1.000000 0.000000 -1
1 1.637410 0.151187 2.078826 1.000000 1.000000 -1
1 1.221562 0.527277 1.880712 0.000000 0.000000 -1
1 1.685219 0.716464 1.607021 0.000000 1.000000 -1
1 0.762186 -0.258210 0.970650 1.000000 0.000000 -1
1 1.163596 -0.175467 0.573643 1.000000 1.000000 -1
1 0.762186 -0.258210 0.970650 0.000000 0.000000 -1
1 1.163596 -0.175467 0.573643 0.000000 1.000000 -1
1 1.338923 -0.936630 1.142121 1.000000 0.000000 -1
1 1.618010 -0.848975 0.925594 1.000000 1.000000 -1
1 1.338923 -0.936630 1.142121 0.000000 0.000000 -1
1 1.618010 -0.848975 0.925594 0.000000 1.000000 -1
1 1.860552 -0.044704 2.175498 1.000000 0.000000 -1
1 2.139625 0.042954 1.958969 1.000000 1.000000 -1
1 1.221562 0.527277 1.880712 0.000000 1.000000 -1
1 0.762186 -0.258210 0.970650 1.000000 1.000000 -1
1 1.685219 0.716464 1.607021 0.000000 0.000000 -1
1 2.139625 0.042954 1.958969 0.000000 1.000000 -1
1 1.163596 -0.175467 0.573643 1.000000 0.000000 -1
1 1.165112 -0.173013 0.576906 0.000000 0.000000 -1
1 1.003971 0.054940 0.461493 0.000000 1.000000 -1
1 1.686731 0.718913 1.610281 1.000000 0.000000 -1
1 1.525594 0.946865 1.494867 1.000000 1.000000 -1
1 1.686731 0.718913 1.610281 0.000000 0.000000 -1
1 1.525594 0.946865 1.494867 0.000000 1.000000 -1
1 0.313442 0.158225 2.408625 1.000000 0.000000 -1
1 0.302182 0.434414 2.175928 1.000000 1.000000 -1
1 0.313442 0.158225 2.408625 0.000000 0.000000 -1
1 0.302182 0.434414 2.175928 0.000000 1.000000 -1
1 -0.029703 -0.428522 1.728826 1.000000 0.000000 -1
1 -0.040962 -0.152335 1.496130 1.000000 1.000000 -1
1 -0.029703 -0.428522 1.728826 0.000000 0.000000 -1
1 -0.040962 -0.152335 1.496130 0.000000 1.000000 -1
1 1.165112 -0.173013 0.576906 1.000000 0.000000 -1
1 1.003971 0.054940 0.461493 1.000000 1.000000 -1
1 1.165112 -0.173013 0.576906 0.000000 1.000000 -1
1 1.686731 0.718913 1.610281 1.000000 1.000000 -1
1 1.003971 0.054940 0.461493 0.000000 0.000000 -1
1 1.525594 0.946865 1.494867 1.000000 0.000000 -1
1 -0.031310 -0.429135 1.727160 0.000000 0.000000 -1
1 -0.041693 -0.153869 1.494814 0.000000 1.000000 -1
1 0.313678 0.158420 2.409659 1.000000 0.000000 -1
1 0.303844 0.432906 2.177711 1.000000 1.000000 -1
1 0.313678 0.158420 2.409659 0.000000 0.000000 -1
1 0.303844 0.432906 2.177711 0.000000 1.000000 -1
1 -1.380033 2.691456 1.085196 1.000000 0.000000 -1
1 -1.319990 2.694958 1.005499 1.000000 1.000000 -1
1 -1.380033 2.691456 1.085196 0.000000 0.000000 -1
1 -1.319990 2.694958 1.005499 0.000000 1.000000 -1
1 -1.725142 2.101346 0.401503 1.000000 0.000000 -1
1 -1.630969 2.154087 0.385721 1.000000 1.000000 -1
1 -1.725142 2.101346 0.401503 0.000000 0.000000 -1
1 -1.630969 2.154087 0.385721 0.000000 1.000000 -1
1 -0.031310 -0.429135 1.727160 1.000000 0.000000 -1
1 -0.041693 -0.153869 1.494814 1.000000 1.000000 -1
1 -0.031310 -0.429135 1.727160 0.000000 1.000000 -1
1 0.313678 0.158420 2.409659 1.000000 1.000000 -1
1 -0.041693 -0.153869 1.494814 0.000000 0.000000 -1
1 0.303844 0.432906 2.177711 1.000000 0.000000 -1
1 1.860552 -0.044704 2.175498 0.000000 0.000000 -1
1 1.221562 0.527277 1.880712 1.000000 0.000000 -1
1 1.685219 0.716464 1.607021 1.000000 1.000000 -1
72
0.766840 0.240826 -0.594945
0.766838 0.240830 -0.594946
0.766835 0.240835 -0.594947
0.356946 0.610354 0.707148
0.321051 0.647018 0.691587
-0.640539 -0.391084 0.660881
-0.647435 -0.385950 0.657168
-0.654274 -0.380783 0.653399
-0.446543 -0.463884 -0.765121
-0.415792 -0.543157 -0.729450
-0.381506 -0.617811 -0.687577
0.528925 -0.756032 0.385557
0.528925 -0.756032 0.385556
0.528924 -0.756033 0.385556
-0.530858 0.755435 -0.384068
-0.530860 0.755437 -0.384060
-0.530861 0.755440 -0.384053
-0.533442 0.754630 -0.382064
-0.533438 0.754630 -0.382069
-0.533435 0.754630 -0.382074
-0.504072 -0.588330 -0.632281
-0.432005 -0.601432 -0.672050
-0.356936 -0.610356 -0.707151
0.533438 -0.754632 0.382067
0.533450 -0.754626 0.382061
0.533462 -0.754620 0.382055
-0.647448 -0.384030 0.658280
-0.647451 -0.384029 0.658277
0.780514 0.221029 -0.584759
0.780514 0.221033 -0.584759
0.780513 0.221036 -0.584759
0.766828 0.240846 -0.594953
0.766830 0.240842 -0.594951
0.766832 0.240837 -0.594950
0.230466 0.564294 0.792753
0.190992 0.603454 0.774187
0.150862 0.640540 0.752960
-0.933603 0.207842 0.291867
-0.933604 0.207843 0.291865
-0.933604 0.207844 0.291863
-0.505005 -0.568075 -0.649816
-0.489224 -0.604915 -0.628282
-0.472430 -0.640503 -0.605447
0.531393 -0.755269 0.383653
0.531393 -0.755269 0.383654
0.531394 -0.755269 0.383654
-0.530461 0.755558 -0.384374
-0.530460 0.755558 -0.384376
-0.530460 0.755557 -0.384378
0.933395 -0.210255 -0.290804
0.933312 -0.211029 -0.290508
0.933229 -0.211802 -0.290212
0.359575 0.609754 0.706333
0.478416 0.644958 0.595943
0.584077 0.662394 0.469135
-0.542053 0.751865 -0.375337
-0.519489 0.757282 -0.395796
-0.496428 0.761975 -0.415877
0.082763 -0.418431 -0.904470
-0.159248 -0.530853 -0.832367
-0.389091 -0.602715 -0.696665
-0.782432 -0.218180 0.583264
-0.782421 -0.218171 0.583283
-0.782409 -0.218162 0.583302
0.766301 0.241595 -0.595327
0.766301 0.241593 -0.595329
0.766300 0.241591 -0.595330
0.284233 0.681823 0.674039
-0.647445 -0.384031 0.658282
0.302781 0.681578 0.666164
0.269038 0.627972 0.730253
0.233110 0.569267 0.788413
48
1 0 1 2 0 1 1 1
1 1 3 2 1 2 1 1
1 4 5 6 3 4 4 2
1 7 8 9 5 6 6 1
1 8 10 9 6 7 6 1
1 11 12 13 8 9 9 2
1 12 14 13 9 10 9 2
1 11 15 6 11 12 12 3
1 15 16 6 12 13 12 3
1 17 12 18 14 15 15 3
1 12 19 18 15 16 15 3
1 20 21 22 17 18 18 1
1 21 23 22 18 19 18 1
1 24 25 26 20 21 21 2
1 25 27 26 21 22 21 2
1 28 29 30 23 24 24 1
1 29 31 30 24 25 24 1
1 32 33 26 26 27 26 3
1 34 35 36 28 29 29 3
1 35 27 36 29 30 29 3
1 37 38 39 31 32 32 1
1 38 40 39 32 33 32 1
1 41 42 43 34 35 35 2
1 42 44 43 35 36 35 2
1 45 46 47 37 38 38 1
1 46 48 47 38 39 38 1
1 49 50 51 40 41 41 2
1 50 52 51 41 42 41 2
1 49 53 43 43 44 44 3
1 53 54 43 44 45 44 3
1 55 50 56 46 47 47 3
1 50 44 56 47 48 47 3
1 57 58 59 49 50 50 1
1 58 60 59 50 51 50 1
1 61 62 63 52 53 53 2
1 62 64 63 53 54 53 2
1 65 66 67 55 56 56 1
1 66 68 67 56 57 56 1
1 69 70 71 58 59 59 2
1 70 72 71 59 60 59 2
1 69 73 63 61 62 62 3
1 73 74 63 62 63 62 3
1 75 70 76 64 65 65 3
1 70 64 76 65 66 65 3
1 5 19 6 4 67 4 2
1 77 32 26 68 26 26 3
1 77 35 78 69 70 70 2
1 35 79 78 70 71 70 2

Materials: 6
"olive"
0.200000 0.200000 0.200000 1.000000
0.800000 0.800000 0.800000 1.000000
0.000000 0.000000 0.000000 1.000000
0.000000 0.000000 0.000000 1.000000
0.000000
1.000000
".\olive.bmp"
""
"black"
0.200000 0.200000 0.200000 1.000000
0.800000 0.800000 0.800000 1.000000
0.000000 0.000000 0.000000 1.000000
0.000000 0.000000 0.000000 1.000000
0.000000
1.000000
".\black.bmp"
""
"gradient"
0.200000 0.200000 0.200000 1.000000
0.800000 0.800000 0.800000 1.000000
0.000000 0.000000 0.000000 1.000000
0.000000 0.000000 0.000000 1.000000
0.000000
1.000000
".\gradient.bmp"
""
"green"
0.200000 0.200000 0.200000 1.000000
0.800000 0.800000 0.800000 1.000000
0.000000 0.000000 0.000000 1.000000
0.000000 0.000000 0.000000 1.000000
0.000000
1.000000
".\green.bmp"
""
"black_1"
0.200000 0.200000 0.200000 1.000000
0.800000 0.800000 0.800000 1.000000
0.000000 0.000000 0.000000 1.000000
0.000000 0.000000 0.000000 1.000000
0.000000
1.000000
".\black.bmp"
""
"gradient_4"
0.200000 0.200000 0.200000 1.000000
0.800000 0.800000 0.800000 1.000000
0.000000 0.000000 0.000000 1.000000
0.000000 0.000000 0.000000 1.000000
0.000000
1.000000
".\gradient.bmp"
""

Bones: 0
