// MilkShape 3D ASCII

Frames: 30
Frame: 1

Meshes: 2
"trunk" 0 1
309
0 5.178384 0.010319 0.028310 0.000000 0.000000 -1
0 2.571193 -0.139683 1.796770 0.000000 0.000000 -1
0 -0.491870 -0.123016 0.028310 0.000000 0.000000 -1
0 -16.431122 63.261375 6.298450 0.000000 0.000000 -1
0 -16.764496 63.022079 6.193213 0.000000 0.000000 -1
0 -16.443565 63.109062 6.455722 0.000000 0.000000 -1
0 5.178384 0.010319 0.028310 0.000000 1.000000 -1
0 2.165471 13.224484 -0.236842 0.000000 0.833333 -1
0 1.809454 13.224484 1.091829 0.083333 0.833333 -1
0 2.571193 -0.139683 1.796770 0.083333 1.000000 -1
0 5.445445 37.434792 -2.762801 0.000000 0.666667 -1
0 5.247309 37.234726 -1.866475 0.083333 0.666667 -1
0 2.299830 47.957314 -1.024038 0.000000 0.500000 -1
0 2.136083 47.791969 -0.283272 0.083333 0.500000 -1
0 0.567210 54.423538 0.036239 0.000000 0.333333 -1
0 0.403462 54.258209 0.777006 0.083333 0.333333 -1
0 -2.633774 58.184280 1.659428 0.000000 0.166667 -1
0 -2.662671 57.830421 2.024771 0.083333 0.166667 -1
0 -16.443565 63.109062 6.455722 0.083333 0.000000 -1
0 1.276590 -0.164680 6.341375 0.000000 0.000000 -1
0 -16.542000 62.933434 6.542650 0.000000 0.000000 -1
0 1.276590 -0.164680 6.341375 0.166667 1.000000 -1
0 0.836800 13.224484 2.064483 0.166667 0.833333 -1
0 4.632508 36.962402 -1.210317 0.166667 0.666667 -1
0 1.627982 47.566902 0.259007 0.166667 0.500000 -1
0 -0.104638 54.033142 1.319285 0.166667 0.333333 -1
0 -2.891344 57.422447 2.226716 0.166667 0.166667 -1
0 -16.542000 62.933434 6.542650 0.166667 0.000000 -1
0 -0.491870 -0.164680 6.815231 0.000000 0.000000 -1
0 -16.700047 62.781563 6.535949 0.000000 0.000000 -1
0 -0.491870 13.224484 2.420500 0.250000 0.833333 -1
0 -0.491870 -0.164680 6.815231 0.250000 1.000000 -1
0 3.765773 36.690781 -0.970147 0.250000 0.666667 -1
0 0.911674 47.342422 0.457494 0.250000 0.500000 -1
0 -0.820946 53.808662 1.517772 0.250000 0.333333 -1
0 -3.258514 57.069649 2.211150 0.250000 0.166667 -1
0 -16.700047 62.781563 6.535949 0.250000 0.000000 -1
0 -2.260332 -0.164680 6.341375 0.000000 0.000000 -1
0 -16.875378 62.694153 6.437415 0.000000 0.000000 -1
0 -2.260332 -0.164680 6.341375 0.333333 1.000000 -1
0 -1.820542 13.224484 2.064483 0.333333 0.833333 -1
0 2.879351 36.492638 -1.210317 0.333333 0.666667 -1
0 0.179094 47.178680 0.259007 0.333333 0.500000 -1
0 -1.553528 53.644913 1.319285 0.333333 0.333333 -1
0 -3.665803 56.866562 1.982241 0.333333 0.166667 -1
0 -16.875378 62.694153 6.437415 0.333333 0.000000 -1
0 -3.554936 -0.139683 1.796770 0.000000 0.000000 -1
0 -17.020988 62.694603 6.273445 0.000000 0.000000 -1
0 -2.793197 13.224484 1.091829 0.416667 0.833333 -1
0 -3.554936 -0.139683 1.796770 0.416667 1.000000 -1
0 2.210753 36.421082 -1.866475 0.416667 0.666667 -1
0 -0.373466 47.119537 -0.283272 0.416667 0.500000 -1
0 -2.106087 53.585770 0.777006 0.416667 0.333333 -1
0 -4.004078 56.867622 1.601332 0.416667 0.166667 -1
0 -17.020988 62.694603 6.273445 0.416667 0.000000 -1
0 -6.362126 -0.123016 0.028310 0.000000 0.000000 -1
0 -17.097881 62.782814 6.087977 0.000000 0.000000 -1
0 -6.362126 -0.123016 0.028310 0.500000 1.000000 -1
0 -3.149213 13.224484 -0.236842 0.500000 0.833333 -1
0 1.939131 36.495277 -2.762801 0.500000 0.666667 -1
0 -0.597946 47.180855 -1.024038 0.500000 0.500000 -1
0 -2.330568 53.647087 0.036239 0.500000 0.333333 -1
0 -4.182698 57.072533 1.170483 0.500000 0.166667 -1
0 -17.097881 62.782814 6.087977 0.500000 0.000000 -1
0 -3.554936 -0.139683 -1.740152 0.000000 0.000000 -1
0 -17.085442 62.935127 5.930709 0.000000 0.000000 -1
0 -2.793197 13.224484 -1.565513 0.583333 0.833333 -1
0 -3.554936 -0.139683 -1.740152 0.583333 1.000000 -1
0 2.137267 36.695335 -3.659129 0.583333 0.666667 -1
0 -0.434198 47.346191 -1.764805 0.583333 0.500000 -1
0 -2.166821 53.812431 -0.704527 0.583333 0.333333 -1
0 -4.153801 57.426392 0.805140 0.583333 0.166667 -1
0 -17.085442 62.935127 5.930709 0.583333 0.000000 -1
0 0.006335 0.450472 -5.424907 0.000000 0.000000 -1
0 -16.987003 63.110756 5.843779 0.000000 0.000000 -1
0 0.006335 0.450472 -5.424907 0.666667 1.000000 -1
0 -1.820542 13.224484 -2.538167 0.666667 0.833333 -1
0 2.752070 36.967659 -4.315286 0.666667 0.666667 -1
0 0.073902 47.571259 -2.307084 0.666667 0.500000 -1
0 -1.658720 54.037491 -1.246805 0.666667 0.333333 -1
0 -3.925124 57.834358 0.603192 0.666667 0.166667 -1
0 -16.987003 63.110756 5.843779 0.666667 0.000000 -1
0 1.774795 -0.149528 -5.898764 0.000000 0.000000 -1
0 -16.828949 63.262627 5.850477 0.000000 0.000000 -1
0 -0.491870 13.224484 -2.894184 0.750000 0.833333 -1
0 1.774795 -0.149528 -5.898764 0.750000 1.000000 -1
0 3.618802 37.239288 -4.555455 0.750000 0.666667 -1
0 0.790209 47.795738 -2.505572 0.750000 0.500000 -1
0 -0.942411 54.261971 -1.445293 0.750000 0.333333 -1
0 -3.557952 58.187157 0.618759 0.750000 0.166667 -1
0 -16.828949 63.262627 5.850477 0.750000 0.000000 -1
0 3.543256 -0.149528 -5.424907 0.000000 0.000000 -1
0 -16.653622 63.350044 5.949016 0.000000 0.000000 -1
0 3.543256 -0.149528 -5.424907 0.833333 1.000000 -1
0 0.836800 13.224484 -2.538167 0.833333 0.833333 -1
0 4.505227 37.437424 -4.315286 0.833333 0.666667 -1
0 1.522790 47.959488 -2.307084 0.833333 0.500000 -1
0 -0.209830 54.425720 -1.246805 0.833333 0.333333 -1
0 -3.150663 58.390236 0.847665 0.833333 0.166667 -1
0 -16.653622 63.350044 5.949016 0.833333 0.000000 -1
0 2.571193 -0.139683 -1.740152 0.000000 0.000000 -1
0 -16.508015 63.349586 6.112986 0.000000 0.000000 -1
0 1.809454 13.224484 -1.565513 0.916667 0.833333 -1
0 2.571193 -0.139683 -1.740152 0.916667 1.000000 -1
0 5.173821 37.508987 -3.659129 0.916667 0.666667 -1
0 2.075350 48.018623 -1.764805 0.916667 0.500000 -1
0 0.342729 54.484863 -0.704527 0.916667 0.333333 -1
0 -2.812388 58.389175 1.228573 0.916667 0.166667 -1
0 -16.508015 63.349586 6.112986 0.916667 0.000000 -1
0 5.178384 0.010319 0.028310 1.000000 1.000000 -1
0 2.165471 13.224484 -0.236842 1.000000 0.833333 -1
0 5.445445 37.434792 -2.762801 1.000000 0.666667 -1
0 2.299830 47.957314 -1.024038 1.000000 0.500000 -1
0 0.567210 54.423538 0.036239 1.000000 0.333333 -1
0 -2.633774 58.184280 1.659428 1.000000 0.166667 -1
0 -16.431122 63.261375 6.298450 1.000000 0.000000 -1
0 3.752136 30.767052 -3.555518 0.000000 0.833333 -1
0 3.450598 52.474899 -7.443505 0.000000 0.666667 -1
0 4.146295 30.741570 -2.887027 0.083333 0.833333 -1
0 3.738394 52.537971 -7.027907 0.083333 0.666667 -1
0 1.786356 62.656540 -24.032784 0.000000 0.500000 -1
0 1.867971 62.679939 -24.029709 0.083333 0.500000 -1
0 3.824296 52.767883 -6.581489 0.166667 0.666667 -1
0 4.155693 30.759686 -2.110835 0.166667 0.833333 -1
0 1.930063 62.725861 -23.994305 0.166667 0.500000 -1
0 3.777804 30.816566 -1.434922 0.250000 0.833333 -1
0 3.685290 53.103004 -6.223864 0.250000 0.666667 -1
0 1.955988 62.782021 -23.936069 0.250000 0.500000 -1
0 3.358628 53.453552 -6.050864 0.333333 0.666667 -1
0 3.113896 30.896950 -1.040401 0.333333 0.833333 -1
0 1.938803 62.833359 -23.870598 0.333333 0.500000 -1
0 2.341856 30.979305 -1.032977 0.416667 0.833333 -1
0 2.931838 53.725571 -6.108838 0.416667 0.666667 -1
0 1.883113 62.866142 -23.815441 0.416667 0.500000 -1
0 2.519270 53.846245 -6.382252 0.500000 0.666667 -1
0 1.668547 31.041569 -1.414643 0.500000 0.833333 -1
0 1.803838 62.871544 -23.785374 0.500000 0.500000 -1
0 1.274390 31.067055 -2.083129 0.583333 0.833333 -1
0 2.231474 53.783150 -6.797841 0.583333 0.666667 -1
0 1.722222 62.848160 -23.788445 0.583333 0.500000 -1
0 2.145566 53.553253 -7.244256 0.666667 0.666667 -1
0 1.264994 31.048923 -2.859326 0.666667 0.833333 -1
0 1.660132 62.802223 -23.823845 0.666667 0.500000 -1
0 1.642878 30.992050 -3.535235 0.750000 0.833333 -1
0 2.284563 53.218132 -7.601875 0.750000 0.666667 -1
0 1.634206 62.746056 -23.882084 0.750000 0.500000 -1
0 2.611233 52.867584 -7.774887 0.833333 0.666667 -1
0 2.306790 30.911659 -3.929762 0.833333 0.833333 -1
0 1.651392 62.694710 -23.947556 0.833333 0.500000 -1
0 3.078829 30.829315 -3.937182 0.916667 0.833333 -1
0 3.116824 52.595528 -7.760811 0.916667 0.666667 -1
0 1.707083 62.661949 -24.002712 0.916667 0.500000 -1
0 3.450598 52.474899 -7.443505 1.000000 0.666667 -1
0 3.752136 30.767052 -3.555518 1.000000 0.833333 -1
0 1.786356 62.656540 -24.032784 1.000000 0.500000 -1
0 -2.818601 64.288849 19.055912 0.000000 0.000000 -1
0 -2.711984 64.367218 18.966198 0.000000 0.000000 -1
0 -2.973907 64.528427 18.938190 0.000000 0.000000 -1
0 -2.818601 64.288849 19.055912 0.000000 1.000000 -1
0 4.448066 48.954369 5.958909 0.000000 0.833333 -1
0 4.753840 49.179115 5.701603 0.083333 0.833333 -1
0 -2.711984 64.367218 18.966198 0.083333 1.000000 -1
0 2.696941 41.903198 -1.470951 0.000000 0.666667 -1
0 3.214776 42.283791 -1.906693 0.083333 0.666667 -1
0 -2.675555 64.488785 18.868969 0.000000 0.000000 -1
0 -2.675555 64.488785 18.868969 0.166667 1.000000 -1
0 4.858331 49.527756 5.422769 0.166667 0.833333 -1
0 3.391731 42.874229 -2.378894 0.166667 0.666667 -1
0 -2.719061 64.620972 18.790302 0.000000 0.000000 -1
0 4.733550 49.906868 5.197134 0.250000 0.833333 -1
0 -2.719061 64.620972 18.790302 0.250000 1.000000 -1
0 3.180395 43.516258 -2.761033 0.250000 0.666667 -1
0 -2.830862 64.728363 18.751247 0.000000 0.000000 -1
0 -2.830862 64.728363 18.751247 0.333333 1.000000 -1
0 4.412917 50.214890 5.085139 0.333333 0.833333 -1
0 2.637410 44.037857 -2.950709 0.333333 0.666667 -1
0 -2.980988 64.782181 18.762287 0.000000 0.000000 -1
0 3.982353 50.369240 5.116788 0.416667 0.833333 -1
0 -2.980988 64.782181 18.762287 0.416667 1.000000 -1
0 1.908246 44.299271 -2.897100 0.416667 0.666667 -1
0 -3.129221 64.768005 18.820450 0.000000 0.000000 -1
0 -3.129221 64.768005 18.820450 0.500000 1.000000 -1
0 3.557230 50.328598 5.283622 0.500000 0.833333 -1
0 1.188294 44.230461 -2.614566 0.500000 0.666667 -1
0 -3.235836 64.689651 18.910172 0.000000 0.000000 -1
0 3.251452 50.103851 5.540912 0.583333 0.833333 -1
0 -3.235836 64.689651 18.910172 0.583333 1.000000 -1
0 0.670460 43.849831 -2.178836 0.583333 0.666667 -1
0 -3.272274 64.568085 19.007387 0.000000 0.000000 -1
0 -3.272274 64.568085 19.007387 0.666667 1.000000 -1
0 3.146959 49.755219 5.819750 0.666667 0.833333 -1
0 0.493502 43.259407 -1.706639 0.666667 0.666667 -1
0 -3.228757 64.435898 19.086067 0.000000 0.000000 -1
0 3.271747 49.376091 6.045384 0.750000 0.833333 -1
0 -3.228757 64.435898 19.086067 0.750000 1.000000 -1
0 0.704826 42.617386 -1.324509 0.750000 0.666667 -1
0 -3.116966 64.328506 19.125113 0.000000 0.000000 -1
0 -3.116966 64.328506 19.125113 0.833333 1.000000 -1
0 3.592375 49.068077 6.157382 0.833333 0.833333 -1
0 1.247824 42.095779 -1.134824 0.833333 0.666667 -1
0 -2.966832 64.274673 19.114080 0.000000 0.000000 -1
0 4.022940 48.913727 6.125731 0.916667 0.833333 -1
0 -2.966832 64.274673 19.114080 0.916667 1.000000 -1
0 1.976988 41.834358 -1.188437 0.916667 0.666667 -1
0 -2.818601 64.288849 19.055912 1.000000 1.000000 -1
0 4.448066 48.954369 5.958909 1.000000 0.833333 -1
0 2.696941 41.903198 -1.470951 1.000000 0.666667 -1
0 4.092025 49.170372 5.807179 0.000000 0.000000 -1
0 13.782461 54.984596 15.928417 0.000000 0.000000 -1
0 13.607469 55.102097 16.142521 0.000000 0.000000 -1
0 3.887237 49.706650 5.132627 0.000000 0.000000 -1
0 24.958298 55.208015 -18.110895 0.000000 0.000000 -1
0 25.063854 55.166527 -18.223562 0.000000 0.000000 -1
0 24.815041 55.263191 -18.378885 0.000000 0.000000 -1
0 24.958298 55.208015 -18.110895 0.000000 1.000000 -1
0 6.971648 45.181946 -2.891577 0.000000 0.833333 -1
0 7.274395 45.062943 -3.214687 0.083333 0.833333 -1
0 25.063854 55.166527 -18.223562 0.083333 1.000000 -1
0 4.063568 35.326576 -1.341236 0.000000 0.666667 -1
0 4.576259 35.125031 -1.888421 0.083333 0.666667 -1
0 25.102730 55.150925 -18.377863 0.000000 0.000000 -1
0 25.102730 55.150925 -18.377863 0.166667 1.000000 -1
0 7.385913 45.018219 -3.657149 0.166667 0.833333 -1
0 4.765131 35.049309 -2.637751 0.166667 0.666667 -1
0 25.064533 55.165443 -18.532404 0.000000 0.000000 -1
0 7.276353 45.059784 -4.100410 0.250000 0.833333 -1
0 25.064533 55.165443 -18.532404 0.250000 1.000000 -1
0 4.579568 35.119698 -3.388431 0.250000 0.666667 -1
0 24.959480 55.206108 -18.645819 0.000000 0.000000 -1
0 24.959480 55.206108 -18.645819 0.333333 1.000000 -1
0 6.975042 45.176498 -4.425698 0.333333 0.833333 -1
0 4.069309 35.317314 -3.939297 0.333333 0.666667 -1
0 24.815701 55.262085 -18.687723 0.000000 0.000000 -1
0 6.562734 45.337044 -4.545854 0.416667 0.833333 -1
0 24.815701 55.262085 -18.687723 0.416667 1.000000 -1
0 3.371058 35.589226 -4.142764 0.416667 0.666667 -1
0 24.671783 55.318367 -18.646860 0.000000 0.000000 -1
0 24.671783 55.318367 -18.646860 0.500000 1.000000 -1
0 6.149902 45.498466 -4.428664 0.500000 0.833333 -1
0 2.671932 35.862595 -3.944331 0.500000 0.666667 -1
0 24.566223 55.359886 -18.534185 0.000000 0.000000 -1
0 5.847166 45.617455 -4.105553 0.583333 0.833333 -1
0 24.566223 55.359886 -18.534185 0.583333 1.000000 -1
0 2.159236 36.064102 -3.397123 0.583333 0.666667 -1
0 24.527328 55.375481 -18.379927 0.000000 0.000000 -1
0 24.527328 55.375481 -18.379927 0.666667 1.000000 -1
0 5.735647 45.662186 -3.663093 0.666667 0.833333 -1
0 1.970365 36.139824 -2.647806 0.666667 0.666667 -1
0 24.565536 55.360970 -18.225367 0.000000 0.000000 -1
0 5.845204 45.620598 -3.219827 0.750000 0.833333 -1
0 24.565536 55.360970 -18.225367 0.750000 1.000000 -1
0 2.155914 36.069450 -1.897143 0.750000 0.666667 -1
0 24.670589 55.320290 -18.111944 0.000000 0.000000 -1
0 24.670589 55.320290 -18.111944 0.833333 1.000000 -1
0 6.146508 45.503899 -2.894535 0.833333 0.833333 -1
0 2.666181 35.871826 -1.346261 0.833333 0.666667 -1
0 24.814335 55.264282 -18.070047 0.000000 0.000000 -1
0 6.558820 45.343353 -2.774394 0.916667 0.833333 -1
0 24.814335 55.264282 -18.070047 0.916667 1.000000 -1
0 3.364432 35.599907 -1.142782 0.916667 0.666667 -1
0 24.958298 55.208015 -18.110895 1.000000 1.000000 -1
0 6.971648 45.181946 -2.891577 1.000000 0.833333 -1
0 4.063568 35.326576 -1.341236 1.000000 0.666667 -1
0 7.475489 46.767242 -3.677548 0.000000 0.000000 -1
0 21.923641 50.310410 -3.670531 0.000000 0.000000 -1
0 21.770187 50.428635 -3.440861 0.000000 0.000000 -1
0 7.575947 46.292068 -4.418278 0.000000 0.000000 -1
0 2.384859 53.210136 -6.352478 0.000000 0.000000 -1
0 -5.203841 61.749214 -11.476447 0.000000 0.000000 -1
0 -5.043012 61.759705 -12.010734 0.000000 0.000000 -1
0 2.747403 53.157227 -6.659239 0.000000 0.000000 -1
0 -12.683360 63.771217 -3.956459 0.000000 0.000000 -1
0 -12.775771 63.735756 -4.087386 0.000000 0.000000 -1
0 -12.745985 63.722214 -3.926552 0.000000 0.000000 -1
0 0.905296 50.145332 0.056078 0.000000 0.166667 -1
0 0.529770 49.851479 0.235408 0.083333 0.166667 -1
0 -12.745985 63.722214 -3.926552 0.083333 0.000000 -1
0 -12.816594 63.676834 -3.939740 0.000000 0.000000 -1
0 -12.816594 63.676834 -3.939740 0.166667 0.000000 -1
0 0.106392 49.579430 0.156329 0.166667 0.166667 -1
0 -12.876265 63.647247 -3.992488 0.000000 0.000000 -1
0 -0.251407 49.402046 -0.159963 0.250000 0.166667 -1
0 -12.876265 63.647247 -3.992488 0.250000 0.000000 -1
0 -12.909012 63.641396 -4.070666 0.000000 0.000000 -1
0 -12.909012 63.641396 -4.070666 0.333333 0.000000 -1
0 -0.447741 49.366867 -0.628732 0.333333 0.166667 -1
0 -12.906052 63.660812 -4.153320 0.000000 0.000000 -1
0 -0.430009 49.483337 -1.124359 0.416667 0.166667 -1
0 -12.906052 63.660812 -4.153320 0.416667 0.000000 -1
0 -12.868189 63.700325 -4.218308 0.000000 0.000000 -1
0 -12.868189 63.700325 -4.218308 0.500000 0.000000 -1
0 -0.202969 49.720238 -1.514040 0.500000 0.166667 -1
0 -12.805559 63.749321 -4.248216 0.000000 0.000000 -1
0 0.172559 50.014091 -1.693369 0.583333 0.166667 -1
0 -12.805559 63.749321 -4.248216 0.583333 0.000000 -1
0 -12.734950 63.794701 -4.235027 0.000000 0.000000 -1
0 -12.734950 63.794701 -4.235027 0.666667 0.000000 -1
0 0.595944 50.286140 -1.614295 0.666667 0.166667 -1
0 -12.675280 63.824276 -4.182279 0.000000 0.000000 -1
0 0.953737 50.463524 -1.297996 0.750000 0.166667 -1
0 -12.675280 63.824276 -4.182279 0.750000 0.000000 -1
0 -12.642535 63.830147 -4.104102 0.000000 0.000000 -1
0 -12.642535 63.830147 -4.104102 0.833333 0.000000 -1
0 1.150072 50.498688 -0.829235 0.833333 0.166667 -1
0 -12.645492 63.810719 -4.021446 0.000000 0.000000 -1
0 1.132345 50.382217 -0.333611 0.916667 0.166667 -1
0 -12.645492 63.810719 -4.021446 0.916667 0.000000 -1
0 -12.683360 63.771217 -3.956459 1.000000 0.000000 -1
0 0.905296 50.145332 0.056078 1.000000 0.166667 -1
308
0.023508 -0.999724 -0.000000
0.010770 -0.999548 -0.028075
-0.020620 -0.999573 -0.020728
-0.598009 0.598841 0.532705
-0.597991 0.598850 0.532715
-0.598021 0.598851 0.532681
0.801262 0.157832 0.577121
0.964238 0.059084 0.258367
0.858921 0.046045 0.510033
0.806780 0.076887 0.585827
0.967235 0.064591 0.245528
0.876274 0.052706 0.478922
0.939906 0.223926 0.257749
0.853053 0.162092 0.496010
0.872100 0.362027 0.329208
0.802956 0.299292 0.515447
0.614306 0.541955 0.573509
0.563303 0.416059 0.713853
0.445518 0.625225 0.640787
0.423429 0.441332 0.791160
-0.001795 -0.999980 -0.006097
-0.598025 0.598837 0.532692
0.587382 0.251348 0.769290
0.494666 0.161595 0.853928
0.507344 0.032432 0.861133
0.514353 0.012064 0.857494
0.455654 0.036352 0.889415
0.302555 -0.005600 0.953115
0.298270 -0.008660 0.954442
-0.000000 -0.999981 -0.006139
-0.597987 0.598864 0.532703
-0.007137 0.229878 0.973193
0.000000 0.311861 0.950128
0.001528 0.012031 0.999926
0.036863 -0.137574 0.989805
0.043857 -0.162455 0.985741
0.023848 -0.362598 0.931641
0.071822 -0.489137 0.869245
0.001795 -0.999980 -0.006097
-0.597972 0.598884 0.532698
-0.587381 0.251348 0.769290
-0.484571 0.249324 0.838468
-0.489312 -0.007286 0.872079
-0.451475 -0.246728 0.857493
-0.445458 -0.356733 0.821163
-0.350589 -0.672950 0.651326
-0.193227 -0.833599 0.517471
0.000973 -0.999970 -0.007739
-0.597975 0.598872 0.532708
-0.830275 0.203511 0.518870
-0.797706 0.077018 0.598109
-0.855281 -0.014029 0.517975
-0.819812 -0.286151 0.496011
-0.776954 -0.418255 0.470537
-0.605536 -0.763713 0.223761
-0.399776 -0.916160 0.028808
0.000000 -1.000000 -0.000000
-0.597960 0.598873 0.532724
-0.981838 0.189721 -0.000709
-0.974645 0.223756 -0.000890
-0.999794 -0.007558 0.018840
-0.969450 -0.245278 0.002216
-0.933150 -0.356619 -0.045309
-0.724103 -0.620584 -0.300915
-0.497184 -0.752400 -0.432092
0.031268 -0.998509 -0.044747
-0.597968 0.598863 0.532727
-0.819732 0.120373 -0.559956
-0.632052 0.046135 -0.773552
-0.885315 0.013376 -0.464798
-0.860296 -0.135062 -0.491578
-0.842609 -0.195417 -0.501820
-0.658553 -0.318942 -0.681603
-0.481618 -0.409810 -0.774661
-0.146804 -0.982256 -0.116711
-0.597978 0.598840 0.532741
-0.489931 0.122652 -0.863090
-0.499156 0.077170 -0.863069
-0.519046 0.031980 -0.854148
-0.521597 0.014965 -0.853061
-0.511453 0.058699 -0.857304
-0.410015 0.101587 -0.906404
-0.352715 0.054637 -0.934134
-0.178563 -0.981852 -0.063895
-0.597986 0.598832 0.532741
0.009383 0.078163 -0.996896
0.027960 0.223618 -0.974276
-0.018091 0.054269 -0.998362
-0.044106 0.164604 -0.985373
-0.077635 0.279245 -0.957076
-0.099029 0.482512 -0.870273
-0.122216 0.539291 -0.833204
-0.002843 -0.999992 0.002758
-0.598003 0.598826 0.532729
0.659898 0.258511 -0.705483
0.497838 0.071210 -0.864342
0.482050 0.075684 -0.872869
0.444234 0.273758 -0.853061
0.403979 0.452592 -0.794960
0.265600 0.767716 -0.583154
0.142040 0.870802 -0.470668
0.009444 -0.999623 0.025778
-0.598010 0.598819 0.532729
0.881337 -0.005197 -0.472460
0.934448 0.057854 -0.351368
0.852391 0.084528 -0.516028
0.812569 0.313181 -0.491578
0.737455 0.507443 -0.445716
0.515820 0.841951 -0.158267
0.344073 0.938875 0.011279
0.804453 0.135331 -0.578396
0.965557 0.027619 -0.258721
0.958850 0.081861 -0.271857
0.918949 0.302136 -0.253469
0.855644 0.487007 -0.175204
0.602168 0.788471 0.125328
0.407122 0.878740 0.249136
0.857383 -0.079175 -0.508553
0.724066 -0.420731 -0.546547
0.944784 -0.044620 -0.324643
0.919818 -0.193510 -0.341305
0.252865 -0.813067 -0.524386
0.720411 -0.558450 -0.411269
0.998419 -0.053535 -0.017110
0.968461 0.063525 0.240932
0.845617 -0.418515 -0.331328
0.766835 0.138424 0.626739
0.873595 0.305959 0.378445
0.966850 0.251826 0.042248
0.590485 0.453461 0.667608
0.284800 0.204917 0.936428
0.859223 0.477748 0.183013
-0.240591 0.217397 0.945967
-0.023950 0.619789 0.784403
0.345944 0.842026 0.413902
-0.493940 0.575367 0.651901
-0.683129 0.179677 0.707850
-0.017952 0.887279 0.460883
-0.943640 0.104418 0.314070
-0.911958 0.268972 0.309816
-0.702260 0.618558 0.352444
-0.994104 0.107256 -0.015921
-0.969607 -0.009696 -0.244475
-0.841878 0.460431 0.281502
-0.758073 -0.095614 -0.645123
-0.867202 -0.268382 -0.419443
-0.972998 -0.213735 -0.087135
-0.587252 -0.410792 -0.697413
-0.282449 -0.161679 -0.945560
-0.870436 -0.441935 -0.216876
0.275843 -0.165398 -0.946865
0.115083 -0.574288 -0.810524
-0.307539 -0.820128 -0.482503
0.318331 -0.563553 -0.762282
0.477237 -0.148500 -0.866137
-0.242870 -0.837435 -0.489609
0.257237 0.555346 0.790835
0.257257 0.555367 0.790814
0.257242 0.555362 0.790822
0.718294 -0.222604 0.659167
0.744527 -0.407898 0.528488
0.880229 -0.260570 0.396611
0.828224 -0.077591 0.554999
0.731961 -0.571948 0.370283
0.877946 -0.429454 0.211612
0.257271 0.555352 0.790820
0.935144 0.224893 0.273731
0.993674 0.084301 0.074192
0.989220 -0.063111 -0.132136
0.257250 0.555351 0.790827
0.859575 0.434285 -0.269310
0.848561 0.520007 -0.097655
0.838874 0.332655 -0.430849
0.257237 0.555379 0.790812
0.486682 0.715220 -0.501599
0.476264 0.683458 -0.553224
0.464243 0.649690 -0.601981
0.257217 0.555378 0.790819
-0.052662 0.737922 -0.672828
-0.072839 0.666901 -0.741578
-0.032186 0.800726 -0.598165
0.257236 0.555399 0.790798
-0.555265 0.417306 -0.719400
-0.549201 0.596390 -0.585404
-0.515470 0.746102 -0.421454
0.257254 0.555375 0.790809
-0.885246 0.318035 -0.339402
-0.841173 0.110985 -0.529255
-0.857019 0.501229 -0.119529
0.257224 0.555359 0.790830
-0.950469 -0.200272 -0.237697
-0.999292 -0.037051 -0.006474
-0.964991 0.130738 0.227376
0.257241 0.555358 0.790825
-0.852894 -0.391133 0.345813
-0.854609 -0.497558 0.148591
-0.808550 -0.265519 0.525116
0.257249 0.555337 0.790838
-0.475519 -0.681630 0.556113
-0.454916 -0.632250 0.627146
-0.431185 -0.578860 0.692098
0.257235 0.555343 0.790838
0.073876 -0.675056 0.734058
0.085595 -0.620303 0.779678
0.061889 -0.725764 0.685154
0.356961 -0.503079 0.787078
0.337189 -0.620338 0.708156
0.310566 -0.724955 0.614808
-0.554891 -0.371206 0.744515
0.012609 -0.872207 0.488974
-0.768171 0.366758 0.524787
0.363454 0.931609 -0.002482
0.363516 0.931585 -0.002553
0.363533 0.931578 -0.002511
0.688924 -0.164272 0.705973
0.698739 -0.131593 0.703169
0.794341 -0.330933 0.509416
0.707372 -0.492958 0.506574
0.707746 -0.098797 0.699525
0.852469 -0.165255 0.495972
0.363542 0.931574 -0.002469
0.513795 -0.857451 0.028157
0.799523 -0.600409 0.016485
0.967192 -0.254035 0.002306
0.363475 0.931601 -0.002459
0.603579 -0.656421 -0.452552
0.260671 -0.911831 -0.317198
0.827971 -0.260212 -0.496743
0.363427 0.931619 -0.002572
0.019937 -0.828728 -0.559297
0.267379 -0.560546 -0.783771
0.469200 -0.180928 -0.864359
0.363513 0.931586 -0.002560
-0.141983 -0.341319 -0.929162
-0.256045 -0.604238 -0.754544
-0.010976 -0.037726 -0.999228
0.363605 0.931550 -0.002575
-0.569842 -0.105212 -0.814991
-0.529547 0.014736 -0.848153
-0.482003 0.130425 -0.866408
0.363606 0.931549 -0.002546
-0.755014 0.413945 -0.508530
-0.671125 0.544671 -0.502917
-0.818512 0.278723 -0.502346
0.363582 0.931559 -0.002460
-0.476121 0.878939 -0.027841
-0.747674 0.663858 -0.016652
-0.930058 0.367397 -0.003394
0.363544 0.931574 -0.002489
-0.553443 0.709380 0.436440
-0.234765 0.922628 0.306011
-0.784901 0.371822 0.495659
0.363586 0.931557 -0.002510
-0.002808 0.841880 0.539658
-0.228223 0.615740 0.754174
-0.423423 0.290904 0.857956
0.363543 0.931574 -0.002460
0.167845 0.409079 0.896929
0.266348 0.631966 0.727790
0.053524 0.147827 0.987564
0.405411 0.466261 0.786284
0.359561 0.271497 0.892752
0.295197 0.062868 0.953366
-0.131176 0.533262 0.835718
0.198630 -0.811055 0.550214
-0.198958 0.812388 -0.548125
-0.589318 -0.730629 -0.344799
-0.663030 -0.717451 -0.213670
-0.502167 -0.727146 -0.468067
-0.555079 0.813962 0.171326
-0.555053 0.813961 0.171417
-0.555100 0.813946 0.171337
0.126353 0.394086 0.910347
0.126358 0.394090 0.910344
-0.052465 0.240599 0.969206
-0.052463 0.240601 0.969205
-0.555090 0.813950 0.171349
-0.404816 -0.107242 0.908088
-0.404819 -0.107245 0.908086
-0.555011 0.813984 0.171444
-0.675596 -0.439488 0.591963
-0.675601 -0.439494 0.591953
-0.554967 0.814015 0.171440
-0.760872 -0.642780 0.088924
-0.760873 -0.642777 0.088934
-0.555006 0.813989 0.171434
-0.631130 -0.646848 -0.428092
-0.631130 -0.646848 -0.428091
-0.554990 0.813990 0.171480
-0.349483 -0.473056 -0.808752
-0.349478 -0.473052 -0.808756
-0.555034 0.813966 0.171453
0.005569 -0.177779 -0.984055
0.005564 -0.177783 -0.984054
-0.555078 0.813930 0.171484
0.363386 0.181320 -0.913824
0.363381 0.181315 -0.913827
-0.555079 0.813937 0.171446
0.628607 0.515520 -0.582316
0.628603 0.515513 -0.582327
-0.555113 0.813919 0.171422
0.702158 0.708089 -0.074732
0.702158 0.708089 -0.074727
-0.555087 0.813944 0.171386
0.567958 0.701125 0.431101
0.567954 0.701123 0.431109
0.441776 0.628955 0.639726
0.441775 0.628955 0.639727
378
0 0 1 2 0 1 2 2
0 3 4 5 3 4 5 2
0 6 7 8 6 7 8 1
0 6 8 9 6 8 9 1
0 7 10 8 7 10 8 1
0 10 11 8 10 11 8 1
0 10 12 13 10 12 13 1
0 10 13 11 10 13 11 1
0 12 14 13 12 14 13 1
0 14 15 13 14 15 13 1
0 14 16 17 14 16 17 1
0 14 17 15 14 17 15 1
0 16 3 17 16 18 17 1
0 3 18 17 18 19 17 1
0 1 19 2 1 20 2 2
0 5 4 20 5 4 21 2
0 9 8 21 9 8 22 1
0 8 22 21 8 23 22 1
0 8 11 23 8 11 24 1
0 8 23 22 8 24 23 1
0 11 13 23 11 13 24 1
0 13 24 23 13 25 24 1
0 13 15 25 13 15 26 1
0 13 25 24 13 26 25 1
0 15 17 25 15 17 26 1
0 17 26 25 17 27 26 1
0 17 18 27 17 19 28 1
0 17 27 26 17 28 27 1
0 19 28 2 20 29 2 2
0 20 4 29 21 4 30 2
0 21 22 30 22 23 31 1
0 21 30 31 22 31 32 1
0 22 23 30 23 24 31 1
0 23 32 30 24 33 31 1
0 23 24 33 24 25 34 1
0 23 33 32 24 34 33 1
0 24 25 33 25 26 34 1
0 25 34 33 26 35 34 1
0 25 26 35 26 27 36 1
0 25 35 34 26 36 35 1
0 26 27 35 27 28 36 1
0 27 36 35 28 37 36 1
0 28 37 2 29 38 2 2
0 29 4 38 30 4 39 2
0 31 30 39 32 31 40 1
0 30 40 39 31 41 40 1
0 30 32 41 31 33 42 1
0 30 41 40 31 42 41 1
0 32 33 41 33 34 42 1
0 33 42 41 34 43 42 1
0 33 34 43 34 35 44 1
0 33 43 42 34 44 43 1
0 34 35 43 35 36 44 1
0 35 44 43 36 45 44 1
0 35 36 45 36 37 46 1
0 35 45 44 36 46 45 1
0 37 46 2 38 47 2 2
0 38 4 47 39 4 48 2
0 39 40 48 40 41 49 1
0 39 48 49 40 49 50 1
0 40 41 48 41 42 49 1
0 41 50 48 42 51 49 1
0 41 42 51 42 43 52 1
0 41 51 50 42 52 51 1
0 42 43 51 43 44 52 1
0 43 52 51 44 53 52 1
0 43 44 53 44 45 54 1
0 43 53 52 44 54 53 1
0 44 45 53 45 46 54 1
0 45 54 53 46 55 54 1
0 46 55 2 47 56 2 2
0 47 4 56 48 4 57 2
0 49 48 57 50 49 58 1
0 48 58 57 49 59 58 1
0 48 50 59 49 51 60 1
0 48 59 58 49 60 59 1
0 50 51 59 51 52 60 1
0 51 60 59 52 61 60 1
0 51 52 61 52 53 62 1
0 51 61 60 52 62 61 1
0 52 53 61 53 54 62 1
0 53 62 61 54 63 62 1
0 53 54 63 54 55 64 1
0 53 63 62 54 64 63 1
0 55 64 2 56 65 2 2
0 56 4 65 57 4 66 2
0 57 58 66 58 59 67 1
0 57 66 67 58 67 68 1
0 58 59 66 59 60 67 1
0 59 68 66 60 69 67 1
0 59 60 69 60 61 70 1
0 59 69 68 60 70 69 1
0 60 61 69 61 62 70 1
0 61 70 69 62 71 70 1
0 61 62 71 62 63 72 1
0 61 71 70 62 72 71 1
0 62 63 71 63 64 72 1
0 63 72 71 64 73 72 1
0 64 73 2 65 74 2 2
0 65 4 74 66 4 75 2
0 67 66 75 68 67 76 1
0 66 76 75 67 77 76 1
0 66 68 77 67 69 78 1
0 66 77 76 67 78 77 1
0 68 69 77 69 70 78 1
0 69 78 77 70 79 78 1
0 69 70 79 70 71 80 1
0 69 79 78 70 80 79 1
0 70 71 79 71 72 80 1
0 71 80 79 72 81 80 1
0 71 72 81 72 73 82 1
0 71 81 80 72 82 81 1
0 73 82 2 74 83 2 2
0 74 4 83 75 4 84 2
0 75 76 84 76 77 85 1
0 75 84 85 76 85 86 1
0 76 77 84 77 78 85 1
0 77 86 84 78 87 85 1
0 77 78 87 78 79 88 1
0 77 87 86 78 88 87 1
0 78 79 87 79 80 88 1
0 79 88 87 80 89 88 1
0 79 80 89 80 81 90 1
0 79 89 88 80 90 89 1
0 80 81 89 81 82 90 1
0 81 90 89 82 91 90 1
0 82 91 2 83 92 2 2
0 83 4 92 84 4 93 2
0 85 84 93 86 85 94 1
0 84 94 93 85 95 94 1
0 84 86 95 85 87 96 1
0 84 95 94 85 96 95 1
0 86 87 95 87 88 96 1
0 87 96 95 88 97 96 1
0 87 88 97 88 89 98 1
0 87 97 96 88 98 97 1
0 88 89 97 89 90 98 1
0 89 98 97 90 99 98 1
0 89 90 99 90 91 100 1
0 89 99 98 90 100 99 1
0 91 100 2 92 101 2 2
0 92 4 101 93 4 102 2
0 93 94 102 94 95 103 1
0 93 102 103 94 103 104 1
0 94 95 102 95 96 103 1
0 95 104 102 96 105 103 1
0 95 96 105 96 97 106 1
0 95 105 104 96 106 105 1
0 96 97 105 97 98 106 1
0 97 106 105 98 107 106 1
0 97 98 107 98 99 108 1
0 97 107 106 98 108 107 1
0 98 99 107 99 100 108 1
0 99 108 107 100 109 108 1
0 100 0 2 101 0 2 2
0 101 4 3 102 4 3 2
0 103 102 109 104 103 110 1
0 102 110 109 103 111 110 1
0 102 104 111 103 105 112 1
0 102 111 110 103 112 111 1
0 104 105 111 105 106 112 1
0 105 112 111 106 113 112 1
0 105 106 113 106 107 114 1
0 105 113 112 106 114 113 1
0 106 107 113 107 108 114 1
0 107 114 113 108 115 114 1
0 107 108 115 108 109 116 1
0 107 115 114 108 116 115 1
0 116 117 118 117 118 119 1
0 117 119 118 118 120 119 1
0 117 120 121 118 121 122 1
0 117 121 119 118 122 120 1
0 118 119 122 119 120 123 1
0 118 122 123 119 123 124 1
0 119 121 122 120 122 123 1
0 121 124 122 122 125 123 1
0 123 122 125 124 123 126 1
0 122 126 125 123 127 126 1
0 122 124 127 123 125 128 1
0 122 127 126 123 128 127 1
0 125 126 128 126 127 129 1
0 125 128 129 126 129 130 1
0 126 127 128 127 128 129 1
0 127 130 128 128 131 129 1
0 129 128 131 130 129 132 1
0 128 132 131 129 133 132 1
0 128 130 133 129 131 134 1
0 128 133 132 129 134 133 1
0 131 132 134 132 133 135 1
0 131 134 135 132 135 136 1
0 132 133 134 133 134 135 1
0 133 136 134 134 137 135 1
0 135 134 137 136 135 138 1
0 134 138 137 135 139 138 1
0 134 136 139 135 137 140 1
0 134 139 138 135 140 139 1
0 137 138 140 138 139 141 1
0 137 140 141 138 141 142 1
0 138 139 140 139 140 141 1
0 139 142 140 140 143 141 1
0 141 140 143 142 141 144 1
0 140 144 143 141 145 144 1
0 140 142 145 141 143 146 1
0 140 145 144 141 146 145 1
0 143 144 146 144 145 147 1
0 143 146 147 144 147 148 1
0 144 145 146 145 146 147 1
0 145 148 146 146 149 147 1
0 147 146 149 148 147 150 1
0 146 150 149 147 151 150 1
0 146 148 151 147 149 152 1
0 146 151 150 147 152 151 1
0 149 150 152 150 151 153 1
0 149 152 153 150 153 154 1
0 150 151 152 151 152 153 1
0 151 154 152 152 155 153 1
0 155 156 157 156 157 158 2
0 158 159 160 159 160 161 1
0 158 160 161 159 161 162 1
0 159 162 160 160 163 161 1
0 162 163 160 163 164 161 1
0 156 164 157 157 165 158 2
0 161 160 165 162 161 166 1
0 160 166 165 161 167 166 1
0 160 163 167 161 164 168 1
0 160 167 166 161 168 167 1
0 164 168 157 165 169 158 2
0 165 166 169 166 167 170 1
0 165 169 170 166 170 171 1
0 166 167 169 167 168 170 1
0 167 171 169 168 172 170 1
0 168 172 157 169 173 158 2
0 170 169 173 171 170 174 1
0 169 174 173 170 175 174 1
0 169 171 175 170 172 176 1
0 169 175 174 170 176 175 1
0 172 176 157 173 177 158 2
0 173 174 177 174 175 178 1
0 173 177 178 174 178 179 1
0 174 175 177 175 176 178 1
0 175 179 177 176 180 178 1
0 176 180 157 177 181 158 2
0 178 177 181 179 178 182 1
0 177 182 181 178 183 182 1
0 177 179 183 178 180 184 1
0 177 183 182 178 184 183 1
0 180 184 157 181 185 158 2
0 181 182 185 182 183 186 1
0 181 185 186 182 186 187 1
0 182 183 185 183 184 186 1
0 183 187 185 184 188 186 1
0 184 188 157 185 189 158 2
0 186 185 189 187 186 190 1
0 185 190 189 186 191 190 1
0 185 187 191 186 188 192 1
0 185 191 190 186 192 191 1
0 188 192 157 189 193 158 2
0 189 190 193 190 191 194 1
0 189 193 194 190 194 195 1
0 190 191 193 191 192 194 1
0 191 195 193 192 196 194 1
0 192 196 157 193 197 158 2
0 194 193 197 195 194 198 1
0 193 198 197 194 199 198 1
0 193 195 199 194 196 200 1
0 193 199 198 194 200 199 1
0 196 200 157 197 201 158 2
0 197 198 201 198 199 202 1
0 197 201 202 198 202 203 1
0 198 199 201 199 200 202 1
0 199 203 201 200 204 202 1
0 200 155 157 201 156 158 2
0 202 201 204 203 202 205 1
0 201 205 204 202 206 205 1
0 201 203 206 202 204 207 1
0 201 206 205 202 207 206 1
0 207 208 209 208 208 209 1
0 207 208 210 208 208 210 1
0 211 212 213 211 212 213 2
0 214 215 216 214 215 216 1
0 214 216 217 214 216 217 1
0 215 218 216 215 218 216 1
0 218 219 216 218 219 216 1
0 212 220 213 212 220 213 2
0 217 216 221 217 216 221 1
0 216 222 221 216 222 221 1
0 216 219 223 216 219 223 1
0 216 223 222 216 223 222 1
0 220 224 213 220 224 213 2
0 221 222 225 221 222 225 1
0 221 225 226 221 225 226 1
0 222 223 225 222 223 225 1
0 223 227 225 223 227 225 1
0 224 228 213 224 228 213 2
0 226 225 229 226 225 229 1
0 225 230 229 225 230 229 1
0 225 227 231 225 227 231 1
0 225 231 230 225 231 230 1
0 228 232 213 228 232 213 2
0 229 230 233 229 230 233 1
0 229 233 234 229 233 234 1
0 230 231 233 230 231 233 1
0 231 235 233 231 235 233 1
0 232 236 213 232 236 213 2
0 234 233 237 234 233 237 1
0 233 238 237 233 238 237 1
0 233 235 239 233 235 239 1
0 233 239 238 233 239 238 1
0 236 240 213 236 240 213 2
0 237 238 241 237 238 241 1
0 237 241 242 237 241 242 1
0 238 239 241 238 239 241 1
0 239 243 241 239 243 241 1
0 240 244 213 240 244 213 2
0 242 241 245 242 241 245 1
0 241 246 245 241 246 245 1
0 241 243 247 241 243 247 1
0 241 247 246 241 247 246 1
0 244 248 213 244 248 213 2
0 245 246 249 245 246 249 1
0 245 249 250 245 249 250 1
0 246 247 249 246 247 249 1
0 247 251 249 247 251 249 1
0 248 252 213 248 252 213 2
0 250 249 253 250 249 253 1
0 249 254 253 249 254 253 1
0 249 251 255 249 251 255 1
0 249 255 254 249 255 254 1
0 252 256 213 252 256 213 2
0 253 254 257 253 254 257 1
0 253 257 258 253 257 258 1
0 254 255 257 254 255 257 1
0 255 259 257 255 259 257 1
0 256 211 213 256 211 213 2
0 258 257 260 258 257 260 1
0 257 261 260 257 261 260 1
0 257 259 262 257 259 262 1
0 257 262 261 257 262 261 1
0 263 264 265 263 263 264 1
0 263 264 266 263 263 265 1
0 267 268 269 266 266 267 1
0 267 268 270 266 266 268 1
0 271 272 273 269 270 271 2
0 274 271 275 272 273 274 1
0 271 276 275 273 275 274 1
0 273 272 277 271 270 276 2
0 275 276 278 274 275 277 1
0 275 278 279 274 277 278 1
0 277 272 280 276 270 279 2
0 279 278 281 278 277 280 1
0 278 282 281 277 281 280 1
0 280 272 283 279 270 282 2
0 281 282 284 280 281 283 1
0 281 284 285 280 283 284 1
0 283 272 286 282 270 285 2
0 285 284 287 284 283 286 1
0 284 288 287 283 287 286 1
0 286 272 289 285 270 288 2
0 287 288 290 286 287 289 1
0 287 290 291 286 289 290 1
0 289 272 292 288 270 291 2
0 291 290 293 290 289 292 1
0 290 294 293 289 293 292 1
0 292 272 295 291 270 294 2
0 293 294 296 292 293 295 1
0 293 296 297 292 295 296 1
0 295 272 298 294 270 297 2
0 297 296 299 296 295 298 1
0 296 300 299 295 299 298 1
0 298 272 301 297 270 300 2
0 299 300 302 298 299 301 1
0 299 302 303 298 301 302 1
0 301 272 304 300 270 303 2
0 303 302 305 302 301 304 1
0 302 306 305 301 305 304 1
0 304 272 271 303 270 269 2
0 305 306 307 304 305 306 1
0 305 307 308 304 306 307 1
"green" 0 0
267
0 12.040117 51.203094 -1.038943 0.000000 1.000000 -1
0 17.015800 50.770958 5.498127 0.000000 0.833333 -1
0 12.417653 51.891617 7.264054 0.083333 0.833333 -1
0 18.586178 71.330643 2.497154 0.000000 0.000000 -1
0 17.722729 68.597137 12.923686 0.083333 0.166667 -1
0 23.399384 67.213486 10.743541 0.000000 0.166667 -1
0 12.040117 51.203094 -1.038943 0.083333 1.000000 -1
0 9.361956 52.791054 6.212875 0.166667 0.833333 -1
0 18.586178 71.330643 2.497154 0.083333 0.000000 -1
0 13.950165 69.707520 11.625913 0.166667 0.166667 -1
0 12.040117 51.203094 -1.038943 0.166667 1.000000 -1
0 5.609867 54.063705 2.694403 0.250000 0.833333 -1
0 18.586178 71.330643 2.497154 0.166667 0.000000 -1
0 9.317982 71.278778 7.282151 0.250000 0.166667 -1
0 12.040117 51.203094 -1.038943 0.250000 1.000000 -1
0 0.704869 56.101219 -5.025081 0.333333 0.833333 -1
0 18.586178 71.330643 2.497154 0.250000 0.000000 -1
0 0.746405 73.052063 -6.795283 0.333333 0.166667 -1
0 12.040117 51.203094 -1.038943 0.333333 1.000000 -1
0 1.406952 56.110519 -7.952428 0.416667 0.833333 -1
0 18.586178 71.330643 2.497154 0.333333 0.000000 -1
0 1.613153 73.063538 -10.409304 0.416667 0.166667 -1
0 12.040117 51.203094 -1.038943 0.416667 1.000000 -1
0 6.829914 55.021286 -13.833320 0.500000 0.833333 -1
0 18.586178 71.330643 2.497154 0.416667 0.000000 -1
0 8.308196 71.718857 -17.669664 0.500000 0.166667 -1
0 12.040117 51.203094 -1.038943 0.500000 1.000000 -1
0 15.028096 52.842781 -13.519849 0.583333 0.833333 -1
0 18.586178 71.330643 2.497154 0.500000 0.000000 -1
0 18.429375 69.029297 -17.282639 0.583333 0.166667 -1
0 12.040117 51.203094 -1.038943 0.583333 1.000000 -1
0 17.670059 52.048874 -12.314758 0.666667 0.833333 -1
0 18.586178 71.330643 2.497154 0.583333 0.000000 -1
0 21.691051 68.049149 -15.794895 0.666667 0.166667 -1
0 12.040117 51.203094 -1.038943 0.666667 1.000000 -1
0 19.996223 50.713226 -5.073507 0.750000 0.833333 -1
0 18.586178 71.330643 2.497154 0.666667 0.000000 -1
0 27.079002 67.142410 -2.307887 0.750000 0.166667 -1
0 12.040117 51.203094 -1.038943 0.750000 1.000000 -1
0 22.237133 49.795120 -0.776780 0.833333 0.833333 -1
0 18.586178 71.330643 2.497154 0.750000 0.000000 -1
0 29.845486 66.008835 2.996700 0.833333 0.166667 -1
0 12.040117 51.203094 -1.038943 0.833333 1.000000 -1
0 21.164501 49.864311 2.400659 0.916667 0.833333 -1
0 18.586178 71.330643 2.497154 0.833333 0.000000 -1
0 28.521206 66.094299 6.919464 0.916667 0.166667 -1
0 12.040117 51.203094 -1.038943 0.916667 1.000000 -1
0 17.015800 50.770958 5.498127 1.000000 0.833333 -1
0 18.586178 71.330643 2.497154 0.916667 0.000000 -1
0 23.399384 67.213486 10.743541 1.000000 0.166667 -1
0 21.256748 52.938072 13.086626 0.000000 0.666667 -1
0 12.703694 55.056900 15.879877 0.083333 0.666667 -1
0 6.169451 56.980133 13.632093 0.166667 0.666667 -1
0 -0.369637 59.224091 7.029714 0.250000 0.666667 -1
0 -6.199245 61.514389 -5.859580 0.333333 0.666667 -1
0 -4.697955 61.534264 -12.119246 0.416667 0.666667 -1
0 3.740391 59.838074 -21.126177 0.500000 0.666667 -1
0 16.246700 56.531433 -21.118845 0.583333 0.666667 -1
0 21.896027 54.833839 -18.541943 0.666667 0.666667 -1
0 30.918190 52.696068 -11.810282 0.750000 0.666667 -1
0 30.892780 51.210274 0.456250 0.833333 0.666667 -1
0 28.598988 51.358208 7.250669 0.916667 0.666667 -1
0 21.256748 52.938072 13.086626 1.000000 0.666667 -1
0 24.031155 55.094276 17.491175 0.000000 0.500000 -1
0 14.425233 57.482178 20.508802 0.083333 0.500000 -1
0 6.880166 59.702972 17.913296 0.166667 0.500000 -1
0 -0.356974 62.193130 10.484264 0.250000 0.500000 -1
0 -8.141478 65.478912 -8.082054 0.333333 0.500000 -1
0 -6.408008 65.501923 -15.310099 0.416667 0.500000 -1
0 2.668448 63.677017 -24.956369 0.500000 0.500000 -1
0 16.047749 60.144508 -25.087973 0.583333 0.500000 -1
0 22.571037 58.184296 -22.112417 0.666667 0.500000 -1
0 34.662022 54.789665 -10.277406 0.750000 0.500000 -1
0 34.834648 53.174919 3.073291 0.833333 0.500000 -1
0 32.186096 53.345795 10.918792 0.916667 0.500000 -1
0 24.031155 55.094276 17.491175 1.000000 0.500000 -1
0 24.978893 62.631889 15.897499 0.000000 0.333333 -1
0 16.425797 64.750610 18.690735 0.083333 0.333333 -1
0 9.891560 66.673981 16.442968 0.166667 0.333333 -1
0 3.352416 68.917831 9.840603 0.250000 0.333333 -1
0 -4.781853 71.267822 -7.550833 0.333333 0.333333 -1
0 -3.280610 71.287689 -13.810491 0.416667 0.333333 -1
0 5.157780 69.591522 -22.817453 0.500000 0.333333 -1
0 17.664051 66.284882 -22.810066 0.583333 0.333333 -1
0 23.313431 64.587311 -20.233170 0.666667 0.333333 -1
0 34.640331 62.389839 -8.999406 0.750000 0.333333 -1
0 34.614746 60.904060 3.267107 0.833333 0.333333 -1
0 32.321121 61.052017 10.061536 0.916667 0.333333 -1
0 24.978893 62.631889 15.897499 1.000000 0.333333 -1
0 -5.655935 60.790115 3.437959 0.000000 1.000000 -1
0 -6.199433 62.331993 -3.490229 0.000000 0.833333 -1
0 -3.374417 62.667534 -3.379613 0.083333 0.833333 -1
0 -7.163035 73.286087 4.020697 0.000000 0.000000 -1
0 -4.552895 72.438736 -2.923932 0.083333 0.166667 -1
0 -7.377899 72.103195 -3.034551 0.000000 0.166667 -1
0 -5.655935 60.790115 3.437959 0.083333 1.000000 -1
0 -0.974987 62.886192 -1.862914 0.166667 0.833333 -1
0 -7.163035 73.286087 4.020697 0.083333 0.000000 -1
0 -2.153462 72.657410 -1.407235 0.166667 0.166667 -1
0 -5.655935 60.790115 3.437959 0.166667 1.000000 -1
0 -0.489655 62.751404 2.282369 0.250000 0.833333 -1
0 -7.163035 73.286087 4.020697 0.166667 0.000000 -1
0 -1.668136 72.522629 2.738042 0.250000 0.166667 -1
0 -5.655935 60.790115 3.437959 0.250000 1.000000 -1
0 1.503071 62.766647 7.108990 0.333333 0.833333 -1
0 -7.163035 73.286087 4.020697 0.250000 0.000000 -1
0 0.324594 72.537872 7.564671 0.333333 0.166667 -1
0 -5.655935 60.790115 3.437959 0.333333 1.000000 -1
0 0.009004 62.474274 9.514759 0.416667 0.833333 -1
0 -7.163035 73.286087 4.020697 0.333333 0.000000 -1
0 -1.169472 72.245514 9.970448 0.416667 0.166667 -1
0 -5.655935 60.790115 3.437959 0.416667 1.000000 -1
0 -5.784416 61.999207 14.788034 0.500000 0.833333 -1
0 -7.163035 73.286087 4.020697 0.416667 0.000000 -1
0 -6.763170 71.759949 15.643717 0.500000 0.166667 -1
0 -5.655935 60.790115 3.437959 0.500000 1.000000 -1
0 -7.950880 61.780350 13.536868 0.583333 0.833333 -1
0 -7.163035 73.286087 4.020697 0.500000 0.000000 -1
0 -9.129365 71.551590 13.992549 0.583333 0.166667 -1
0 -5.655935 60.790115 3.437959 0.583333 1.000000 -1
0 -11.576880 61.399040 12.335544 0.666667 0.833333 -1
0 -7.163035 73.286087 4.020697 0.583333 0.000000 -1
0 -12.755345 71.170258 12.791217 0.666667 0.166667 -1
0 -5.655935 60.790115 3.437959 0.666667 1.000000 -1
0 -12.265761 61.204636 4.994349 0.750000 0.833333 -1
0 -7.163035 73.286087 4.020697 0.666667 0.000000 -1
0 -13.444240 70.975876 5.450022 0.750000 0.166667 -1
0 -5.655935 60.790115 3.437959 0.750000 1.000000 -1
0 -12.122304 61.354385 2.154897 0.833333 0.833333 -1
0 -7.163035 73.286087 4.020697 0.750000 0.000000 -1
0 -13.300775 71.125595 2.610570 0.833333 0.166667 -1
0 -5.655935 60.790115 3.437959 0.833333 1.000000 -1
0 -9.538650 61.791496 -0.536221 0.916667 0.833333 -1
0 -7.163035 73.286087 4.020697 0.833333 0.000000 -1
0 -10.717132 71.562698 -0.080544 0.916667 0.166667 -1
0 -5.655935 60.790115 3.437959 0.916667 1.000000 -1
0 -6.199433 62.331993 -3.490229 1.000000 0.833333 -1
0 -7.163035 73.286087 4.020697 0.916667 0.000000 -1
0 -7.377899 72.103195 -3.034551 1.000000 0.166667 -1
0 -7.323237 64.216904 -7.328238 0.000000 0.666667 -1
0 -2.430185 64.798096 -7.136657 0.083333 0.666667 -1
0 1.725762 65.176834 -4.509648 0.166667 0.666667 -1
0 3.185402 65.073639 1.477758 0.250000 0.666667 -1
0 5.109185 64.983582 8.384730 0.333333 0.666667 -1
0 2.521394 64.477112 12.551661 0.416667 0.666667 -1
0 -5.097486 63.736656 18.794989 0.500000 0.666667 -1
0 -10.651572 63.097359 17.798574 0.583333 0.666667 -1
0 -14.961445 62.737999 14.699244 0.666667 0.666667 -1
0 -16.392910 62.506172 5.899282 0.750000 0.666667 -1
0 -16.144413 62.765511 0.981229 0.833333 0.666667 -1
0 -13.484500 63.278488 -3.139232 0.916667 0.666667 -1
0 -7.323237 64.216904 -7.328238 1.000000 0.666667 -1
0 -7.905810 66.326523 -8.666849 0.000000 0.500000 -1
0 -2.255799 66.997650 -8.445620 0.083333 0.500000 -1
0 2.543072 67.434967 -5.412211 0.166667 0.500000 -1
0 4.359335 67.343338 1.249452 0.250000 0.500000 -1
0 6.257889 67.214722 8.917896 0.333333 0.500000 -1
0 3.269759 66.629944 13.729449 0.416667 0.500000 -1
0 -5.017281 65.792343 20.327833 0.500000 0.500000 -1
0 -11.352691 65.060562 19.293974 0.583333 0.500000 -1
0 -16.298405 64.643982 15.777048 0.666667 0.500000 -1
0 -18.074768 64.402283 6.296736 0.750000 0.500000 -1
0 -17.787834 64.701736 0.617835 0.833333 0.500000 -1
0 -14.716414 65.294037 -4.140048 0.916667 0.500000 -1
0 -7.905810 66.326523 -8.666849 1.000000 0.500000 -1
0 -8.016987 69.969009 -7.059992 0.000000 0.333333 -1
0 -3.123933 70.550201 -6.868409 0.083333 0.333333 -1
0 1.032016 70.928925 -4.241402 0.166667 0.333333 -1
0 2.491661 70.825745 1.745999 0.250000 0.333333 -1
0 4.415437 70.735672 8.652981 0.333333 0.333333 -1
0 1.827647 70.229233 12.819903 0.416667 0.333333 -1
0 -5.791228 69.488754 19.063238 0.500000 0.333333 -1
0 -11.345325 68.849487 18.066828 0.583333 0.333333 -1
0 -15.655192 68.490112 14.967493 0.666667 0.333333 -1
0 -17.086639 68.258286 6.167540 0.750000 0.333333 -1
0 -16.838146 68.517593 1.249477 0.833333 0.333333 -1
0 -14.178231 69.030563 -2.870984 0.916667 0.333333 -1
0 -8.016987 69.969009 -7.059992 1.000000 0.333333 -1
0 3.727006 57.885399 17.014536 0.000000 1.000000 -1
0 -2.789430 60.733231 16.700102 0.000000 0.833333 -1
0 -2.492805 60.474037 13.880459 0.083333 0.833333 -1
0 6.648124 70.114929 16.197742 0.000000 0.000000 -1
0 -0.208630 70.036896 13.241755 0.083333 0.166667 -1
0 -0.505251 70.296097 16.061380 0.000000 0.166667 -1
0 3.727006 57.885399 17.014536 0.083333 1.000000 -1
0 -0.859166 59.932365 11.612556 0.166667 0.833333 -1
0 6.648124 70.114929 16.197742 0.083333 0.000000 -1
0 1.425023 69.495239 10.973856 0.166667 0.166667 -1
0 3.727006 57.885399 17.014536 0.166667 1.000000 -1
0 3.199024 58.955261 11.496433 0.250000 0.833333 -1
0 6.648124 70.114929 16.197742 0.166667 0.000000 -1
0 5.483212 68.518127 10.857758 0.250000 0.166667 -1
0 3.727006 57.885399 17.014536 0.250000 1.000000 -1
0 8.019879 57.699226 9.931322 0.333333 0.833333 -1
0 6.648124 70.114929 16.197742 0.250000 0.000000 -1
0 10.304058 67.262115 9.292637 0.333333 0.166667 -1
0 3.727006 57.885399 17.014536 0.333333 1.000000 -1
0 10.256175 57.279373 11.642520 0.416667 0.833333 -1
0 6.648124 70.114929 16.197742 0.333333 0.000000 -1
0 12.540376 66.842224 11.003819 0.416667 0.166667 -1
0 3.727006 57.885399 17.014536 0.416667 1.000000 -1
0 15.080092 57.020073 17.827961 0.500000 0.833333 -1
0 6.648124 70.114929 16.197742 0.416667 0.000000 -1
0 17.763054 66.460648 17.027905 0.500000 0.166667 -1
0 3.727006 57.885399 17.014536 0.500000 1.000000 -1
0 13.716878 57.467094 19.889187 0.583333 0.833333 -1
0 6.648124 70.114929 16.197742 0.500000 0.000000 -1
0 16.001057 67.029968 19.250500 0.583333 0.166667 -1
0 3.727006 57.885399 17.014536 0.583333 1.000000 -1
0 12.307355 58.039146 23.413744 0.666667 0.833333 -1
0 6.648124 70.114929 16.197742 0.583333 0.000000 -1
0 14.591542 67.602020 22.775068 0.666667 0.166667 -1
0 3.727006 57.885399 17.014536 0.666667 1.000000 -1
0 5.044111 59.318474 23.533421 0.750000 0.833333 -1
0 6.648124 70.114929 16.197742 0.666667 0.000000 -1
0 7.328277 68.881363 22.894735 0.750000 0.166667 -1
0 3.727006 57.885399 17.014536 0.750000 1.000000 -1
0 2.296194 59.948364 23.136299 0.833333 0.833333 -1
0 6.648124 70.114929 16.197742 0.750000 0.000000 -1
0 4.580335 69.511200 22.497591 0.833333 0.166667 -1
0 3.727006 57.885399 17.014536 0.833333 1.000000 -1
0 -0.144264 60.342415 20.308317 0.916667 0.833333 -1
0 6.648124 70.114929 16.197742 0.833333 0.000000 -1
0 2.139900 69.905228 19.669630 0.916667 0.166667 -1
0 3.727006 57.885399 17.014536 0.916667 1.000000 -1
0 -2.789430 60.733231 16.700102 1.000000 0.833333 -1
0 6.648124 70.114929 16.197742 0.916667 0.000000 -1
0 -0.505251 70.296097 16.061380 1.000000 0.166667 -1
0 -6.235980 63.467361 17.138426 0.000000 0.666667 -1
0 -5.722223 63.018440 12.254652 0.083333 0.666667 -1
0 -2.892656 62.080231 8.326542 0.166667 0.666667 -1
0 3.019765 60.606049 7.398978 0.250000 0.666667 -1
0 9.856323 58.885582 6.088613 0.333333 0.666667 -1
0 13.729740 58.158287 9.052467 0.416667 0.666667 -1
0 19.373505 57.831070 17.152868 0.500000 0.666667 -1
0 18.030773 58.501312 22.629858 0.583333 0.666667 -1
0 14.735266 59.574387 26.666998 0.666667 0.666667 -1
0 6.002528 61.229645 27.403219 0.750000 0.666667 -1
0 1.243011 62.320580 26.715342 0.833333 0.666667 -1
0 -2.580456 63.031342 23.683426 0.916667 0.666667 -1
0 -6.235980 63.467361 17.138426 1.000000 0.666667 -1
0 -7.165648 65.857529 17.206062 0.000000 0.500000 -1
0 -6.572397 65.339218 11.566771 0.083333 0.500000 -1
0 -3.305100 64.255859 7.030978 0.166667 0.500000 -1
0 3.286009 62.599701 5.806403 0.250000 0.500000 -1
0 10.860400 60.709244 4.589276 0.333333 0.500000 -1
0 15.333031 59.869476 8.011650 0.416667 0.500000 -1
0 21.276855 59.517380 16.812954 0.500000 0.500000 -1
0 19.845428 60.260872 23.069183 0.583333 0.500000 -1
0 16.101810 61.480995 27.705912 0.666667 0.500000 -1
0 6.685234 63.318619 28.726849 0.750000 0.500000 -1
0 1.189383 64.578293 27.932585 0.833333 0.500000 -1
0 -3.225545 65.399033 24.431589 0.916667 0.500000 -1
0 -7.165648 65.857529 17.206062 1.000000 0.500000 -1
0 -4.891337 69.096786 16.762426 0.000000 0.333333 -1
0 -4.377576 68.647888 11.878671 0.083333 0.333333 -1
0 -1.548030 67.709671 7.950556 0.166667 0.333333 -1
0 4.364385 66.235474 7.022989 0.250000 0.333333 -1
0 11.200976 64.515030 5.712618 0.333333 0.333333 -1
0 15.074389 63.787811 8.676479 0.416667 0.333333 -1
0 20.718170 63.460518 16.776884 0.500000 0.333333 -1
0 19.375420 64.130806 22.253874 0.583333 0.333333 -1
0 16.079926 65.203842 26.291044 0.666667 0.333333 -1
0 7.347176 66.859100 27.027237 0.750000 0.333333 -1
0 2.587655 67.949997 26.339355 0.833333 0.333333 -1
0 -1.235823 68.660782 23.307428 0.916667 0.333333 -1
0 -4.891337 69.096786 16.762426 1.000000 0.333333 -1
267
-0.203034 -0.975019 0.090085
-0.141052 -0.955470 0.259195
-0.247842 -0.943944 0.218047
0.323191 0.908490 0.264941
0.244710 0.871353 0.425277
0.366271 0.803669 0.469000
-0.310329 -0.946112 0.092566
-0.414638 -0.882663 0.221320
0.187805 0.946171 0.263609
0.019699 0.903272 0.428616
-0.374171 -0.925121 0.064393
-0.472086 -0.872837 0.123655
0.112953 0.966789 0.229261
-0.060706 0.960327 0.272190
-0.400345 -0.916279 0.012535
-0.535983 -0.844143 -0.012023
0.044959 0.994184 0.097859
-0.179251 0.979607 0.090770
-0.367828 -0.925415 -0.091159
-0.457102 -0.872090 -0.174692
0.083987 0.996194 0.023305
-0.053129 0.993397 -0.101680
-0.338534 -0.930507 -0.139829
-0.343493 -0.883510 -0.318468
0.141168 0.988570 -0.052916
0.102501 0.950121 -0.294556
-0.245864 -0.951701 -0.183891
-0.185516 -0.929567 -0.318573
0.259216 0.959110 -0.113646
0.325191 0.900539 -0.288582
-0.208640 -0.961966 -0.176328
-0.060223 -0.952027 -0.300028
0.332336 0.936535 -0.111599
0.438995 0.855728 -0.273884
-0.130925 -0.981600 -0.138998
-0.042900 -0.983251 -0.177135
0.395689 0.913282 -0.096674
0.440771 0.894145 -0.078898
-0.131860 -0.981205 -0.140890
0.041787 -0.997211 -0.061845
0.428232 0.903160 -0.030332
0.591727 0.800563 0.094643
-0.136123 -0.990392 -0.024386
-0.037603 -0.994174 0.101018
0.419699 0.899415 0.122090
0.516255 0.811372 0.274146
-0.168047 -0.983772 0.062876
-0.052141 -0.976592 0.208682
0.370326 0.899252 0.232818
0.478606 0.779750 0.403641
-0.093361 -0.909852 0.404294
-0.240755 -0.870488 0.429286
-0.502118 -0.764919 0.403456
-0.700229 -0.640604 0.315128
-0.786371 -0.616240 0.043238
-0.651768 -0.701883 -0.287330
-0.395530 -0.774816 -0.493169
-0.099882 -0.816196 -0.569076
0.095390 -0.836453 -0.539673
0.290899 -0.899609 -0.325702
0.302651 -0.953100 -0.001523
0.160452 -0.961506 0.223074
0.057306 -0.943141 0.327416
0.167933 -0.453262 0.875415
-0.118630 -0.375195 0.919323
-0.572289 -0.183940 0.799157
-0.839075 -0.012841 0.543865
-0.993568 0.040767 0.105648
-0.884616 -0.050814 -0.463544
-0.431386 -0.181582 -0.883705
0.127546 -0.283142 -0.950559
0.479509 -0.289467 -0.828420
0.822066 -0.353575 -0.446310
0.846288 -0.522104 0.105850
0.655054 -0.554107 0.513683
0.462313 -0.521094 0.717445
0.377582 0.481607 0.790877
0.146804 0.551947 0.820855
-0.244752 0.653579 0.716192
-0.488568 0.713640 0.502015
-0.626272 0.770132 0.121160
-0.511452 0.791825 -0.333812
-0.119613 0.728779 -0.674221
0.328400 0.584100 -0.742281
0.576521 0.499499 -0.646625
0.818522 0.504390 -0.274976
0.910177 0.377513 0.170475
0.770913 0.404295 0.492178
0.617769 0.423526 0.662561
0.123602 -0.966534 -0.224800
0.123667 -0.913082 -0.388572
0.199058 -0.924464 -0.325179
-0.110184 0.980771 -0.161082
-0.013187 0.958393 -0.285146
-0.096007 0.927446 -0.361424
0.209781 -0.958367 -0.193711
0.387144 -0.895128 -0.221055
-0.011230 0.992059 -0.125267
0.210843 0.963414 -0.165466
0.340251 -0.937701 -0.070327
0.421536 -0.898378 -0.123384
0.141185 0.989859 0.015655
0.248402 0.967373 -0.049864
0.325962 -0.936176 -0.131621
0.434909 -0.900338 -0.015687
0.124877 0.990664 -0.054686
0.266639 0.960788 0.076095
0.248445 -0.967952 0.036657
0.313215 -0.936315 0.158777
0.032433 0.989564 0.140397
0.168778 0.957613 0.233435
0.176934 -0.978472 0.106237
0.151541 -0.955487 0.253139
0.044386 0.990708 0.128556
-0.017035 0.934117 0.356560
0.038990 -0.993571 0.106284
0.013458 -0.980605 0.195532
-0.179422 0.974584 0.134139
-0.230644 0.932096 0.279287
0.067004 -0.991397 0.112437
-0.126391 -0.980519 0.150359
-0.149555 0.978685 0.140742
-0.408355 0.890229 0.201839
-0.055145 -0.997978 0.031602
-0.185082 -0.982676 -0.009586
-0.343699 0.939051 0.007388
-0.472936 0.880826 0.021838
-0.075696 -0.995539 -0.056328
-0.193638 -0.967445 -0.162957
-0.338488 0.940410 0.032484
-0.469563 0.877515 -0.097352
-0.045223 -0.978276 -0.202316
-0.092722 -0.960571 -0.262117
-0.301068 0.943894 -0.135733
-0.353787 0.911067 -0.211642
-0.031962 -0.976149 -0.214736
-0.102536 -0.943034 -0.316503
-0.285872 0.946458 -0.149978
-0.360323 0.890715 -0.277119
0.112425 -0.721175 -0.683569
0.276060 -0.714400 -0.642980
0.607996 -0.685005 -0.401383
0.726496 -0.657611 -0.199377
0.720626 -0.691583 0.049106
0.560848 -0.722285 0.404666
0.238191 -0.778652 0.580487
-0.146560 -0.825368 0.545241
-0.439951 -0.841218 0.314316
-0.552223 -0.833476 0.019188
-0.509082 -0.828137 -0.234574
-0.354818 -0.799724 -0.484300
-0.279702 -0.763283 -0.582380
0.046497 -0.062822 -0.996941
0.300863 -0.038194 -0.952902
0.809192 0.002653 -0.587538
0.967785 0.011329 -0.251524
0.989407 -0.010542 0.144786
0.749687 -0.057547 0.659286
0.265329 -0.137978 0.954234
-0.355675 -0.203616 0.912160
-0.815129 -0.246406 0.524260
-0.969593 -0.236803 0.061752
-0.924014 -0.215633 -0.315754
-0.688184 -0.168197 -0.705771
-0.537592 -0.140591 -0.831402
-0.052776 0.684116 -0.727462
0.136475 0.717897 -0.682641
0.523844 0.752267 -0.399602
0.662610 0.731324 -0.161595
0.656076 0.742913 0.132829
0.506353 0.686377 0.522009
0.132166 0.635139 0.761006
-0.366485 0.595478 0.714909
-0.719800 0.561110 0.408710
-0.835827 0.546465 0.052636
-0.785762 0.584296 -0.202917
-0.604894 0.623195 -0.495713
-0.505798 0.613449 -0.606505
-0.401795 -0.914774 0.041821
-0.551985 -0.833647 0.018564
-0.488757 -0.871098 -0.048011
0.026908 0.995695 -0.088701
-0.094790 0.977302 -0.189461
-0.179154 0.977794 -0.108729
-0.365981 -0.929693 -0.041577
-0.372816 -0.899138 -0.229258
0.068511 0.980385 -0.184800
0.033268 0.915871 -0.400091
-0.235357 -0.958102 -0.163240
-0.276210 -0.926801 -0.254456
0.212873 0.922405 -0.322263
0.148982 0.891274 -0.428294
-0.295760 -0.942690 -0.154472
-0.170442 -0.950854 -0.258509
0.143360 0.939167 -0.312110
0.271965 0.858495 -0.434767
-0.140347 -0.988338 -0.059082
-0.011705 -0.992875 -0.118581
0.330342 0.921178 -0.205680
0.421299 0.846423 -0.325692
-0.077304 -0.996836 0.018499
0.070018 -0.996247 0.050885
0.319468 0.922047 -0.218564
0.529323 0.838484 -0.129470
-0.086199 -0.983929 0.156378
0.002670 -0.982521 0.186132
0.312052 0.950057 0.004026
0.443872 0.893045 0.073809
-0.078524 -0.988526 0.129039
-0.047697 -0.946420 0.319397
0.320623 0.946865 -0.025459
0.352109 0.902122 0.249390
-0.164362 -0.955911 0.243350
-0.207449 -0.907850 0.364380
0.173774 0.971487 0.161296
0.171038 0.938518 0.299883
-0.250979 -0.933546 0.255934
-0.355206 -0.863703 0.357555
0.198859 0.967214 0.157962
0.053720 0.956242 0.287602
-0.389399 -0.896548 0.211114
-0.446661 -0.859216 0.249485
0.036284 0.993583 0.107127
-0.046759 0.986207 0.158773
-0.400581 -0.894891 0.196736
-0.497007 -0.830522 0.251431
0.023487 0.995607 0.090633
-0.115157 0.979764 0.163711
-0.804520 -0.593162 -0.030109
-0.756282 -0.626559 -0.188312
-0.499303 -0.708071 -0.499332
-0.290835 -0.741855 -0.604207
-0.054105 -0.818402 -0.572093
0.281491 -0.880559 -0.381286
0.428840 -0.902464 -0.040689
0.368466 -0.864488 0.341896
0.126247 -0.779536 0.613503
-0.166429 -0.696286 0.698202
-0.412238 -0.653781 0.634531
-0.644784 -0.611896 0.458080
-0.730598 -0.573988 0.369816
-0.987280 0.110779 -0.114042
-0.928249 0.075894 -0.364135
-0.540045 -0.052115 -0.840021
-0.202095 -0.136177 -0.969852
0.183070 -0.233314 -0.955013
0.667811 -0.324040 -0.670094
0.920215 -0.358507 -0.157091
0.839176 -0.290489 0.459782
0.430639 -0.170007 0.886368
-0.027580 -0.046255 0.998549
-0.391515 0.033425 0.919564
-0.754330 0.102804 0.648396
-0.865559 0.122166 0.485678
-0.583084 0.801121 -0.134976
-0.524358 0.787870 -0.322969
-0.223379 0.692611 -0.685852
0.011916 0.601718 -0.798619
0.302452 0.560864 -0.770685
0.666450 0.465740 -0.582178
0.874466 0.447593 -0.187003
0.799846 0.516997 0.304894
0.477655 0.609672 0.632571
0.120744 0.683146 0.720231
-0.120239 0.755896 0.643555
-0.391809 0.810381 0.435623
-0.497965 0.801333 0.331506
360
0 0 1 2 0 1 2 1
0 3 4 5 3 4 5 1
0 6 2 7 6 2 7 1
0 8 9 4 8 9 4 1
0 10 7 11 10 7 11 1
0 12 13 9 12 13 9 1
0 14 11 15 14 11 15 1
0 16 17 13 16 17 13 1
0 18 15 19 18 15 19 1
0 20 21 17 20 21 17 1
0 22 19 23 22 19 23 1
0 24 25 21 24 25 21 1
0 26 23 27 26 23 27 1
0 28 29 25 28 29 25 1
0 30 27 31 30 27 31 1
0 32 33 29 32 33 29 1
0 34 31 35 34 31 35 1
0 36 37 33 36 37 33 1
0 38 35 39 38 35 39 1
0 40 41 37 40 41 37 1
0 42 39 43 42 39 43 1
0 44 45 41 44 45 41 1
0 46 43 47 46 43 47 1
0 48 49 45 48 49 45 1
0 1 50 51 1 50 51 1
0 1 51 2 1 51 2 1
0 2 51 7 2 51 7 1
0 51 52 7 51 52 7 1
0 7 52 53 7 52 53 1
0 7 53 11 7 53 11 1
0 11 53 15 11 53 15 1
0 53 54 15 53 54 15 1
0 15 54 55 15 54 55 1
0 15 55 19 15 55 19 1
0 19 55 23 19 55 23 1
0 55 56 23 55 56 23 1
0 23 56 57 23 56 57 1
0 23 57 27 23 57 27 1
0 27 57 31 27 57 31 1
0 57 58 31 57 58 31 1
0 31 58 59 31 58 59 1
0 31 59 35 31 59 35 1
0 35 59 39 35 59 39 1
0 59 60 39 59 60 39 1
0 39 60 61 39 60 61 1
0 39 61 43 39 61 43 1
0 43 61 47 43 61 47 1
0 61 62 47 61 62 47 1
0 50 63 51 50 63 51 1
0 63 64 51 63 64 51 1
0 51 64 65 51 64 65 1
0 51 65 52 51 65 52 1
0 52 65 53 52 65 53 1
0 65 66 53 65 66 53 1
0 53 66 67 53 66 67 1
0 53 67 54 53 67 54 1
0 54 67 55 54 67 55 1
0 67 68 55 67 68 55 1
0 55 68 69 55 68 69 1
0 55 69 56 55 69 56 1
0 56 69 57 56 69 57 1
0 69 70 57 69 70 57 1
0 57 70 71 57 70 71 1
0 57 71 58 57 71 58 1
0 58 71 59 58 71 59 1
0 71 72 59 71 72 59 1
0 59 72 73 59 72 73 1
0 59 73 60 59 73 60 1
0 60 73 61 60 73 61 1
0 73 74 61 73 74 61 1
0 61 74 75 61 74 75 1
0 61 75 62 61 75 62 1
0 63 76 77 63 76 77 1
0 63 77 64 63 77 64 1
0 64 77 65 64 77 65 1
0 77 78 65 77 78 65 1
0 65 78 79 65 78 79 1
0 65 79 66 65 79 66 1
0 66 79 67 66 79 67 1
0 79 80 67 79 80 67 1
0 67 80 81 67 80 81 1
0 67 81 68 67 81 68 1
0 68 81 69 68 81 69 1
0 81 82 69 81 82 69 1
0 69 82 83 69 82 83 1
0 69 83 70 69 83 70 1
0 70 83 71 70 83 71 1
0 83 84 71 83 84 71 1
0 71 84 85 71 84 85 1
0 71 85 72 71 85 72 1
0 72 85 73 72 85 73 1
0 85 86 73 85 86 73 1
0 73 86 87 73 86 87 1
0 73 87 74 73 87 74 1
0 74 87 75 74 87 75 1
0 87 88 75 87 88 75 1
0 76 5 77 76 5 77 1
0 5 4 77 5 4 77 1
0 77 4 9 77 4 9 1
0 77 9 78 77 9 78 1
0 78 9 79 78 9 79 1
0 9 13 79 9 13 79 1
0 79 13 17 79 13 17 1
0 79 17 80 79 17 80 1
0 80 17 81 80 17 81 1
0 17 21 81 17 21 81 1
0 81 21 25 81 21 25 1
0 81 25 82 81 25 82 1
0 82 25 83 82 25 83 1
0 25 29 83 25 29 83 1
0 83 29 33 83 29 33 1
0 83 33 84 83 33 84 1
0 84 33 85 84 33 85 1
0 33 37 85 33 37 85 1
0 85 37 41 85 37 41 1
0 85 41 86 85 41 86 1
0 86 41 87 86 41 87 1
0 41 45 87 41 45 87 1
0 87 45 49 87 45 49 1
0 87 49 88 87 49 88 1
0 89 90 91 89 90 91 1
0 92 93 94 92 93 94 1
0 95 91 96 95 91 96 1
0 97 98 93 97 98 93 1
0 99 96 100 99 96 100 1
0 101 102 98 101 102 98 1
0 103 100 104 103 100 104 1
0 105 106 102 105 106 102 1
0 107 104 108 107 104 108 1
0 109 110 106 109 110 106 1
0 111 108 112 111 108 112 1
0 113 114 110 113 114 110 1
0 115 112 116 115 112 116 1
0 117 118 114 117 118 114 1
0 119 116 120 119 116 120 1
0 121 122 118 121 122 118 1
0 123 120 124 123 120 124 1
0 125 126 122 125 126 122 1
0 127 124 128 127 124 128 1
0 129 130 126 129 130 126 1
0 131 128 132 131 128 132 1
0 133 134 130 133 134 130 1
0 135 132 136 135 132 136 1
0 137 138 134 137 138 134 1
0 90 139 140 90 139 140 1
0 90 140 91 90 140 91 1
0 91 140 96 91 140 96 1
0 140 141 96 140 141 96 1
0 96 141 142 96 141 142 1
0 96 142 100 96 142 100 1
0 100 142 104 100 142 104 1
0 142 143 104 142 143 104 1
0 104 143 144 104 143 144 1
0 104 144 108 104 144 108 1
0 108 144 112 108 144 112 1
0 144 145 112 144 145 112 1
0 112 145 146 112 145 146 1
0 112 146 116 112 146 116 1
0 116 146 120 116 146 120 1
0 146 147 120 146 147 120 1
0 120 147 148 120 147 148 1
0 120 148 124 120 148 124 1
0 124 148 128 124 148 128 1
0 148 149 128 148 149 128 1
0 128 149 150 128 149 150 1
0 128 150 132 128 150 132 1
0 132 150 136 132 150 136 1
0 150 151 136 150 151 136 1
0 139 152 140 139 152 140 1
0 152 153 140 152 153 140 1
0 140 153 154 140 153 154 1
0 140 154 141 140 154 141 1
0 141 154 142 141 154 142 1
0 154 155 142 154 155 142 1
0 142 155 156 142 155 156 1
0 142 156 143 142 156 143 1
0 143 156 144 143 156 144 1
0 156 157 144 156 157 144 1
0 144 157 158 144 157 158 1
0 144 158 145 144 158 145 1
0 145 158 146 145 158 146 1
0 158 159 146 158 159 146 1
0 146 159 160 146 159 160 1
0 146 160 147 146 160 147 1
0 147 160 148 147 160 148 1
0 160 161 148 160 161 148 1
0 148 161 162 148 161 162 1
0 148 162 149 148 162 149 1
0 149 162 150 149 162 150 1
0 162 163 150 162 163 150 1
0 150 163 164 150 163 164 1
0 150 164 151 150 164 151 1
0 152 165 166 152 165 166 1
0 152 166 153 152 166 153 1
0 153 166 154 153 166 154 1
0 166 167 154 166 167 154 1
0 154 167 168 154 167 168 1
0 154 168 155 154 168 155 1
0 155 168 156 155 168 156 1
0 168 169 156 168 169 156 1
0 156 169 170 156 169 170 1
0 156 170 157 156 170 157 1
0 157 170 158 157 170 158 1
0 170 171 158 170 171 158 1
0 158 171 172 158 171 172 1
0 158 172 159 158 172 159 1
0 159 172 160 159 172 160 1
0 172 173 160 172 173 160 1
0 160 173 174 160 173 174 1
0 160 174 161 160 174 161 1
0 161 174 162 161 174 162 1
0 174 175 162 174 175 162 1
0 162 175 176 162 175 176 1
0 162 176 163 162 176 163 1
0 163 176 164 163 176 164 1
0 176 177 164 176 177 164 1
0 165 94 166 165 94 166 1
0 94 93 166 94 93 166 1
0 166 93 98 166 93 98 1
0 166 98 167 166 98 167 1
0 167 98 168 167 98 168 1
0 98 102 168 98 102 168 1
0 168 102 106 168 102 106 1
0 168 106 169 168 106 169 1
0 169 106 170 169 106 170 1
0 106 110 170 106 110 170 1
0 170 110 114 170 110 114 1
0 170 114 171 170 114 171 1
0 171 114 172 171 114 172 1
0 114 118 172 114 118 172 1
0 172 118 122 172 118 122 1
0 172 122 173 172 122 173 1
0 173 122 174 173 122 174 1
0 122 126 174 122 126 174 1
0 174 126 130 174 126 130 1
0 174 130 175 174 130 175 1
0 175 130 176 175 130 176 1
0 130 134 176 130 134 176 1
0 176 134 138 176 134 138 1
0 176 138 177 176 138 177 1
0 178 179 180 178 179 180 1
0 181 182 183 181 182 183 1
0 184 180 185 184 180 185 1
0 186 187 182 186 187 182 1
0 188 185 189 188 185 189 1
0 190 191 187 190 191 187 1
0 192 189 193 192 189 193 1
0 194 195 191 194 195 191 1
0 196 193 197 196 193 197 1
0 198 199 195 198 199 195 1
0 200 197 201 200 197 201 1
0 202 203 199 202 203 199 1
0 204 201 205 204 201 205 1
0 206 207 203 206 207 203 1
0 208 205 209 208 205 209 1
0 210 211 207 210 211 207 1
0 212 209 213 212 209 213 1
0 214 215 211 214 215 211 1
0 216 213 217 216 213 217 1
0 218 219 215 218 219 215 1
0 220 217 221 220 217 221 1
0 222 223 219 222 223 219 1
0 224 221 225 224 221 225 1
0 226 227 223 226 227 223 1
0 179 228 229 179 228 229 1
0 179 229 180 179 229 180 1
0 180 229 185 180 229 185 1
0 229 230 185 229 230 185 1
0 185 230 231 185 230 231 1
0 185 231 189 185 231 189 1
0 189 231 193 189 231 193 1
0 231 232 193 231 232 193 1
0 193 232 233 193 232 233 1
0 193 233 197 193 233 197 1
0 197 233 201 197 233 201 1
0 233 234 201 233 234 201 1
0 201 234 235 201 234 235 1
0 201 235 205 201 235 205 1
0 205 235 209 205 235 209 1
0 235 236 209 235 236 209 1
0 209 236 237 209 236 237 1
0 209 237 213 209 237 213 1
0 213 237 217 213 237 217 1
0 237 238 217 237 238 217 1
0 217 238 239 217 238 239 1
0 217 239 221 217 239 221 1
0 221 239 225 221 239 225 1
0 239 240 225 239 240 225 1
0 228 241 229 228 241 229 1
0 241 242 229 241 242 229 1
0 229 242 243 229 242 243 1
0 229 243 230 229 243 230 1
0 230 243 231 230 243 231 1
0 243 244 231 243 244 231 1
0 231 244 245 231 244 245 1
0 231 245 232 231 245 232 1
0 232 245 233 232 245 233 1
0 245 246 233 245 246 233 1
0 233 246 247 233 246 247 1
0 233 247 234 233 247 234 1
0 234 247 235 234 247 235 1
0 247 248 235 247 248 235 1
0 235 248 249 235 248 249 1
0 235 249 236 235 249 236 1
0 236 249 237 236 249 237 1
0 249 250 237 249 250 237 1
0 237 250 251 237 250 251 1
0 237 251 238 237 251 238 1
0 238 251 239 238 251 239 1
0 251 252 239 251 252 239 1
0 239 252 253 239 252 253 1
0 239 253 240 239 253 240 1
0 241 254 255 241 254 255 1
0 241 255 242 241 255 242 1
0 242 255 243 242 255 243 1
0 255 256 243 255 256 243 1
0 243 256 257 243 256 257 1
0 243 257 244 243 257 244 1
0 244 257 245 244 257 245 1
0 257 258 245 257 258 245 1
0 245 258 259 245 258 259 1
0 245 259 246 245 259 246 1
0 246 259 247 246 259 247 1
0 259 260 247 259 260 247 1
0 247 260 261 247 260 261 1
0 247 261 248 247 261 248 1
0 248 261 249 248 261 249 1
0 261 262 249 261 262 249 1
0 249 262 263 249 262 263 1
0 249 263 250 249 263 250 1
0 250 263 251 250 263 251 1
0 263 264 251 263 264 251 1
0 251 264 265 251 264 265 1
0 251 265 252 251 265 252 1
0 252 265 253 252 265 253 1
0 265 266 253 265 266 253 1
0 254 183 255 254 183 255 1
0 183 182 255 183 182 255 1
0 255 182 187 255 182 187 1
0 255 187 256 255 187 256 1
0 256 187 257 256 187 257 1
0 187 191 257 187 191 257 1
0 257 191 195 257 191 195 1
0 257 195 258 257 195 258 1
0 258 195 259 258 195 259 1
0 195 199 259 195 199 259 1
0 259 199 203 259 199 203 1
0 259 203 260 259 203 260 1
0 260 203 261 260 203 261 1
0 203 207 261 203 207 261 1
0 261 207 211 261 207 211 1
0 261 211 262 261 211 262 1
0 262 211 263 262 211 263 1
0 211 215 263 211 215 263 1
0 263 215 219 263 215 219 1
0 263 219 264 263 219 264 1
0 264 219 265 264 219 265 1
0 219 223 265 219 223 265 1
0 265 223 227 265 223 227 1
0 265 227 266 265 227 266 1

Materials: 2
"green"
0.200000 0.200000 0.200000 1.000000
0.800000 0.800000 0.800000 1.000000
0.000000 0.000000 0.000000 1.000000
0.000000 0.000000 0.000000 1.000000
0.000000
1.000000
".\green.bmp"
""
"brown"
0.200000 0.200000 0.200000 1.000000
0.800000 0.800000 0.800000 1.000000
0.000000 0.000000 0.000000 1.000000
0.000000 0.000000 0.000000 1.000000
0.000000
1.000000
".\brown.bmp"
""

Bones: 0
