// MilkShape 3D ASCII

Frames: 30
Frame: 1

Meshes: 5
"antennas" 0 0
103
0 1.875000 317.699432 -13.794389 0.000000 0.000000 -1
0 1.623798 317.699432 -14.731892 0.000000 0.000000 -1
0 0.000000 317.699432 -13.794389 0.000000 0.000000 -1
0 1.875000 317.664215 13.342489 0.000000 0.000000 -1
0 0.000000 317.664215 13.342489 0.000000 0.000000 -1
0 1.623798 317.664215 14.279989 0.000000 0.000000 -1
0 1.875000 317.699432 -13.794389 0.000000 1.000000 -1
0 1.875000 266.449371 -14.032612 0.000000 0.833333 -1
0 1.623798 266.449463 -14.970050 0.083333 0.833333 -1
0 1.623798 317.699432 -14.731892 0.083333 1.000000 -1
0 1.875000 253.116058 -14.032490 0.000000 0.666667 -1
0 1.623798 253.116028 -14.970056 0.083333 0.666667 -1
0 1.875000 253.080872 13.342489 0.000000 0.333333 -1
0 1.875000 266.414215 13.342489 0.000000 0.166667 -1
0 1.623798 266.414215 14.279989 0.083333 0.166667 -1
0 1.623798 253.080872 14.279989 0.083333 0.333333 -1
0 1.623798 317.664215 14.279989 0.083333 0.000000 -1
0 0.937500 317.699432 -15.418220 0.000000 0.000000 -1
0 0.937500 317.664215 14.966287 0.000000 0.000000 -1
0 0.937500 317.699432 -15.418220 0.166667 1.000000 -1
0 0.937500 266.449371 -15.656285 0.166667 0.833333 -1
0 0.937500 253.116119 -15.656314 0.166667 0.666667 -1
0 0.937500 253.080872 14.966287 0.166667 0.333333 -1
0 0.937500 266.414215 14.966287 0.166667 0.166667 -1
0 0.937500 317.664215 14.966287 0.166667 0.000000 -1
0 0.000000 317.699432 -15.669408 0.000000 0.000000 -1
0 0.000000 317.664215 15.217489 0.000000 0.000000 -1
0 0.000000 266.449463 -15.907511 0.250000 0.833333 -1
0 0.000000 317.699432 -15.669408 0.250000 1.000000 -1
0 0.000000 253.116089 -15.907501 0.250000 0.666667 -1
0 0.000000 266.414215 15.217489 0.250000 0.166667 -1
0 0.000000 253.080872 15.217489 0.250000 0.333333 -1
0 0.000000 317.664215 15.217489 0.250000 0.000000 -1
0 -0.937500 317.699432 -15.418220 0.000000 0.000000 -1
0 -0.937500 317.664215 14.966287 0.000000 0.000000 -1
0 -0.937500 317.699432 -15.418220 0.333333 1.000000 -1
0 -0.937500 266.449371 -15.656285 0.333333 0.833333 -1
0 -0.937500 253.116119 -15.656314 0.333333 0.666667 -1
0 -0.937500 253.080872 14.966287 0.333333 0.333333 -1
0 -0.937500 266.414215 14.966287 0.333333 0.166667 -1
0 -0.937500 317.664215 14.966287 0.333333 0.000000 -1
0 -1.623798 317.699432 -14.731892 0.000000 0.000000 -1
0 -1.623798 317.664215 14.279989 0.000000 0.000000 -1
0 -1.623798 266.449463 -14.970050 0.416667 0.833333 -1
0 -1.623798 317.699432 -14.731892 0.416667 1.000000 -1
0 -1.623798 253.116028 -14.970056 0.416667 0.666667 -1
0 -1.623798 266.414215 14.279989 0.416667 0.166667 -1
0 -1.623798 253.080872 14.279989 0.416667 0.333333 -1
0 -1.623798 317.664215 14.279989 0.416667 0.000000 -1
0 -1.875000 317.699432 -13.794389 0.000000 0.000000 -1
0 -1.875000 317.664215 13.342489 0.000000 0.000000 -1
0 -1.875000 317.699432 -13.794389 0.500000 1.000000 -1
0 -1.875000 266.449371 -14.032612 0.500000 0.833333 -1
0 -1.875000 253.116058 -14.032490 0.500000 0.666667 -1
0 -1.875000 253.080872 13.342489 0.500000 0.333333 -1
0 -1.875000 266.414215 13.342489 0.500000 0.166667 -1
0 -1.875000 317.664215 13.342489 0.500000 0.000000 -1
0 -1.623798 317.699432 -12.856863 0.000000 0.000000 -1
0 -1.623798 317.664215 12.404989 0.000000 0.000000 -1
0 -1.623798 266.449341 -13.095020 0.583333 0.833333 -1
0 -1.623798 317.699432 -12.856863 0.583333 1.000000 -1
0 -1.623798 253.116089 -13.094990 0.583333 0.666667 -1
0 -1.623798 266.414215 12.404989 0.583333 0.166667 -1
0 -1.623798 253.080872 12.404989 0.583333 0.333333 -1
0 -1.623798 317.664215 12.404989 0.583333 0.000000 -1
0 -0.937500 317.699432 -12.170660 0.000000 0.000000 -1
0 -0.937500 317.664215 11.718692 0.000000 0.000000 -1
0 -0.937500 317.699432 -12.170660 0.666667 1.000000 -1
0 -0.937500 266.449402 -12.408733 0.666667 0.833333 -1
0 -0.937500 253.116119 -12.408762 0.666667 0.666667 -1
0 -0.937500 253.080872 11.718692 0.666667 0.333333 -1
0 -0.937500 266.414215 11.718692 0.666667 0.166667 -1
0 -0.937500 317.664215 11.718692 0.666667 0.000000 -1
0 -0.000000 317.699432 -11.919373 0.000000 0.000000 -1
0 -0.000000 317.664215 11.467489 0.000000 0.000000 -1
0 -0.000000 266.449463 -12.157547 0.750000 0.833333 -1
0 -0.000000 317.699432 -11.919373 0.750000 1.000000 -1
0 -0.000000 253.116058 -12.157527 0.750000 0.666667 -1
0 -0.000000 266.414215 11.467489 0.750000 0.166667 -1
0 -0.000000 253.080872 11.467489 0.750000 0.333333 -1
0 -0.000000 317.664215 11.467489 0.750000 0.000000 -1
0 0.937500 317.699432 -12.170660 0.000000 0.000000 -1
0 0.937500 317.664215 11.718692 0.000000 0.000000 -1
0 0.937500 317.699432 -12.170660 0.833333 1.000000 -1
0 0.937500 266.449402 -12.408733 0.833333 0.833333 -1
0 0.937500 253.116119 -12.408762 0.833333 0.666667 -1
0 0.937500 253.080872 11.718692 0.833333 0.333333 -1
0 0.937500 266.414215 11.718692 0.833333 0.166667 -1
0 0.937500 317.664215 11.718692 0.833333 0.000000 -1
0 1.623798 317.699432 -12.856863 0.000000 0.000000 -1
0 1.623798 317.664215 12.404989 0.000000 0.000000 -1
0 1.623798 266.449341 -13.095020 0.916667 0.833333 -1
0 1.623798 317.699432 -12.856863 0.916667 1.000000 -1
0 1.623798 253.116089 -13.094990 0.916667 0.666667 -1
0 1.623798 266.414215 12.404989 0.916667 0.166667 -1
0 1.623798 253.080872 12.404989 0.916667 0.333333 -1
0 1.623798 317.664215 12.404989 0.916667 0.000000 -1
0 1.875000 317.699432 -13.794389 1.000000 1.000000 -1
0 1.875000 266.449371 -14.032612 1.000000 0.833333 -1
0 1.875000 253.116058 -14.032490 1.000000 0.666667 -1
0 1.875000 253.080872 13.342489 1.000000 0.333333 -1
0 1.875000 266.414215 13.342489 1.000000 0.166667 -1
0 1.875000 317.664215 13.342489 1.000000 0.000000 -1
63
0.000000 1.000000 0.000000
0.965923 0.001203 -0.258826
0.965921 0.000600 -0.258835
0.866018 0.001162 -0.500012
0.866029 0.002323 -0.499988
0.965926 -0.000001 -0.258819
0.866023 0.000000 -0.500005
0.965926 0.000000 0.258819
0.866025 0.000000 0.500000
0.866025 0.000000 0.500000
0.499993 0.004023 -0.866020
0.499990 0.002012 -0.866029
0.499986 0.000001 -0.866034
0.500000 0.000000 0.866025
0.500000 0.000000 0.866025
0.000000 0.002323 -0.999997
0.000000 0.004646 -0.999989
0.000000 -0.000001 -1.000000
0.000000 0.000000 1.000000
0.000000 0.000000 1.000000
-0.499993 0.004023 -0.866020
-0.499990 0.002012 -0.866029
-0.499986 0.000001 -0.866034
-0.500000 0.000000 0.866025
-0.500000 0.000000 0.866025
-0.866018 0.001162 -0.500012
-0.866029 0.002323 -0.499988
-0.866023 0.000000 -0.500005
-0.866025 0.000000 0.500000
-0.866025 0.000000 0.500000
-1.000000 0.000000 -0.000012
-1.000000 0.000000 -0.000020
-1.000000 0.000000 -0.000006
-1.000000 0.000000 0.000000
-0.866020 -0.001161 0.500008
-0.866008 -0.002324 0.500025
-0.866013 0.000001 0.500022
-0.866025 0.000000 -0.500000
-0.866025 0.000000 -0.500000
-0.499995 -0.004024 0.866019
-0.499989 -0.002012 0.866030
-0.499991 -0.000000 0.866031
-0.500000 0.000000 -0.866025
-0.500000 0.000000 -0.866025
0.000000 -0.002323 0.999997
0.000000 -0.004647 0.999989
0.000000 0.000002 1.000000
-0.000000 0.000000 -1.000000
0.000000 0.000000 -1.000000
0.499995 -0.004024 0.866019
0.499989 -0.002012 0.866029
0.499991 -0.000000 0.866031
0.500000 0.000000 -0.866025
0.500000 0.000000 -0.866025
0.866020 -0.001161 0.500008
0.866008 -0.002324 0.500025
0.866013 0.000001 0.500022
0.866025 0.000000 -0.500000
0.866025 0.000000 -0.500000
0.965929 -0.001203 0.258804
0.965932 -0.000600 0.258795
0.965929 0.000001 0.258807
0.965926 0.000000 -0.258819
120
0 0 1 2 0 0 0 2
0 3 4 5 0 0 0 2
0 6 7 8 1 2 3 1
0 6 8 9 1 3 4 1
0 7 10 8 2 5 3 1
0 10 11 8 5 6 3 1
0 12 13 14 7 7 8 1
0 12 14 15 7 8 9 1
0 13 3 14 7 7 8 1
0 3 16 14 7 9 8 1
0 1 17 2 0 0 0 2
0 5 4 18 0 0 0 2
0 9 8 19 4 3 10 1
0 8 20 19 3 11 10 1
0 8 11 21 3 6 12 1
0 8 21 20 3 12 11 1
0 15 14 22 9 8 13 1
0 14 23 22 8 14 13 1
0 14 16 24 8 9 14 1
0 14 24 23 8 14 14 1
0 17 25 2 0 0 0 2
0 18 4 26 0 0 0 2
0 19 20 27 10 11 15 1
0 19 27 28 10 15 16 1
0 20 21 27 11 12 15 1
0 21 29 27 12 17 15 1
0 22 23 30 13 14 18 1
0 22 30 31 13 18 19 1
0 23 24 30 14 14 18 1
0 24 32 30 14 19 18 1
0 25 33 2 0 0 0 2
0 26 4 34 0 0 0 2
0 28 27 35 16 15 20 1
0 27 36 35 15 21 20 1
0 27 29 37 15 17 22 1
0 27 37 36 15 22 21 1
0 31 30 38 19 18 23 1
0 30 39 38 18 24 23 1
0 30 32 40 18 19 24 1
0 30 40 39 18 24 24 1
0 33 41 2 0 0 0 2
0 34 4 42 0 0 0 2
0 35 36 43 20 21 25 1
0 35 43 44 20 25 26 1
0 36 37 43 21 22 25 1
0 37 45 43 22 27 25 1
0 38 39 46 23 24 28 1
0 38 46 47 23 28 29 1
0 39 40 46 24 24 28 1
0 40 48 46 24 29 28 1
0 41 49 2 0 0 0 2
0 42 4 50 0 0 0 2
0 44 43 51 26 25 30 1
0 43 52 51 25 31 30 1
0 43 45 53 25 27 32 1
0 43 53 52 25 32 31 1
0 47 46 54 29 28 33 1
0 46 55 54 28 33 33 1
0 46 48 56 28 29 33 1
0 46 56 55 28 33 33 1
0 49 57 2 0 0 0 2
0 50 4 58 0 0 0 2
0 51 52 59 30 31 34 1
0 51 59 60 30 34 35 1
0 52 53 59 31 32 34 1
0 53 61 59 32 36 34 1
0 54 55 62 33 33 37 1
0 54 62 63 33 37 38 1
0 55 56 62 33 33 37 1
0 56 64 62 33 38 37 1
0 57 65 2 0 0 0 2
0 58 4 66 0 0 0 2
0 60 59 67 35 34 39 1
0 59 68 67 34 40 39 1
0 59 61 69 34 36 41 1
0 59 69 68 34 41 40 1
0 63 62 70 38 37 42 1
0 62 71 70 37 43 42 1
0 62 64 72 37 38 43 1
0 62 72 71 37 43 43 1
0 65 73 2 0 0 0 2
0 66 4 74 0 0 0 2
0 67 68 75 39 40 44 1
0 67 75 76 39 44 45 1
0 68 69 75 40 41 44 1
0 69 77 75 41 46 44 1
0 70 71 78 42 43 47 1
0 70 78 79 42 47 48 1
0 71 72 78 43 43 47 1
0 72 80 78 43 48 47 1
0 73 81 2 0 0 0 2
0 74 4 82 0 0 0 2
0 76 75 83 45 44 49 1
0 75 84 83 44 50 49 1
0 75 77 85 44 46 51 1
0 75 85 84 44 51 50 1
0 79 78 86 48 47 52 1
0 78 87 86 47 53 52 1
0 78 80 88 47 48 53 1
0 78 88 87 47 53 53 1
0 81 89 2 0 0 0 2
0 82 4 90 0 0 0 2
0 83 84 91 49 50 54 1
0 83 91 92 49 54 55 1
0 84 85 91 50 51 54 1
0 85 93 91 51 56 54 1
0 86 87 94 52 53 57 1
0 86 94 95 52 57 58 1
0 87 88 94 53 53 57 1
0 88 96 94 53 58 57 1
0 89 0 2 0 0 0 2
0 90 4 3 0 0 0 2
0 92 91 97 55 54 59 1
0 91 98 97 54 60 59 1
0 91 93 99 54 56 61 1
0 91 99 98 54 61 60 1
0 95 94 100 58 57 62 1
0 94 101 100 57 62 62 1
0 94 96 102 57 58 62 1
0 94 102 101 57 62 62 1
"frame" 0 1
80
0 -31.254807 255.482635 33.131439 0.000000 0.000000 -1
0 -31.254807 0.482640 33.131439 0.000000 1.000000 -1
0 30.625010 255.482635 33.144566 1.000000 0.000000 -1
0 30.625010 0.482640 33.144566 1.000000 1.000000 -1
0 30.625010 255.482635 33.144566 0.000000 0.000000 -1
0 30.625010 0.482640 33.144566 0.000000 1.000000 -1
0 30.673086 255.482651 -33.105434 1.000000 0.000000 -1
0 30.673159 0.482640 -33.107243 1.000000 1.000000 -1
0 30.673086 255.482651 -33.105434 0.000000 0.000000 -1
0 30.673159 0.482640 -33.107243 0.000000 1.000000 -1
0 -31.341335 255.482651 -33.105434 1.000000 0.000000 -1
0 -31.339279 0.482640 -33.105434 1.000000 1.000000 -1
0 -31.341335 255.482651 -33.105434 0.000000 0.000000 -1
0 -31.339279 0.482640 -33.105434 0.000000 1.000000 -1
0 -31.254807 255.482635 33.131439 1.000000 0.000000 -1
0 -31.254807 0.482640 33.131439 1.000000 1.000000 -1
0 -31.254807 255.482635 33.131439 0.000000 1.000000 -1
0 30.625010 255.482635 33.144566 1.000000 1.000000 -1
0 -31.254807 0.482640 33.131439 0.000000 0.000000 -1
0 30.625010 0.482640 33.144566 1.000000 0.000000 -1
0 -60.000000 118.378464 57.363319 0.000000 0.000000 -1
0 -60.000000 0.253468 57.363319 0.000000 1.000000 -1
0 8.750000 118.378464 57.363319 1.000000 0.000000 -1
0 8.750000 0.253468 57.363319 1.000000 1.000000 -1
0 8.750000 118.378464 57.363319 0.000000 0.000000 -1
0 8.750000 0.253468 57.363319 0.000000 1.000000 -1
0 8.750000 118.378464 -0.136681 1.000000 0.000000 -1
0 8.750000 0.253468 -0.136681 1.000000 1.000000 -1
0 8.750000 118.378464 -0.136681 0.000000 0.000000 -1
0 8.750000 0.253468 -0.136681 0.000000 1.000000 -1
0 -60.000000 118.378464 -0.136681 1.000000 0.000000 -1
0 -60.000000 0.253468 -0.136681 1.000000 1.000000 -1
0 -60.000000 118.378464 -0.136681 0.000000 0.000000 -1
0 -60.000000 0.253468 -0.136681 0.000000 1.000000 -1
0 -60.000000 118.378464 57.363319 1.000000 0.000000 -1
0 -60.000000 0.253468 57.363319 1.000000 1.000000 -1
0 -60.000000 118.378464 57.363319 0.000000 1.000000 -1
0 8.750000 118.378464 57.363319 1.000000 1.000000 -1
0 -60.000000 0.253468 57.363319 0.000000 0.000000 -1
0 8.750000 0.253468 57.363319 1.000000 0.000000 -1
0 -43.750000 96.878471 0.738320 0.000000 0.000000 -1
0 -43.750000 9.378469 0.738320 0.000000 1.000000 -1
0 14.999995 96.878471 0.738320 1.000000 0.000000 -1
0 14.999995 9.378469 0.738320 1.000000 1.000000 -1
0 14.999995 96.878471 0.738320 0.000000 0.000000 -1
0 14.999995 9.378469 0.738320 0.000000 1.000000 -1
0 14.999995 97.128464 -65.136681 1.000000 0.000000 -1
0 14.999995 9.628468 -65.136681 1.000000 1.000000 -1
0 14.999995 97.128464 -65.136681 0.000000 0.000000 -1
0 14.999995 9.628468 -65.136681 0.000000 1.000000 -1
0 -43.750000 97.128464 -65.136681 1.000000 0.000000 -1
0 -43.750000 9.628468 -65.136681 1.000000 1.000000 -1
0 -43.750000 97.128464 -65.136681 0.000000 0.000000 -1
0 -43.750000 9.628468 -65.136681 0.000000 1.000000 -1
0 -43.750000 96.878471 0.738320 1.000000 0.000000 -1
0 -43.750000 9.378469 0.738320 1.000000 1.000000 -1
0 -43.750000 96.878471 0.738320 0.000000 1.000000 -1
0 14.999995 96.878471 0.738320 1.000000 1.000000 -1
0 -43.750000 9.378469 0.738320 0.000000 0.000000 -1
0 14.999995 9.378469 0.738320 1.000000 0.000000 -1
0 -10.411181 169.509415 45.625000 0.000000 0.000000 -1
0 -10.411181 -0.490589 45.625000 0.000000 1.000000 -1
0 55.213818 169.509415 45.625000 1.000000 0.000000 -1
0 55.213818 -0.490589 45.625000 1.000000 1.000000 -1
0 55.213818 169.509415 45.625000 0.000000 0.000000 -1
0 55.213818 -0.490589 45.625000 0.000000 1.000000 -1
0 54.901318 169.509415 -9.687500 1.000000 0.000000 -1
0 54.901318 -0.490589 -9.687500 1.000000 1.000000 -1
0 54.901318 169.509415 -9.687500 0.000000 0.000000 -1
0 54.901318 -0.490589 -9.687500 0.000000 1.000000 -1
0 -10.723681 169.509415 -9.687500 1.000000 0.000000 -1
0 -10.723681 -0.490589 -9.687500 1.000000 1.000000 -1
0 -10.723681 169.509415 -9.687500 0.000000 0.000000 -1
0 -10.723681 -0.490589 -9.687500 0.000000 1.000000 -1
0 -10.411181 169.509415 45.625000 1.000000 0.000000 -1
0 -10.411181 -0.490589 45.625000 1.000000 1.000000 -1
0 -10.411181 169.509415 45.625000 0.000000 1.000000 -1
0 55.213818 169.509415 45.625000 1.000000 1.000000 -1
0 -10.411181 -0.490589 45.625000 0.000000 0.000000 -1
0 55.213818 -0.490589 45.625000 1.000000 0.000000 -1
23
-0.000212 0.000000 1.000000
1.000000 0.000000 0.000726
1.000000 0.000000 0.000726
1.000000 0.000000 0.000727
0.000000 0.000007 -1.000000
-0.000015 0.000004 -1.000000
-0.000029 -0.000000 -1.000000
-0.999999 -0.000008 0.001306
-0.999999 -0.000004 0.001291
-0.999999 0.000000 0.001275
0.000000 1.000000 0.000000
-0.000000 1.000000 0.000000
-0.000000 1.000000 0.000000
0.000000 -1.000000 0.000000
0.000000 0.000000 1.000000
1.000000 0.000000 0.000000
0.000000 0.000000 -1.000000
-1.000000 0.000000 0.000000
0.000000 1.000000 0.000000
0.000000 0.999993 0.003795
0.000000 -0.999993 -0.003795
0.999984 0.000000 -0.005650
-0.999984 0.000000 0.005650
48
0 0 1 2 0 0 0 1
0 1 3 2 0 0 0 1
0 4 5 6 1 2 2 2
0 5 7 6 2 3 2 2
0 8 9 10 4 5 5 1
0 9 11 10 5 6 5 1
0 12 13 14 7 8 8 2
0 13 15 14 8 9 8 2
0 12 16 6 10 11 11 3
0 16 17 6 11 12 11 3
0 18 13 19 13 13 13 3
0 13 7 19 13 13 13 3
0 20 21 22 14 14 14 1
0 21 23 22 14 14 14 1
0 24 25 26 15 15 15 2
0 25 27 26 15 15 15 2
0 28 29 30 16 16 16 1
0 29 31 30 16 16 16 1
0 32 33 34 17 17 17 2
0 33 35 34 17 17 17 2
0 32 36 26 18 18 18 3
0 36 37 26 18 18 18 3
0 38 33 39 13 13 13 3
0 33 27 39 13 13 13 3
0 40 41 42 14 14 14 1
0 41 43 42 14 14 14 1
0 44 45 46 15 15 15 2
0 45 47 46 15 15 15 2
0 48 49 50 16 16 16 1
0 49 51 50 16 16 16 1
0 52 53 54 17 17 17 2
0 53 55 54 17 17 17 2
0 52 56 46 19 19 19 3
0 56 57 46 19 19 19 3
0 58 53 59 20 20 20 3
0 53 47 59 20 20 20 3
0 60 61 62 14 14 14 1
0 61 63 62 14 14 14 1
0 64 65 66 21 21 21 2
0 65 67 66 21 21 21 2
0 68 69 70 16 16 16 1
0 69 71 70 16 16 16 1
0 72 73 74 22 22 22 2
0 73 75 74 22 22 22 2
0 72 76 66 18 18 18 3
0 76 77 66 18 18 18 3
0 78 73 79 13 13 13 3
0 73 67 79 13 13 13 3
"supportboxes" 0 2
60
0 1.654763 9.628470 -52.057312 0.000000 0.000000 -1
0 1.654763 -0.371529 -52.057312 0.000000 1.000000 -1
0 11.654760 9.628470 -52.057312 1.000000 0.000000 -1
0 11.654760 -0.371529 -52.057312 1.000000 1.000000 -1
0 11.654760 9.628470 -52.057312 0.000000 0.000000 -1
0 11.654760 -0.371529 -52.057312 0.000000 1.000000 -1
0 11.654760 9.628470 -62.057312 1.000000 0.000000 -1
0 11.654760 -0.371529 -62.057312 1.000000 1.000000 -1
0 11.654760 9.628470 -62.057312 0.000000 0.000000 -1
0 11.654760 -0.371529 -62.057312 0.000000 1.000000 -1
0 1.654763 9.628470 -62.057312 1.000000 0.000000 -1
0 1.654763 -0.371529 -62.057312 1.000000 1.000000 -1
0 1.654763 9.628470 -62.057312 0.000000 0.000000 -1
0 1.654763 -0.371529 -62.057312 0.000000 1.000000 -1
0 1.654763 9.628470 -52.057312 1.000000 0.000000 -1
0 1.654763 -0.371529 -52.057312 1.000000 1.000000 -1
0 1.654763 9.628470 -52.057312 0.000000 1.000000 -1
0 11.654760 9.628470 -52.057312 1.000000 1.000000 -1
0 1.654763 -0.371529 -52.057312 0.000000 0.000000 -1
0 11.654760 -0.371529 -52.057312 1.000000 0.000000 -1
0 -30.606060 9.628470 -62.079239 1.000000 0.000000 -1
0 -40.606060 -0.371529 -62.079239 0.000000 1.000000 -1
0 -40.606060 9.628470 -62.079239 0.000000 0.000000 -1
0 -30.606060 -0.371529 -62.079239 1.000000 1.000000 -1
0 -30.606060 9.628470 -52.079239 1.000000 0.000000 -1
0 -30.606060 -0.371529 -62.079239 0.000000 1.000000 -1
0 -30.606060 9.628470 -62.079239 0.000000 0.000000 -1
0 -30.606060 -0.371529 -52.079239 1.000000 1.000000 -1
0 -40.606060 9.628470 -52.079239 1.000000 0.000000 -1
0 -30.606060 -0.371529 -52.079239 0.000000 1.000000 -1
0 -30.606060 9.628470 -52.079239 0.000000 0.000000 -1
0 -40.606060 -0.371529 -52.079239 1.000000 1.000000 -1
0 -40.606060 9.628470 -62.079239 1.000000 0.000000 -1
0 -40.606060 -0.371529 -52.079239 0.000000 1.000000 -1
0 -40.606060 9.628470 -52.079239 0.000000 0.000000 -1
0 -40.606060 -0.371529 -62.079239 1.000000 1.000000 -1
0 -40.606060 9.628470 -62.079239 0.000000 1.000000 -1
0 -30.606060 9.628470 -62.079239 1.000000 1.000000 -1
0 -30.606060 -0.371529 -62.079239 1.000000 0.000000 -1
0 -40.606060 -0.371529 -62.079239 0.000000 0.000000 -1
0 -40.741074 9.628471 -4.100966 0.000000 0.000000 -1
0 -40.741074 -0.371529 -4.100966 0.000000 1.000000 -1
0 -30.741072 9.628471 -4.100966 1.000000 0.000000 -1
0 -30.741072 -0.371529 -4.100966 1.000000 1.000000 -1
0 -30.741072 9.628471 -4.100966 0.000000 0.000000 -1
0 -30.741072 -0.371529 -4.100966 0.000000 1.000000 -1
0 -30.741072 9.628471 -14.100966 1.000000 0.000000 -1
0 -30.741072 -0.371529 -14.100966 1.000000 1.000000 -1
0 -30.741072 9.628471 -14.100966 0.000000 0.000000 -1
0 -30.741072 -0.371529 -14.100966 0.000000 1.000000 -1
0 -40.741074 9.628471 -14.100966 1.000000 0.000000 -1
0 -40.741074 -0.371529 -14.100966 1.000000 1.000000 -1
0 -40.741074 9.628471 -14.100966 0.000000 0.000000 -1
0 -40.741074 -0.371529 -14.100966 0.000000 1.000000 -1
0 -40.741074 9.628471 -4.100966 1.000000 0.000000 -1
0 -40.741074 -0.371529 -4.100966 1.000000 1.000000 -1
0 -40.741074 9.628471 -4.100966 0.000000 1.000000 -1
0 -30.741072 9.628471 -4.100966 1.000000 1.000000 -1
0 -40.741074 -0.371529 -4.100966 0.000000 0.000000 -1
0 -30.741072 -0.371529 -4.100966 1.000000 0.000000 -1
6
0.000000 0.000000 1.000000
1.000000 0.000000 0.000000
0.000000 0.000000 -1.000000
-1.000000 0.000000 0.000000
0.000000 1.000000 0.000000
0.000000 -1.000000 0.000000
36
0 0 1 2 0 0 0 1
0 1 3 2 0 0 0 1
0 4 5 6 1 1 1 2
0 5 7 6 1 1 1 2
0 8 9 10 2 2 2 1
0 9 11 10 2 2 2 1
0 12 13 14 3 3 3 2
0 13 15 14 3 3 3 2
0 12 16 6 4 4 4 3
0 16 17 6 4 4 4 3
0 18 13 19 5 5 5 3
0 13 7 19 5 5 5 3
0 20 21 22 2 2 2 1
0 20 23 21 2 2 2 1
0 24 25 26 1 1 1 2
0 24 27 25 1 1 1 2
0 28 29 30 0 0 0 1
0 28 31 29 0 0 0 1
0 32 33 34 3 3 3 2
0 32 35 33 3 3 3 2
0 24 36 34 4 4 4 3
0 24 37 36 4 4 4 3
0 38 33 39 5 5 5 3
0 38 27 33 5 5 5 3
0 40 41 42 0 0 0 1
0 41 43 42 0 0 0 1
0 44 45 46 1 1 1 2
0 45 47 46 1 1 1 2
0 48 49 50 2 2 2 1
0 49 51 50 2 2 2 1
0 52 53 54 3 3 3 2
0 53 55 54 3 3 3 2
0 52 56 46 4 4 4 3
0 56 57 46 4 4 4 3
0 58 53 59 5 5 5 3
0 53 47 59 5 5 5 3
"antennalights" 0 3
178
0 -0.000000 314.936951 13.342192 0.000000 1.000000 -1
0 1.378125 315.306244 13.342192 0.000000 0.833333 -1
0 1.193491 315.306244 14.031256 0.083333 0.833333 -1
0 -0.000000 320.449493 13.342192 0.000000 0.000000 -1
0 1.193491 320.080231 14.031256 0.083333 0.166667 -1
0 1.378125 320.080231 13.342192 0.000000 0.166667 -1
0 -0.000000 314.936951 13.342192 0.083333 1.000000 -1
0 0.689062 315.306244 14.535684 0.166667 0.833333 -1
0 -0.000000 320.449493 13.342192 0.083333 0.000000 -1
0 0.689062 320.080231 14.535684 0.166667 0.166667 -1
0 -0.000000 314.936951 13.342192 0.166667 1.000000 -1
0 0.000000 315.306244 14.720316 0.250000 0.833333 -1
0 -0.000000 320.449493 13.342192 0.166667 0.000000 -1
0 0.000000 320.080231 14.720316 0.250000 0.166667 -1
0 -0.000000 314.936951 13.342192 0.250000 1.000000 -1
0 -0.689062 315.306244 14.535684 0.333333 0.833333 -1
0 -0.000000 320.449493 13.342192 0.250000 0.000000 -1
0 -0.689062 320.080231 14.535684 0.333333 0.166667 -1
0 -0.000000 314.936951 13.342192 0.333333 1.000000 -1
0 -1.193491 315.306244 14.031256 0.416667 0.833333 -1
0 -0.000000 320.449493 13.342192 0.333333 0.000000 -1
0 -1.193491 320.080231 14.031256 0.416667 0.166667 -1
0 -0.000000 314.936951 13.342192 0.416667 1.000000 -1
0 -1.378125 315.306244 13.342192 0.500000 0.833333 -1
0 -0.000000 320.449493 13.342192 0.416667 0.000000 -1
0 -1.378125 320.080231 13.342192 0.500000 0.166667 -1
0 -0.000000 314.936951 13.342192 0.500000 1.000000 -1
0 -1.193491 315.306244 12.653130 0.583333 0.833333 -1
0 -0.000000 320.449493 13.342192 0.500000 0.000000 -1
0 -1.193491 320.080231 12.653130 0.583333 0.166667 -1
0 -0.000000 314.936951 13.342192 0.583333 1.000000 -1
0 -0.689062 315.306244 12.148701 0.666667 0.833333 -1
0 -0.000000 320.449493 13.342192 0.583333 0.000000 -1
0 -0.689062 320.080231 12.148701 0.666667 0.166667 -1
0 -0.000000 314.936951 13.342192 0.666667 1.000000 -1
0 -0.000000 315.306244 11.964067 0.750000 0.833333 -1
0 -0.000000 320.449493 13.342192 0.666667 0.000000 -1
0 -0.000000 320.080231 11.964067 0.750000 0.166667 -1
0 -0.000000 314.936951 13.342192 0.750000 1.000000 -1
0 0.689062 315.306244 12.148701 0.833333 0.833333 -1
0 -0.000000 320.449493 13.342192 0.750000 0.000000 -1
0 0.689062 320.080231 12.148701 0.833333 0.166667 -1
0 -0.000000 314.936951 13.342192 0.833333 1.000000 -1
0 1.193491 315.306244 12.653130 0.916667 0.833333 -1
0 -0.000000 320.449493 13.342192 0.833333 0.000000 -1
0 1.193491 320.080231 12.653130 0.916667 0.166667 -1
0 -0.000000 314.936951 13.342192 0.916667 1.000000 -1
0 1.378125 315.306244 13.342192 1.000000 0.833333 -1
0 -0.000000 320.449493 13.342192 0.916667 0.000000 -1
0 1.378125 320.080231 13.342192 1.000000 0.166667 -1
0 2.386982 316.315094 13.342192 0.000000 0.666667 -1
0 2.067187 316.315094 14.535684 0.083333 0.666667 -1
0 1.193491 316.315094 15.409380 0.166667 0.666667 -1
0 0.000000 316.315094 15.729175 0.250000 0.666667 -1
0 -1.193491 316.315094 15.409380 0.333333 0.666667 -1
0 -2.067187 316.315094 14.535684 0.416667 0.666667 -1
0 -2.386982 316.315094 13.342192 0.500000 0.666667 -1
0 -2.067187 316.315094 12.148701 0.583333 0.666667 -1
0 -1.193491 316.315094 11.275004 0.666667 0.666667 -1
0 -0.000000 316.315094 10.955210 0.750000 0.666667 -1
0 1.193491 316.315094 11.275004 0.833333 0.666667 -1
0 2.067187 316.315094 12.148701 0.916667 0.666667 -1
0 2.386982 316.315094 13.342192 1.000000 0.666667 -1
0 2.756250 317.693237 13.342192 0.000000 0.500000 -1
0 2.386982 317.693237 14.720316 0.083333 0.500000 -1
0 1.378125 317.693237 15.729175 0.166667 0.500000 -1
0 0.000000 317.693237 16.098442 0.250000 0.500000 -1
0 -1.378125 317.693237 15.729175 0.333333 0.500000 -1
0 -2.386982 317.693237 14.720316 0.416667 0.500000 -1
0 -2.756250 317.693237 13.342192 0.500000 0.500000 -1
0 -2.386982 317.693237 11.964067 0.583333 0.500000 -1
0 -1.378125 317.693237 10.955210 0.666667 0.500000 -1
0 -0.000000 317.693237 10.585942 0.750000 0.500000 -1
0 1.378125 317.693237 10.955210 0.833333 0.500000 -1
0 2.386982 317.693237 11.964067 0.916667 0.500000 -1
0 2.756250 317.693237 13.342192 1.000000 0.500000 -1
0 2.386982 319.071381 13.342192 0.000000 0.333333 -1
0 2.067187 319.071381 14.535684 0.083333 0.333333 -1
0 1.193491 319.071381 15.409380 0.166667 0.333333 -1
0 0.000000 319.071381 15.729175 0.250000 0.333333 -1
0 -1.193491 319.071381 15.409380 0.333333 0.333333 -1
0 -2.067187 319.071381 14.535684 0.416667 0.333333 -1
0 -2.386982 319.071381 13.342192 0.500000 0.333333 -1
0 -2.067187 319.071381 12.148701 0.583333 0.333333 -1
0 -1.193491 319.071381 11.275004 0.666667 0.333333 -1
0 -0.000000 319.071381 10.955210 0.750000 0.333333 -1
0 1.193491 319.071381 11.275004 0.833333 0.333333 -1
0 2.067187 319.071381 12.148701 0.916667 0.333333 -1
0 2.386982 319.071381 13.342192 1.000000 0.333333 -1
0 -0.000000 314.941956 -13.796277 0.000000 1.000000 -1
0 1.378125 315.311218 -13.796277 0.000000 0.833333 -1
0 1.193491 315.311218 -13.107214 0.083333 0.833333 -1
0 -0.000000 320.454468 -13.796277 0.000000 0.000000 -1
0 1.193491 320.085205 -13.107214 0.083333 0.166667 -1
0 1.378125 320.085205 -13.796277 0.000000 0.166667 -1
0 -0.000000 314.941956 -13.796277 0.083333 1.000000 -1
0 0.689062 315.311218 -12.602786 0.166667 0.833333 -1
0 -0.000000 320.454468 -13.796277 0.083333 0.000000 -1
0 0.689062 320.085205 -12.602786 0.166667 0.166667 -1
0 -0.000000 314.941956 -13.796277 0.166667 1.000000 -1
0 0.000000 315.311218 -12.418152 0.250000 0.833333 -1
0 -0.000000 320.454468 -13.796277 0.166667 0.000000 -1
0 0.000000 320.085205 -12.418152 0.250000 0.166667 -1
0 -0.000000 314.941956 -13.796277 0.250000 1.000000 -1
0 -0.689062 315.311218 -12.602786 0.333333 0.833333 -1
0 -0.000000 320.454468 -13.796277 0.250000 0.000000 -1
0 -0.689062 320.085205 -12.602786 0.333333 0.166667 -1
0 -0.000000 314.941956 -13.796277 0.333333 1.000000 -1
0 -1.193491 315.311218 -13.107214 0.416667 0.833333 -1
0 -0.000000 320.454468 -13.796277 0.333333 0.000000 -1
0 -1.193491 320.085205 -13.107214 0.416667 0.166667 -1
0 -0.000000 314.941956 -13.796277 0.416667 1.000000 -1
0 -1.378125 315.311218 -13.796277 0.500000 0.833333 -1
0 -0.000000 320.454468 -13.796277 0.416667 0.000000 -1
0 -1.378125 320.085205 -13.796277 0.500000 0.166667 -1
0 -0.000000 314.941956 -13.796277 0.500000 1.000000 -1
0 -1.193491 315.311218 -14.485340 0.583333 0.833333 -1
0 -0.000000 320.454468 -13.796277 0.500000 0.000000 -1
0 -1.193491 320.085205 -14.485340 0.583333 0.166667 -1
0 -0.000000 314.941956 -13.796277 0.583333 1.000000 -1
0 -0.689062 315.311218 -14.989768 0.666667 0.833333 -1
0 -0.000000 320.454468 -13.796277 0.583333 0.000000 -1
0 -0.689062 320.085205 -14.989768 0.666667 0.166667 -1
0 -0.000000 314.941956 -13.796277 0.666667 1.000000 -1
0 -0.000000 315.311218 -15.174400 0.750000 0.833333 -1
0 -0.000000 320.454468 -13.796277 0.666667 0.000000 -1
0 -0.000000 320.085205 -15.174400 0.750000 0.166667 -1
0 -0.000000 314.941956 -13.796277 0.750000 1.000000 -1
0 0.689062 315.311218 -14.989768 0.833333 0.833333 -1
0 -0.000000 320.454468 -13.796277 0.750000 0.000000 -1
0 0.689062 320.085205 -14.989768 0.833333 0.166667 -1
0 -0.000000 314.941956 -13.796277 0.833333 1.000000 -1
0 1.193491 315.311218 -14.485340 0.916667 0.833333 -1
0 -0.000000 320.454468 -13.796277 0.833333 0.000000 -1
0 1.193491 320.085205 -14.485340 0.916667 0.166667 -1
0 -0.000000 314.941956 -13.796277 0.916667 1.000000 -1
0 1.378125 315.311218 -13.796277 1.000000 0.833333 -1
0 -0.000000 320.454468 -13.796277 0.916667 0.000000 -1
0 1.378125 320.085205 -13.796277 1.000000 0.166667 -1
0 2.386982 316.320068 -13.796277 0.000000 0.666667 -1
0 2.067187 316.320068 -12.602786 0.083333 0.666667 -1
0 1.193491 316.320068 -11.729090 0.166667 0.666667 -1
0 0.000000 316.320068 -11.409294 0.250000 0.666667 -1
0 -1.193491 316.320068 -11.729090 0.333333 0.666667 -1
0 -2.067187 316.320068 -12.602786 0.416667 0.666667 -1
0 -2.386982 316.320068 -13.796277 0.500000 0.666667 -1
0 -2.067187 316.320068 -14.989768 0.583333 0.666667 -1
0 -1.193491 316.320068 -15.863466 0.666667 0.666667 -1
0 -0.000000 316.320068 -16.183260 0.750000 0.666667 -1
0 1.193491 316.320068 -15.863466 0.833333 0.666667 -1
0 2.067187 316.320068 -14.989768 0.916667 0.666667 -1
0 2.386982 316.320068 -13.796277 1.000000 0.666667 -1
0 2.756250 317.698212 -13.796277 0.000000 0.500000 -1
0 2.386982 317.698212 -12.418152 0.083333 0.500000 -1
0 1.378125 317.698212 -11.409294 0.166667 0.500000 -1
0 0.000000 317.698212 -11.040029 0.250000 0.500000 -1
0 -1.378125 317.698212 -11.409294 0.333333 0.500000 -1
0 -2.386982 317.698212 -12.418152 0.416667 0.500000 -1
0 -2.756250 317.698212 -13.796277 0.500000 0.500000 -1
0 -2.386982 317.698212 -15.174400 0.583333 0.500000 -1
0 -1.378125 317.698212 -16.183260 0.666667 0.500000 -1
0 -0.000000 317.698212 -16.552528 0.750000 0.500000 -1
0 1.378125 317.698212 -16.183260 0.833333 0.500000 -1
0 2.386982 317.698212 -15.174403 0.916667 0.500000 -1
0 2.756250 317.698212 -13.796277 1.000000 0.500000 -1
0 2.386982 319.076355 -13.796277 0.000000 0.333333 -1
0 2.067187 319.076355 -12.602786 0.083333 0.333333 -1
0 1.193491 319.076355 -11.729090 0.166667 0.333333 -1
0 0.000000 319.076355 -11.409294 0.250000 0.333333 -1
0 -1.193491 319.076355 -11.729090 0.333333 0.333333 -1
0 -2.067187 319.076355 -12.602786 0.416667 0.333333 -1
0 -2.386982 319.076355 -13.796277 0.500000 0.333333 -1
0 -2.067187 319.076355 -14.989768 0.583333 0.333333 -1
0 -1.193491 319.076355 -15.863466 0.666667 0.333333 -1
0 -0.000000 319.076355 -16.183260 0.750000 0.333333 -1
0 1.193491 319.076355 -15.863466 0.833333 0.333333 -1
0 2.067187 319.076355 -14.989768 0.916667 0.333333 -1
0 2.386982 319.076355 -13.796277 1.000000 0.333333 -1
174
0.258216 -0.963607 0.069189
0.566930 -0.809639 0.151908
0.431486 -0.867041 0.249119
0.258196 0.963612 0.069183
0.431478 0.867046 0.249114
0.566924 0.809643 0.151907
0.189027 -0.963607 0.189027
0.286793 -0.819145 0.496740
0.189012 0.963612 0.189012
0.286790 0.819149 0.496736
0.069188 -0.963607 0.258216
0.000000 -0.867041 0.498237
0.069183 0.963612 0.258196
0.000000 0.867046 0.498228
-0.069188 -0.963607 0.258216
-0.286793 -0.819145 0.496740
-0.069183 0.963612 0.258196
-0.286790 0.819149 0.496736
-0.189027 -0.963607 0.189027
-0.431486 -0.867041 0.249119
-0.189012 0.963612 0.189012
-0.431478 0.867046 0.249114
-0.258216 -0.963607 0.069189
-0.573586 -0.819145 -0.000000
-0.258196 0.963612 0.069183
-0.573581 0.819149 -0.000000
-0.258216 -0.963607 -0.069189
-0.431486 -0.867041 -0.249119
-0.258196 0.963612 -0.069183
-0.431478 0.867046 -0.249114
-0.189027 -0.963607 -0.189027
-0.286793 -0.819145 -0.496740
-0.189012 0.963612 -0.189012
-0.286790 0.819149 -0.496735
-0.069189 -0.963607 -0.258216
0.000000 -0.867041 -0.498237
-0.069183 0.963612 -0.258196
0.000000 0.867046 -0.498228
0.069189 -0.963607 -0.258216
0.286793 -0.819145 -0.496740
0.069183 0.963612 -0.258196
0.286790 0.819149 -0.496735
0.189027 -0.963607 -0.189027
0.431486 -0.867041 -0.249119
0.189012 0.963612 -0.189012
0.431478 0.867046 -0.249114
0.258216 -0.963607 -0.069189
0.566930 -0.809639 -0.151908
0.258196 0.963612 -0.069183
0.566924 0.809643 -0.151907
0.842693 -0.488757 0.225799
0.749141 -0.501714 0.432517
0.432517 -0.501715 0.749141
0.000000 -0.501715 0.865033
-0.432517 -0.501715 0.749141
-0.749141 -0.501714 0.432517
-0.865033 -0.501715 -0.000000
-0.749141 -0.501715 -0.432517
-0.432517 -0.501715 -0.749141
-0.000000 -0.501715 -0.865033
0.432517 -0.501715 -0.749141
0.749141 -0.501715 -0.432517
0.842693 -0.488757 -0.225799
0.965926 0.000000 0.258819
0.866026 0.000000 0.500000
0.500000 0.000000 0.866025
0.000000 0.000000 1.000000
-0.500000 0.000000 0.866025
-0.866026 0.000000 0.500000
-1.000000 0.000000 -0.000000
-0.866025 0.000000 -0.500000
-0.500000 -0.000000 -0.866025
0.000000 0.000000 -1.000000
0.500000 0.000000 -0.866025
0.866025 0.000000 -0.500000
0.965926 0.000000 -0.258819
0.842693 0.488757 0.225799
0.749141 0.501714 0.432517
0.432517 0.501715 0.749141
0.000000 0.501715 0.865033
-0.432517 0.501715 0.749141
-0.749141 0.501714 0.432517
-0.865033 0.501715 -0.000000
-0.749141 0.501715 -0.432517
-0.432517 0.501715 -0.749141
-0.000000 0.501715 -0.865033
0.432517 0.501715 -0.749141
0.749141 0.501715 -0.432517
0.842693 0.488757 -0.225799
0.258196 -0.963612 0.069183
0.566924 -0.809643 0.151907
0.431478 -0.867046 0.249114
0.258196 0.963612 0.069183
0.431478 0.867046 0.249114
0.566924 0.809643 0.151907
0.189012 -0.963612 0.189013
0.286790 -0.819149 0.496735
0.189012 0.963612 0.189013
0.286790 0.819149 0.496735
0.069184 -0.963612 0.258196
0.000000 -0.867046 0.498228
0.069184 0.963612 0.258196
0.000000 0.867046 0.498228
-0.069184 -0.963612 0.258196
-0.286790 -0.819149 0.496735
-0.069184 0.963612 0.258196
-0.286790 0.819149 0.496735
-0.189012 -0.963612 0.189013
-0.431478 -0.867046 0.249114
-0.189012 0.963612 0.189013
-0.431478 0.867046 0.249114
-0.258196 -0.963612 0.069183
-0.573581 -0.819149 0.000000
-0.258196 0.963612 0.069183
-0.573581 0.819149 0.000000
-0.258196 -0.963612 -0.069183
-0.431478 -0.867046 -0.249114
-0.258196 0.963612 -0.069183
-0.431478 0.867046 -0.249114
-0.189012 -0.963612 -0.189013
-0.286790 -0.819149 -0.496735
-0.189012 0.963612 -0.189013
-0.286790 0.819149 -0.496735
-0.069183 -0.963612 -0.258196
0.000000 -0.867046 -0.498228
-0.069183 0.963612 -0.258196
0.000000 0.867046 -0.498228
0.069183 -0.963612 -0.258196
0.286790 -0.819149 -0.496735
0.069183 0.963612 -0.258196
0.286790 0.819149 -0.496735
0.189012 -0.963612 -0.189013
0.431478 -0.867046 -0.249114
0.189012 0.963612 -0.189013
0.431478 0.867046 -0.249114
0.258196 -0.963612 -0.069183
0.566924 -0.809643 -0.151907
0.258196 0.963612 -0.069183
0.566924 0.809643 -0.151907
0.842693 -0.488757 0.225799
0.749141 -0.501715 0.432517
0.432517 -0.501715 0.749141
0.000000 -0.501714 0.865033
-0.432517 -0.501715 0.749141
-0.749141 -0.501715 0.432517
-0.865033 -0.501715 0.000000
-0.749141 -0.501714 -0.432516
-0.432517 -0.501715 -0.749141
0.000000 -0.501715 -0.865033
0.432517 -0.501715 -0.749141
0.749141 -0.501715 -0.432516
0.965926 0.000000 0.258819
0.866025 0.000000 0.500000
0.500000 -0.000000 0.866025
-0.500000 0.000000 0.866025
-0.866025 0.000000 0.500000
-1.000000 -0.000000 -0.000000
-0.866026 0.000000 -0.500000
-0.500000 -0.000000 -0.866025
0.500000 0.000000 -0.866025
0.866025 0.000000 -0.500000
0.965926 0.000000 -0.258819
0.842693 0.488757 0.225799
0.749141 0.501715 0.432517
0.432517 0.501715 0.749141
0.000000 0.501715 0.865033
-0.432517 0.501715 0.749141
-0.749141 0.501715 0.432517
-0.865033 0.501715 0.000000
-0.749141 0.501714 -0.432516
-0.432517 0.501715 -0.749141
0.000000 0.501715 -0.865033
0.432517 0.501715 -0.749141
0.749141 0.501715 -0.432516
240
0 0 1 2 0 1 2 1
0 3 4 5 3 4 5 1
0 6 2 7 6 2 7 1
0 8 9 4 8 9 4 1
0 10 7 11 10 7 11 1
0 12 13 9 12 13 9 1
0 14 11 15 14 11 15 1
0 16 17 13 16 17 13 1
0 18 15 19 18 15 19 1
0 20 21 17 20 21 17 1
0 22 19 23 22 19 23 1
0 24 25 21 24 25 21 1
0 26 23 27 26 23 27 1
0 28 29 25 28 29 25 1
0 30 27 31 30 27 31 1
0 32 33 29 32 33 29 1
0 34 31 35 34 31 35 1
0 36 37 33 36 37 33 1
0 38 35 39 38 35 39 1
0 40 41 37 40 41 37 1
0 42 39 43 42 39 43 1
0 44 45 41 44 45 41 1
0 46 43 47 46 43 47 1
0 48 49 45 48 49 45 1
0 1 50 51 1 50 51 1
0 1 51 2 1 51 2 1
0 2 51 7 2 51 7 1
0 51 52 7 51 52 7 1
0 7 52 53 7 52 53 1
0 7 53 11 7 53 11 1
0 11 53 15 11 53 15 1
0 53 54 15 53 54 15 1
0 15 54 55 15 54 55 1
0 15 55 19 15 55 19 1
0 19 55 23 19 55 23 1
0 55 56 23 55 56 23 1
0 23 56 57 23 56 57 1
0 23 57 27 23 57 27 1
0 27 57 31 27 57 31 1
0 57 58 31 57 58 31 1
0 31 58 59 31 58 59 1
0 31 59 35 31 59 35 1
0 35 59 39 35 59 39 1
0 59 60 39 59 60 39 1
0 39 60 61 39 60 61 1
0 39 61 43 39 61 43 1
0 43 61 47 43 61 47 1
0 61 62 47 61 62 47 1
0 50 63 51 50 63 51 1
0 63 64 51 63 64 51 1
0 51 64 65 51 64 65 1
0 51 65 52 51 65 52 1
0 52 65 53 52 65 53 1
0 65 66 53 65 66 53 1
0 53 66 67 53 66 67 1
0 53 67 54 53 67 54 1
0 54 67 55 54 67 55 1
0 67 68 55 67 68 55 1
0 55 68 69 55 68 69 1
0 55 69 56 55 69 56 1
0 56 69 57 56 69 57 1
0 69 70 57 69 70 57 1
0 57 70 71 57 70 71 1
0 57 71 58 57 71 58 1
0 58 71 59 58 71 59 1
0 71 72 59 71 72 59 1
0 59 72 73 59 72 73 1
0 59 73 60 59 73 60 1
0 60 73 61 60 73 61 1
0 73 74 61 73 74 61 1
0 61 74 75 61 74 75 1
0 61 75 62 61 75 62 1
0 63 76 77 63 76 77 1
0 63 77 64 63 77 64 1
0 64 77 65 64 77 65 1
0 77 78 65 77 78 65 1
0 65 78 79 65 78 79 1
0 65 79 66 65 79 66 1
0 66 79 67 66 79 67 1
0 79 80 67 79 80 67 1
0 67 80 81 67 80 81 1
0 67 81 68 67 81 68 1
0 68 81 69 68 81 69 1
0 81 82 69 81 82 69 1
0 69 82 83 69 82 83 1
0 69 83 70 69 83 70 1
0 70 83 71 70 83 71 1
0 83 84 71 83 84 71 1
0 71 84 85 71 84 85 1
0 71 85 72 71 85 72 1
0 72 85 73 72 85 73 1
0 85 86 73 85 86 73 1
0 73 86 87 73 86 87 1
0 73 87 74 73 87 74 1
0 74 87 75 74 87 75 1
0 87 88 75 87 88 75 1
0 76 5 77 76 5 77 1
0 5 4 77 5 4 77 1
0 77 4 9 77 4 9 1
0 77 9 78 77 9 78 1
0 78 9 79 78 9 79 1
0 9 13 79 9 13 79 1
0 79 13 17 79 13 17 1
0 79 17 80 79 17 80 1
0 80 17 81 80 17 81 1
0 17 21 81 17 21 81 1
0 81 21 25 81 21 25 1
0 81 25 82 81 25 82 1
0 82 25 83 82 25 83 1
0 25 29 83 25 29 83 1
0 83 29 33 83 29 33 1
0 83 33 84 83 33 84 1
0 84 33 85 84 33 85 1
0 33 37 85 33 37 85 1
0 85 37 41 85 37 41 1
0 85 41 86 85 41 86 1
0 86 41 87 86 41 87 1
0 41 45 87 41 45 87 1
0 87 45 49 87 45 49 1
0 87 49 88 87 49 88 1
0 89 90 91 89 90 91 1
0 92 93 94 92 93 94 1
0 95 91 96 95 91 96 1
0 97 98 93 97 98 93 1
0 99 96 100 99 96 100 1
0 101 102 98 101 102 98 1
0 103 100 104 103 100 104 1
0 105 106 102 105 106 102 1
0 107 104 108 107 104 108 1
0 109 110 106 109 110 106 1
0 111 108 112 111 108 112 1
0 113 114 110 113 114 110 1
0 115 112 116 115 112 116 1
0 117 118 114 117 118 114 1
0 119 116 120 119 116 120 1
0 121 122 118 121 122 118 1
0 123 120 124 123 120 124 1
0 125 126 122 125 126 122 1
0 127 124 128 127 124 128 1
0 129 130 126 129 130 126 1
0 131 128 132 131 128 132 1
0 133 134 130 133 134 130 1
0 135 132 136 135 132 136 1
0 137 138 134 137 138 134 1
0 90 139 140 90 139 140 1
0 90 140 91 90 140 91 1
0 91 140 96 91 140 96 1
0 140 141 96 140 141 96 1
0 96 141 142 96 141 142 1
0 96 142 100 96 142 100 1
0 100 142 104 100 142 104 1
0 142 143 104 142 143 104 1
0 104 143 144 104 143 144 1
0 104 144 108 104 144 108 1
0 108 144 112 108 144 112 1
0 144 145 112 144 145 112 1
0 112 145 146 112 145 146 1
0 112 146 116 112 146 116 1
0 116 146 120 116 146 120 1
0 146 147 120 146 147 120 1
0 120 147 148 120 147 148 1
0 120 148 124 120 148 124 1
0 124 148 128 124 148 128 1
0 148 149 128 148 149 128 1
0 128 149 150 128 149 150 1
0 128 150 132 128 150 132 1
0 132 150 136 132 150 136 1
0 150 151 136 150 62 136 1
0 139 152 140 139 151 140 1
0 152 153 140 151 152 140 1
0 140 153 154 140 152 153 1
0 140 154 141 140 153 141 1
0 141 154 142 141 153 142 1
0 154 155 142 153 66 142 1
0 142 155 156 142 66 154 1
0 142 156 143 142 154 143 1
0 143 156 144 143 154 144 1
0 156 157 144 154 155 144 1
0 144 157 158 144 155 156 1
0 144 158 145 144 156 145 1
0 145 158 146 145 156 146 1
0 158 159 146 156 157 146 1
0 146 159 160 146 157 158 1
0 146 160 147 146 158 147 1
0 147 160 148 147 158 148 1
0 160 161 148 158 72 148 1
0 148 161 162 148 72 159 1
0 148 162 149 148 159 149 1
0 149 162 150 149 159 150 1
0 162 163 150 159 160 150 1
0 150 163 164 150 160 161 1
0 150 164 151 150 161 62 1
0 152 165 166 151 162 163 1
0 152 166 153 151 163 152 1
0 153 166 154 152 163 153 1
0 166 167 154 163 164 153 1
0 154 167 168 153 164 165 1
0 154 168 155 153 165 66 1
0 155 168 156 66 165 154 1
0 168 169 156 165 166 154 1
0 156 169 170 154 166 167 1
0 156 170 157 154 167 155 1
0 157 170 158 155 167 156 1
0 170 171 158 167 168 156 1
0 158 171 172 156 168 169 1
0 158 172 159 156 169 157 1
0 159 172 160 157 169 158 1
0 172 173 160 169 170 158 1
0 160 173 174 158 170 171 1
0 160 174 161 158 171 72 1
0 161 174 162 72 171 159 1
0 174 175 162 171 172 159 1
0 162 175 176 159 172 173 1
0 162 176 163 159 173 160 1
0 163 176 164 160 173 161 1
0 176 177 164 173 88 161 1
0 165 94 166 162 94 163 1
0 94 93 166 94 93 163 1
0 166 93 98 163 93 98 1
0 166 98 167 163 98 164 1
0 167 98 168 164 98 165 1
0 98 102 168 98 102 165 1
0 168 102 106 165 102 106 1
0 168 106 169 165 106 166 1
0 169 106 170 166 106 167 1
0 106 110 170 106 110 167 1
0 170 110 114 167 110 114 1
0 170 114 171 167 114 168 1
0 171 114 172 168 114 169 1
0 114 118 172 114 118 169 1
0 172 118 122 169 118 122 1
0 172 122 173 169 122 170 1
0 173 122 174 170 122 171 1
0 122 126 174 122 126 171 1
0 174 126 130 171 126 130 1
0 174 130 175 171 130 172 1
0 175 130 176 172 130 173 1
0 130 134 176 130 134 173 1
0 176 134 138 173 134 138 1
0 176 138 177 173 138 88 1
"roofs" 0 4
24
1 -31.339794 255.972229 33.287643 0.000000 0.000000 -1
1 30.641655 255.972275 33.287598 0.000000 0.000000 -1
1 -31.254997 255.972321 -32.945656 0.000000 0.000000 -1
1 30.631832 255.972275 -32.945713 0.000000 0.000000 -1
1 -31.254807 255.972305 -32.944790 0.000000 0.000000 -1
1 30.641394 255.972351 33.287262 0.000000 0.000000 -1
1 -8.318960 170.347229 44.641819 0.000000 0.000000 -1
1 53.662495 170.347275 44.641769 0.000000 0.000000 -1
1 -8.769884 170.347321 -8.674826 0.000000 0.000000 -1
1 53.116955 170.347275 -8.674883 0.000000 0.000000 -1
1 -8.769689 170.347305 -8.673955 0.000000 0.000000 -1
1 53.662239 170.347351 44.641426 0.000000 0.000000 -1
1 -56.402313 119.097229 55.808472 0.000000 0.000000 -1
1 5.579158 119.097275 55.808426 0.000000 0.000000 -1
1 -56.853233 119.097328 2.491856 0.000000 0.000000 -1
1 5.033618 119.097275 2.491798 0.000000 0.000000 -1
1 -56.853035 119.097305 2.492723 0.000000 0.000000 -1
1 5.578900 119.097351 55.808083 0.000000 0.000000 -1
1 -42.339813 98.055565 -0.420694 0.000000 0.000000 -1
1 13.974991 98.055603 -0.563599 0.000000 0.000000 -1
1 -42.290730 98.055656 -63.737316 0.000000 0.000000 -1
1 13.929453 98.055603 -63.880226 0.000000 0.000000 -1
1 -42.290535 98.055641 -63.736450 0.000000 0.000000 -1
1 13.974733 98.055679 -0.563942 0.000000 0.000000 -1
8
-0.000001 1.000000 0.000001
0.000000 1.000000 -0.000001
-0.000001 1.000000 0.000002
0.000000 1.000000 -0.000001
-0.000001 1.000000 0.000002
0.000000 1.000000 -0.000001
-0.000001 1.000000 0.000001
0.000001 1.000000 -0.000001
8
1 0 1 2 0 0 0 1
1 3 4 5 1 1 1 1
1 6 7 8 2 2 2 1
1 9 10 11 3 3 3 1
1 12 13 14 4 4 4 1
1 15 16 17 5 5 5 1
1 18 19 20 6 6 6 1
1 21 22 23 7 7 7 1

Materials: 5
"antenna"
0.200000 0.200000 0.200000 1.000000
0.800000 0.800000 0.800000 1.000000
0.000000 0.000000 0.000000 1.000000
0.000000 0.000000 0.000000 1.000000
0.000000
1.000000
".\antenna.bmp"
""
"frame"
0.200000 0.200000 0.200000 1.000000
0.800000 0.800000 0.800000 1.000000
0.000000 0.000000 0.000000 1.000000
0.000000 0.000000 0.000000 1.000000
0.000000
1.000000
".\window.bmp"
""
"grey"
0.200000 0.200000 0.200000 1.000000
0.800000 0.800000 0.800000 1.000000
0.000000 0.000000 0.000000 1.000000
0.000000 0.000000 0.000000 1.000000
0.000000
1.000000
".\grey.bmp"
""
"red"
0.200000 0.200000 0.200000 1.000000
0.800000 0.800000 0.800000 1.000000
0.000000 0.000000 0.000000 1.000000
0.000000 0.000000 0.000000 1.000000
0.000000
1.000000
".\red.bmp"
""
"black"
0.200000 0.200000 0.200000 1.000000
0.800000 0.800000 0.800000 1.000000
0.000000 0.000000 0.000000 1.000000
0.000000 0.000000 0.000000 1.000000
0.000000
1.000000
".\black.bmp"
""

Bones: 0
